398       421        23        17
406       431        25         7
36       436       400         2
32       423       391        15
397       424        27        14
430       436         6         2
396       404         8        34
35       425       390        13
415       419         4        19
396       419        23        19
422       434        12         4
408       417         9        21
433       437         4         1
42       386       344        52
420       433        13         5
424       435        11         3
434       436         2         2
429       432         3         6
399       417        18        21
434       436         2         2
425       426         1        12
431       432         1         6
408       411         3        27
431       432         1         6
419       425         6        13
407       435        28         3
423       430         7         8
431       437         6         1
421       437        16         1
409       437        28         1
414       432        18         6
405       431        26         7
426       431         5         7
428       436         8         2
24       436       412         2
436       437         1         1
403       419        16        19
415       431        16         7
389       429        40         9
20       437       417         1
407       417        10        21
21       437       416         1
409       424        15        14
429       437         8         1
422       433        11         5
415       429        14         9
394       402         8        36
396       412        16        26
420       435        15         3
4        13         9       425
425       437        12         1
412       435        23         3
430       433         3         5
402       404         2        34
381       429        48         9
372       431        59         7
427       428         1        10
404       414        10        24
423       434        11         4
422       426         4        12
424       428         4        10
431       432         1         6
420       433        13         5
424       426         2        12
261       412       151        26
413       421         8        17
403       410         7        28
420       429         9         9
36       429       393         9
36       433       397         5
419       435        16         3
405       435        30         3
15        23         8       415
423       431         8         7
257       434       177         4
418       430        12         8
428       429         1         9
433       437         4         1
36       427       391        11
435       436         1         2
419       423         4        15
430       431         1         7
430       433         3         5
385       437        52         1
400       412        12        26
35       430       395         8
406       425        19        13
407       431        24         7
429       431         2         7
421       427         6        11
421       432        11         6
409       430        21         8
424       437        13         1
427       436         9         2
394       437        43         1
398       436        38         2
396       430        34         8
401       431        30         7
424       437        13         1
381       404        23        34
423       424         1        14
408       426        18        12
420       435        15         3
430       431         1         7
433       437         4         1
428       430         2         8
402       433        31         5
405       431        26         7
429       437         8         1
394       404        10        34
416       436        20         2
436       437         1         1
418       422         4        16
435       436         1         2
421       427         6        11
398       432        34         6
391       408        17        30
391       433        42         5
403       427        24        11
399       427        28        11
39       431       392         7
41       436       395         2
388       420        32        18
431       432         1         6
407       431        24         7
42       433       391         5
416       433        17         5
422       430         8         8
412       430        18         8
39       430       391         8
236       421       185        17
23       431       408         7
25       429       404         9
42       429       387         9
421       426         5        12
29       418       389        20
394       421        27        17
431       436         5         2
421       433        12         5
423       425         2        13
427       429         2         9
255       437       182         1
436       437         1         1
19       432       413         6
424       428         4        10
424       437        13         1
30       437       407         1
41       435       394         3
419       437        18         1
420       426         6        12
391       426        35        12
388       437        49         1
261       434       173         4
409       423        14        15
418       433        15         5
33       427       394        11
430       434         4         4
422       429         7         9
391       434        43         4
435       436         1         2
420       431        11         7
25       433       408         5
419       437        18         1
427       430         3         8
43       437       394         1
432       433         1         5
407       421        14        17
427       428         1        10
27       433       406         5
432       437         5         1
414       425        11        13
426       430         4         8
420       428         8        10
40       436       396         2
413       437        24         1
423       431         8         7
415       432        17         6
414       428        14        10
402       433        31         5
428       430         2         8
416       425         9        13
402       435        33         3
420       425         5        13
434       436         2         2
435       436         1         2
416       426        10        12
40       437       397         1
424       435        11         3
433       436         3         2
420       430        10         8
413       421         8        17
397       419        22        19
419       427         8        11
19       437       418         1
26       437       411         1
435       437         2         1
412       416         4        22
429       435         6         3
409       429        20         9
38       431       393         7
405       436        31         2
412       423        11        15
373       430        57         8
412       421         9        17
422       431         9         7
436       437         1         1
432       434         2         4
15       436       421         2
254       420       166        18
13       411       398        27
418       426         8        12
427       435         8         3
420       435        15         3
427       433         6         5
408       436        28         2
406       415         9        23
427       432         5         6
426       432         6         6
432       435         3         3
377       436        59         2
432       436         4         2
405       425        20        13
433       434         1         4
395       436        41         2
18       428       410        10
225       434       209         4
434       435         1         3
413       428        15        10
34       432       398         6
435       437         2         1
405       421        16        17
405       423        18        15
401       414        13        24
219       423       204        15
412       437        25         1
33       428       395        10
7       421       414        17
43       435       392         3
414       418         4        20
14       435       421         3
410       420        10        18
416       426        10        12
432       435         3         3
425       430         5         8
423       436        13         2
419       434        15         4
389       436        47         2
33       433       400         5
257       434       177         4
357       419        62        19
40       433       393         5
416       422         6        16
403       405         2        33
425       431         6         7
425       431         6         7
432       434         2         4
39       428       389        10
430       431         1         7
413       437        24         1
379       422        43        16
420       424         4        14
43       434       391         4
219       414       195        24
42       417       375        21
43       424       381        14
435       437         2         1
420       437        17         1
418       421         3        17
394       428        34        10
34       435       401         3
422       434        12         4
418       423         5        15
411       423        12        15
427       429         2         9
425       437        12         1
418       428        10        10
407       419        12        19
420       434        14         4
417       430        13         8
412       430        18         8
426       430         4         8
430       432         2         6
436       437         1         1
435       437         2         1
393       414        21        24
416       429        13         9
417       436        19         2
421       424         3        14
430       435         5         3
428       435         7         3
429       433         4         5
3       431       428         7
422       437        15         1
429       430         1         8
15       431       416         7
420       423         3        15
414       427        13        11
414       420         6        18
419       435        16         3
413       431        18         7
430       434         4         4
429       437         8         1
411       422        11        16
406       419        13        19
432       437         5         1
373       421        48        17
34       423       389        15
414       418         4        20
262       414       152        24
433       435         2         3
418       435        17         3
388       434        46         4
39       413       374        25
417       437        20         1
420       435        15         3
422       424         2        14
414       425        11        13
420       424         4        14
431       436         5         2
415       425        10        13
422       431         9         7
412       435        23         3
389       406        17        32
37       435       398         3
37       423       386        15
218       417       199        21
417       419         2        19
34       431       397         7
432       435         3         3
401       423        22        15
420       427         7        11
28       413       385        25
412       430        18         8
436       437         1         1
434       436         2         2
436       437         1         1
431       434         3         4
430       437         7         1
420       432        12         6
414       433        19         5
421       437        16         1
332       431        99         7
427       437        10         1
34       429       395         9
424       432         8         6
35       436       401         2
414       427        13        11
431       433         2         5
414       419         5        19
429       434         5         4
424       429         5         9
429       436         7         2
433       437         4         1
430       433         3         5
422       423         1        15
436       437         1         1
417       433        16         5
424       436        12         2
400       432        32         6
432       437         5         1
435       437         2         1
422       426         4        12
424       429         5         9
428       436         8         2
26       432       406         6
419       429        10         9
427       432         5         6
397       428        31        10
379       419        40        19
35       430       395         8
417       428        11        10
42       437       395         1
422       434        12         4
434       437         3         1
431       437         6         1
411       428        17        10
429       432         3         6
434       436         2         2
426       428         2        10
428       429         1         9
28       434       406         4
262       434       172         4
428       431         3         7
37       407       370        31
432       435         3         3
256       422       166        16
421       428         7        10
415       424         9        14
409       429        20         9
428       435         7         3
38       430       392         8
400       408         8        30
22       420       398        18
37       435       398         3
367       393        26        45
432       435         3         3
422       430         8         8
426       435         9         3
405       407         2        31
422       432        10         6
431       436         5         2
407       431        24         7
262       417       155        21
410       416         6        22
423       436        13         2
38       436       398         2
353       432        79         6
414       429        15         9
386       434        48         4
425       434         9         4
405       433        28         5
38       429       391         9
36       427       391        11
406       436        30         2
414       429        15         9
407       429        22         9
33       433       400         5
398       421        23        17
429       437         8         1
432       434         2         4
413       437        24         1
435       436         1         2
417       422         5        16
416       424         8        14
432       434         2         4
424       437        13         1
421       423         2        15
428       436         8         2
416       427        11        11
420       434        14         4
11       430       419         8
409       424        15        14
406       420        14        18
422       432        10         6
429       430         1         8
434       435         1         3
391       430        39         8
421       433        12         5
393       434        41         4
433       436         3         2
425       433         8         5
421       437        16         1
436       437         1         1
363       429        66         9
411       428        17        10
412       436        24         2
18       431       413         7
417       436        19         2
418       433        15         5
433       435         2         3
408       414         6        24
428       437         9         1
428       432         4         6
418       424         6        14
428       437         9         1
403       414        11        24
404       411         7        27
426       431         5         7
432       436         4         2
405       431        26         7
36       426       390        12
416       427        11        11
239       436       197         2
436       437         1         1
412       434        22         4
403       426        23        12
37       436       399         2
431       433         2         5
41       435       394         3
390       430        40         8
416       426        10        12
429       435         6         3
414       428        14        10
422       426         4        12
416       423         7        15
422       436        14         2
219       406       187        32
414       427        13        11
408       422        14        16
402       407         5        31
406       413         7        25
417       426         9        12
407       414         7        24
380       409        29        29
28       429       401         9
25       431       406         7
39       430       391         8
376       425        49        13
399       423        24        15
424       433         9         5
27       435       408         3
428       437         9         1
435       436         1         2
20       417       397        21
435       436         1         2
381       423        42        15
35       436       401         2
37       437       400         1
425       429         4         9
404       420        16        18
430       432         2         6
426       433         7         5
398       436        38         2
27       436       409         2
432       433         1         5
413       431        18         7
403       423        20        15
30       436       406         2
427       428         1        10
432       437         5         1
239       389       150        49
409       427        18        11
417       430        13         8
422       434        12         4
420       431        11         7
413       435        22         3
417       430        13         8
417       420         3        18
403       406         3        32
427       429         2         9
432       437         5         1
429       433         4         5
408       418        10        20
390       437        47         1
345       427        82        11
420       434        14         4
415       435        20         3
423       425         2        13
426       434         8         4
397       403         6        35
394       411        17        27
404       425        21        13
36       422       386        16
32       423       391        15
429       434         5         4
432       435         3         3
414       425        11        13
433       436         3         2
417       418         1        20
41       409       368        29
41       430       389         8
435       436         1         2
393       437        44         1
430       437         7         1
420       423         3        15
406       411         5        27
418       421         3        17
428       432         4         6
431       435         4         3
409       416         7        22
417       433        16         5
430       432         2         6
427       428         1        10
433       435         2         3
433       437         4         1
405       416        11        22
405       413         8        25
422       432        10         6
218       405       187        33
397       421        24        17
434       437         3         1
34       437       403         1
404       423        19        15
419       428         9        10
420       428         8        10
411       437        26         1
29        31         2       407
416       426        10        12
419       435        16         3
423       436        13         2
430       436         6         2
421       432        11         6
421       424         3        14
418       427         9        11
419       424         5        14
396       431        35         7
40       258       218       180
406       430        24         8
431       437         6         1
411       436        25         2
428       436         8         2
411       414         3        24
421       431        10         7
19       429       410         9
410       432        22         6
436       437         1         1
434       436         2         2
410       437        27         1
420       433        13         5
430       436         6         2
428       432         4         6
32       416       384        22
17       407       390        31
4       434       430         4
426       435         9         3
432       435         3         3
432       435         3         3
432       436         4         2
400       436        36         2
423       435        12         3
404       428        24        10
408       424        16        14
432       434         2         4
432       435         3         3
412       434        22         4
425       437        12         1
21       434       413         4
402       426        24        12
431       437         6         1
410       428        18        10
420       431        11         7
410       431        21         7
401       435        34         3
433       434         1         4
413       422         9        16
416       437        21         1
28       397       369        41
417       435        18         3
412       425        13        13
408       420        12        18
416       419         3        19
422       430         8         8
406       437        31         1
414       437        23         1
35       437       402         1
411       433        22         5
411       426        15        12
39       435       396         3
412       422        10        16
12       431       419         7
432       437         5         1
415       435        20         3
416       417         1        21
425       436        11         2
406       435        29         3
431       434         3         4
426       427         1        11
413       419         6        19
427       432         5         6
432       434         2         4
408       431        23         7
405       409         4        29
429       435         6         3
418       434        16         4
430       433         3         5
414       436        22         2
20       436       416         2
422       434        12         4
417       436        19         2
420       431        11         7
424       425         1        13
401       427        26        11
420       423         3        15
39       429       390         9
423       434        11         4
420       436        16         2
409       437        28         1
416       437        21         1
432       433         1         5
402       425        23        13
394       436        42         2
422       423         1        15
432       436         4         2
434       437         3         1
432       437         5         1
401       436        35         2
386       411        25        27
426       434         8         4
422       423         1        15
426       429         3         9
403       421        18        17
416       436        20         2
428       432         4         6
427       437        10         1
394       430        36         8
33       436       403         2
385       409        24        29
424       432         8         6
433       434         1         4
434       436         2         2
420       421         1        17
423       424         1        14
435       437         2         1
386       428        42        10
433       435         2         3
261       421       160        17
424       429         5         9
436       437         1         1
428       432         4         6
422       425         3        13
426       431         5         7
428       430         2         8
424       426         2        12
421       437        16         1
430       431         1         7
433       435         2         3
38       411       373        27
393       433        40         5
432       437         5         1
426       435         9         3
435       436         1         2
425       436        11         2
419       422         3        16
33       426       393        12
432       435         3         3
23       430       407         8
418       437        19         1
42       436       394         2
428       434         6         4
31       428       397        10
407       435        28         3
402       426        24        12
373       413        40        25
37       435       398         3
3       430       427         8
410       421        11        17
259       435       176         3
407       409         2        29
410       412         2        26
409       434        25         4
434       435         1         3
40       436       396         2
429       433         4         5
432       434         2         4
422       437        15         1
262       420       158        18
427       429         2         9
411       437        26         1
399       402         3        36
425       432         7         6
33       436       403         2
432       437         5         1
420       424         4        14
407       420        13        18
416       435        19         3
421       429         8         9
405       407         2        31
39       434       395         4
430       431         1         7
431       436         5         2
242       433       191         5
404       413         9        25
382       433        51         5
428       435         7         3
410       435        25         3
406       434        28         4
377       432        55         6
435       436         1         2
36       421       385        17
432       437         5         1
415       436        21         2
404       412         8        26
436       437         1         1
11       411       400        27
393       437        44         1
35       399       364        39
23       400       377        38
420       433        13         5
414       437        23         1
261       417       156        21
419       423         4        15
420       429         9         9
422       437        15         1
430       435         5         3
406       414         8        24
36       436       400         2
414       436        22         2
218       435       217         3
350       407        57        31
429       434         5         4
433       435         2         3
419       429        10         9
430       433         3         5
410       437        27         1
436       437         1         1
413       435        22         3
432       436         4         2
433       437         4         1
432       435         3         3
421       433        12         5
414       433        19         5
423       433        10         5
8       249       241       189
262       420       158        18
398       425        27        13
433       435         2         3
406       414         8        24
424       427         3        11
411       431        20         7
395       414        19        24
419       429        10         9
408       431        23         7
355       425        70        13
430       434         4         4
428       434         6         4
431       435         4         3
425       427         2        11
402       417        15        21
422       436        14         2
40       434       394         4
244       370       126        68
407       435        28         3
429       434         5         4
32       432       400         6
433       437         4         1
42       422       380        16
431       432         1         6
418       432        14         6
26        28         2       410
434       435         1         3
427       437        10         1
416       424         8        14
410       436        26         2
43       424       381        14
412       419         7        19
402       404         2        34
261       429       168         9
425       428         3        10
372       436        64         2
436       437         1         1
385       429        44         9
427       433         6         5
431       435         4         3
436       437         1         1
413       424        11        14
396       424        28        14
25       434       409         4
431       435         4         3
428       431         3         7
408       427        19        11
428       429         1         9
432       433         1         5
420       437        17         1
396       417        21        21
430       435         5         3
427       428         1        10
391       437        46         1
36       433       397         5
410       432        22         6
400       429        29         9
409       433        24         5
426       435         9         3
425       428         3        10
37       434       397         4
424       431         7         7
433       437         4         1
429       430         1         8
416       431        15         7
382       434        52         4
426       431         5         7
407       419        12        19
43       427       384        11
427       437        10         1
421       429         8         9
427       434         7         4
432       434         2         4
408       427        19        11
433       435         2         3
419       437        18         1
424       436        12         2
419       429        10         9
423       435        12         3
430       432         2         6
22       425       403        13
36       435       399         3
427       429         2         9
421       426         5        12
422       433        11         5
424       426         2        12
408       425        17        13
433       434         1         4
423       432         9         6
27       419       392        19
411       420         9        18
41       434       393         4
427       428         1        10
241       416       175        22
423       428         5        10
414       417         3        21
435       436         1         2
420       434        14         4
415       437        22         1
416       417         1        21
41       423       382        15
429       432         3         6
259       394       135        44
399       408         9        30
412       436        24         2
218       434       216         4
425       428         3        10
42       391       349        47
403       405         2        33
417       432        15         6
432       434         2         4
429       436         7         2
400       426        26        12
425       436        11         2
399       428        29        10
421       430         9         8
407       419        12        19
411       436        25         2
402       435        33         3
412       433        21         5
404       406         2        32
426       431         5         7
43       437       394         1
259       429       170         9
20       433       413         5
425       427         2        11
373       416        43        22
33       424       391        14
406       418        12        20
407       418        11        20
413       415         2        23
36        40         4       398
40       422       382        16
418       424         6        14
418       436        18         2
436       437         1         1
21        35        14       403
409       436        27         2
259       435       176         3
426       435         9         3
22       424       402        14
5       435       430         3
422       430         8         8
414       425        11        13
43       436       393         2
403       422        19        16
420       421         1        17
37       414       377        24
432       434         2         4
414       427        13        11
418       430        12         8
433       437         4         1
419       436        17         2
433       437         4         1
36       420       384        18
436       437         1         1
404       431        27         7
435       437         2         1
420       432        12         6
405       429        24         9
408       435        27         3
402       433        31         5
433       434         1         4
386       435        49         3
30       427       397        11
432       435         3         3
411       412         1        26
254       434       180         4
432       435         3         3
414       422         8        16
420       430        10         8
417       437        20         1
253       434       181         4
40       427       387        11
43       430       387         8
394       434        40         4
1       428       427        10
417       436        19         2
420       430        10         8
416       421         5        17
424       428         4        10
429       432         3         6
38       401       363        37
413       435        22         3
436       437         1         1
421       430         9         8
397       436        39         2
432       437         5         1
428       430         2         8
403       435        32         3
424       425         1        13
41       430       389         8
419       435        16         3
415       424         9        14
409       428        19        10
416       437        21         1
396       402         6        36
21       437       416         1
427       430         3         8
401       415        14        23
24       434       410         4
407       432        25         6
435       437         2         1
34       418       384        20
421       437        16         1
435       436         1         2
218       436       218         2
433       436         3         2
38       435       397         3
406       437        31         1
420       435        15         3
430       431         1         7
31       434       403         4
435       436         1         2
42       437       395         1
42       435       393         3
31       422       391        16
