157       334       177         5
322       329         7        10
325       333         8         6
314       322         8        17
336       338         2         1
334       337         3         2
319       331        12         8
285       337        52         2
329       330         1         9
279       337        58         2
337       338         1         1
329       330         1         9
28       334       306         5
323       326         3        13
24        31         7       308
333       334         1         5
183       329       146        10
327       336         9         3
328       331         3         8
331       338         7         1
326       335         9         4
329       335         6         4
332       333         1         6
322       333        11         6
332       338         6         1
21       325       304        14
325       335        10         4
331       335         4         4
335       337         2         2
327       329         2        10
320       330        10         9
323       338        15         1
335       337         2         2
314       337        23         2
321       337        16         2
309       336        27         3
324       335        11         4
328       332         4         7
23       331       308         8
316       317         1        22
11       331       320         8
335       336         1         3
24       336       312         3
333       338         5         1
320       332        12         7
329       332         3         7
309       335        26         4
326       336        10         3
320       329         9        10
328       333         5         6
155       338       183         1
335       337         2         2
331       338         7         1
332       336         4         3
325       330         5         9
19       307       288        32
327       337        10         2
329       330         1         9
334       337         3         2
312       318         6        21
327       336         9         3
324       333         9         6
320       328         8        11
320       337        17         2
333       335         2         4
332       338         6         1
332       336         4         3
333       334         1         5
158       338       180         1
25       332       307         7
329       336         7         3
332       335         3         4
326       335         9         4
2       338       336         1
30       336       306         3
322       327         5        12
325       337        12         2
333       337         4         2
322       332        10         7
25       337       312         2
329       338         9         1
334       338         4         1
325       336        11         3
295       335        40         4
328       338        10         1
333       336         3         3
327       333         6         6
334       337         3         2
28       338       310         1
155       333       178         6
300       326        26        13
323       336        13         3
331       334         3         5
327       335         8         4
22       333       311         6
329       333         4         6
154       333       179         6
327       335         8         4
334       337         3         2
333       335         2         4
327       337        10         2
323       335        12         4
26       326       300        13
323       329         6        10
318       334        16         5
308       334        26         5
326       330         4         9
325       333         8         6
326       338        12         1
332       336         4         3
328       335         7         4
331       335         4         4
31       314       283        25
332       337         5         2
331       332         1         7
329       338         9         1
18       326       308        13
28       334       306         5
29       337       308         2
31       337       306         2
320       336        16         3
331       335         4         4
181       337       156         2
13       327       314        12
332       336         4         3
300       324        24        15
333       335         2         4
318       333        15         6
333       334         1         5
332       335         3         4
328       330         2         9
328       338        10         1
18       336       318         3
330       332         2         7
286       335        49         4
319       338        19         1
309       320        11        19
323       337        14         2
323       332         9         7
329       336         7         3
158       333       175         6
326       335         9         4
334       338         4         1
305       330        25         9
324       331         7         8
323       328         5        11
320       327         7        12
326       335         9         4
334       338         4         1
335       338         3         1
326       336        10         3
24       337       313         2
331       333         2         6
26       333       307         6
1       338       337         1
216       221         5       118
324       334        10         5
334       336         2         3
330       338         8         1
164       336       172         3
329       332         3         7
318       334        16         5
323       338        15         1
315       323         8        16
335       338         3         1
333       335         2         4
187       328       141        11
218       320       102        19
317       328        11        11
337       338         1         1
326       336        10         3
331       338         7         1
12       336       324         3
324       325         1        14
209       337       128         2
336       338         2         1
329       338         9         1
190       334       144         5
335       337         2         2
27       335       308         4
328       329         1        10
328       338        10         1
327       336         9         3
332       336         4         3
329       334         5         5
306       332        26         7
325       337        12         2
319       337        18         2
184       335       151         4
332       338         6         1
324       325         1        14
30       335       305         4
318       322         4        17
326       338        12         1
314       320         6        19
319       326         7        13
178       314       136        25
21       332       311         7
321       332        11         7
330       333         3         6
337       338         1         1
325       326         1        13
305       331        26         8
3       333       330         6
331       333         2         6
326       327         1        12
30       150       120       189
331       338         7         1
321       338        17         1
323       332         9         7
325       333         8         6
329       338         9         1
337       338         1         1
327       334         7         5
299       335        36         4
315       331        16         8
329       338         9         1
330       334         4         5
25       335       310         4
333       338         5         1
157       334       177         5
158       330       172         9
186       328       142        11
323       333        10         6
328       332         4         7
317       338        21         1
322       338        16         1
332       335         3         4
313       333        20         6
220       334       114         5
31       318       287        21
318       322         4        17
334       338         4         1
28       333       305         6
330       334         4         5
329       336         7         3
326       336        10         3
325       331         6         8
326       337        11         2
326       330         4         9
328       330         2         9
332       337         5         2
332       333         1         6
329       338         9         1
301       331        30         8
176       337       161         2
327       330         3         9
313       338        25         1
326       337        11         2
155       334       179         5
326       337        11         2
337       338         1         1
324       331         7         8
337       338         1         1
326       338        12         1
329       333         4         6
26       336       310         3
334       338         4         1
328       329         1        10
191       329       138        10
22       337       315         2
327       334         7         5
27       328       301        11
331       336         5         3
335       336         1         3
322       328         6        11
313       336        23         3
206       338       132         1
21       338       317         1
329       333         4         6
158       325       167        14
30       338       308         1
331       338         7         1
323       337        14         2
330       335         5         4
333       336         3         3
333       338         5         1
212       323       111        16
330       335         5         4
159       337       178         2
333       335         2         4
318       334        16         5
315       337        22         2
29       336       307         3
30       332       302         7
159       336       177         3
322       336        14         3
327       334         7         5
333       336         3         3
328       335         7         4
323       328         5        11
222       332       110         7
327       333         6         6
311       321        10        18
27       324       297        15
329       331         2         8
323       331         8         8
328       329         1        10
330       333         3         6
305       338        33         1
324       338        14         1
322       323         1        16
334       337         3         2
323       332         9         7
313       337        24         2
311       330        19         9
336       338         2         1
24       325       301        14
327       334         7         5
182       334       152         5
324       329         5        10
186       331       145         8
30       327       297        12
328       329         1        10
325       333         8         6
336       338         2         1
324       332         8         7
29       327       298        12
330       335         5         4
324       326         2        13
331       333         2         6
325       331         6         8
337       338         1         1
319       338        19         1
325       338        13         1
318       337        19         2
321       329         8        10
325       328         3        11
329       333         4         6
334       336         2         3
304       333        29         6
219       330       111         9
331       336         5         3
311       336        25         3
324       338        14         1
330       333         3         6
166       330       164         9
317       330        13         9
317       318         1        21
326       331         5         8
329       332         3         7
189       317       128        22
326       338        12         1
333       335         2         4
331       337         6         2
322       330         8         9
323       337        14         2
30       338       308         1
329       331         2         8
29       335       306         4
214       338       124         1
21       314       293        25
156       328       172        11
337       338         1         1
333       337         4         2
337       338         1         1
154       314       160        25
321       338        17         1
318       334        16         5
337       338         1         1
331       337         6         2
335       338         3         1
332       333         1         6
316       338        22         1
324       334        10         5
333       337         4         2
320       334        14         5
329       330         1         9
330       335         5         4
332       333         1         6
21       212       191       127
16       337       321         2
326       330         4         9
317       338        21         1
330       337         7         2
336       338         2         1
310       338        28         1
322       334        12         5
325       335        10         4
325       336        11         3
325       337        12         2
30       335       305         4
329       336         7         3
322       335        13         4
335       336         1         3
331       335         4         4
322       325         3        14
324       337        13         2
333       336         3         3
183       329       146        10
31       335       304         4
320       334        14         5
319       332        13         7
307       330        23         9
336       337         1         2
333       338         5         1
332       334         2         5
326       337        11         2
328       338        10         1
327       335         8         4
22       326       304        13
331       337         6         2
317       319         2        20
28       335       307         4
310       328        18        11
188       336       148         3
328       337         9         2
324       336        12         3
312       331        19         8
330       333         3         6
316       338        22         1
326       329         3        10
218       337       119         2
334       337         3         2
334       335         1         4
327       328         1        11
325       332         7         7
290       336        46         3
318       329        11        10
333       337         4         2
309       324        15        15
322       332        10         7
312       325        13        14
157       330       173         9
317       327        10        12
297       332        35         7
328       334         6         5
334       337         3         2
318       336        18         3
328       331         3         8
156       325       169        14
331       333         2         6
181       186         5       153
254       333        79         6
18       337       319         2
319       336        17         3
221       337       116         2
335       338         3         1
213       336       123         3
158       221        63       118
320       338        18         1
294       332        38         7
329       330         1         9
321       338        17         1
317       338        21         1
326       337        11         2
309       325        16        14
334       338         4         1
334       335         1         4
30       336       306         3
220       322       102        17
331       338         7         1
332       336         4         3
315       336        21         3
321       335        14         4
310       336        26         3
326       333         7         6
335       336         1         3
20       332       312         7
187       333       146         6
323       326         3        13
27       323       296        16
28       330       302         9
330       331         1         8
308       328        20        11
329       335         6         4
11       338       327         1
323       335        12         4
326       338        12         1
324       335        11         4
319       337        18         2
23       328       305        11
314       324        10        15
26       337       311         2
320       335        15         4
329       337         8         2
223       337       114         2
334       337         3         2
326       329         3        10
315       323         8        16
29       320       291        19
190       323       133        16
223       333       110         6
314       337        23         2
184       336       152         3
331       336         5         3
327       334         7         5
319       330        11         9
322       335        13         4
16       335       319         4
154       327       173        12
322       338        16         1
333       334         1         5
317       335        18         4
332       335         3         4
319       330        11         9
320       325         5        14
336       337         1         2
328       333         5         6
319       321         2        18
27        29         2       310
292       310        18        29
313       330        17         9
19       337       318         2
334       335         1         4
181       337       156         2
29       336       307         3
332       338         6         1
326       334         8         5
190       332       142         7
158       330       172         9
322       331         9         8
152       330       178         9
21       335       314         4
14       337       323         2
332       336         4         3
25       331       306         8
28       337       309         2
334       335         1         4
302       336        34         3
335       337         2         2
326       337        11         2
312       337        25         2
331       337         6         2
320       331        11         8
324       336        12         3
331       333         2         6
321       336        15         3
325       337        12         2
336       338         2         1
12       337       325         2
31       313       282        26
336       338         2         1
332       333         1         6
319       326         7        13
303       325        22        14
323       335        12         4
22       330       308         9
323       335        12         4
329       335         6         4
327       330         3         9
20       338       318         1
323       338        15         1
318       338        20         1
326       332         6         7
31       331       300         8
330       336         6         3
182       332       150         7
328       338        10         1
309       324        15        15
322       332        10         7
328       338        10         1
27       337       310         2
191       334       143         5
328       332         4         7
320       334        14         5
335       338         3         1
305       333        28         6
310       338        28         1
325       334         9         5
314       321         7        18
322       336        14         3
332       338         6         1
334       336         2         3
331       337         6         2
203       315       112        24
336       337         1         2
325       331         6         8
331       337         6         2
308       327        19        12
313       337        24         2
335       337         2         2
17       330       313         9
324       325         1        14
316       336        20         3
311       338        27         1
30       333       303         6
21       335       314         4
336       338         2         1
310       327        17        12
317       319         2        20
21       335       314         4
329       333         4         6
322       334        12         5
335       337         2         2
334       337         3         2
183       338       155         1
18       320       302        19
27       336       309         3
324       338        14         1
336       337         1         2
328       331         3         8
325       336        11         3
330       336         6         3
323       331         8         8
318       338        20         1
328       338        10         1
309       329        20        10
334       338         4         1
325       328         3        11
337       338         1         1
332       335         3         4
176       332       156         7
335       338         3         1
323       330         7         9
333       334         1         5
320       336        16         3
324       330         6         9
336       337         1         2
319       336        17         3
328       330         2         9
332       338         6         1
323       328         5        11
323       337        14         2
324       333         9         6
336       337         1         2
329       338         9         1
332       335         3         4
30       335       305         4
153       337       184         2
324       334        10         5
337       338         1         1
15       337       322         2
328       338        10         1
334       338         4         1
318       324         6        15
325       334         9         5
330       334         4         5
333       335         2         4
331       334         3         5
332       337         5         2
329       331         2         8
333       338         5         1
328       338        10         1
320       336        16         3
335       336         1         3
326       327         1        12
319       338        19         1
325       329         4        10
325       338        13         1
28       337       309         2
322       327         5        12
321       338        17         1
26       337       311         2
319       337        18         2
332       338         6         1
26       337       311         2
330       334         4         5
319       321         2        18
327       337        10         2
319       337        18         2
331       336         5         3
319       326         7        13
336       338         2         1
329       331         2         8
330       335         5         4
315       337        22         2
335       336         1         3
333       334         1         5
320       334        14         5
335       337         2         2
334       336         2         3
334       336         2         3
316       334        18         5
153       159         6       180
312       328        16        11
335       338         3         1
327       333         6         6
321       332        11         7
215       337       122         2
320       338        18         1
30       337       307         2
315       334        19         5
188       332       144         7
318       337        19         2
324       329         5        10
323       336        13         3
319       332        13         7
328       336         8         3
336       338         2         1
29       336       307         3
318       336        18         3
321       331        10         8
190       329       139        10
332       336         4         3
320       336        16         3
330       334         4         5
157       319       162        20
330       331         1         8
335       337         2         2
326       334         8         5
320       331        11         8
328       337         9         2
307       337        30         2
156       220        64       119
326       330         4         9
335       338         3         1
332       336         4         3
336       338         2         1
30       337       307         2
318       336        18         3
315       336        21         3
337       338         1         1
296       331        35         8
331       332         1         7
190       329       139        10
330       333         3         6
332       337         5         2
334       335         1         4
327       330         3         9
27       333       306         6
331       334         3         5
326       331         5         8
324       338        14         1
335       338         3         1
332       338         6         1
332       333         1         6
154       338       184         1
330       332         2         7
286       334        48         5
327       338        11         1
185       330       145         9
302       335        33         4
336       338         2         1
328       338        10         1
329       336         7         3
159       337       178         2
210       335       125         4
329       338         9         1
211       335       124         4
328       331         3         8
333       338         5         1
337       338         1         1
223       337       114         2
324       333         9         6
21       334       313         5
328       338        10         1
309       338        29         1
158       337       179         2
332       338         6         1
329       335         6         4
218       336       118         3
31       301       270        38
328       337         9         2
19       326       307        13
321       332        11         7
333       336         3         3
334       336         2         3
334       338         4         1
26       334       308         5
328       337         9         2
324       337        13         2
334       337         3         2
315       318         3        21
322       337        15         2
322       332        10         7
323       328         5        11
29       333       304         6
25       338       313         1
320       334        14         5
206       331       125         8
154       285       131        54
321       328         7        11
324       325         1        14
22       332       310         7
328       331         3         8
334       336         2         3
330       331         1         8
334       338         4         1
331       332         1         7
323       334        11         5
326       330         4         9
337       338         1         1
325       334         9         5
180       337       157         2
27       303       276        36
323       333        10         6
325       332         7         7
335       337         2         2
333       336         3         3
328       336         8         3
333       338         5         1
320       338        18         1
300       338        38         1
334       335         1         4
322       338        16         1
322       330         8         9
328       338        10         1
336       338         2         1
330       333         3         6
27       338       311         1
329       334         5         5
219       329       110        10
335       338         3         1
335       337         2         2
305       326        21        13
330       336         6         3
307       329        22        10
322       331         9         8
19       222       203       117
317       334        17         5
296       333        37         6
326       333         7         6
315       331        16         8
330       333         3         6
329       335         6         4
319       330        11         9
16       308       292        31
191       335       144         4
303       326        23        13
332       333         1         6
320       326         6        13
332       333         1         6
333       338         5         1
330       337         7         2
30       315       285        24
330       332         2         7
159       308       149        31
330       332         2         7
328       332         4         7
334       337         3         2
337       338         1         1
329       332         3         7
327       338        11         1
189       333       144         6
320       330        10         9
26       333       307         6
212       326       114        13
298       338        40         1
327       332         5         7
323       335        12         4
325       338        13         1
330       336         6         3
334       336         2         3
25       333       308         6
321       332        11         7
313       328        15        11
335       338         3         1
17        22         5       317
319       327         8        12
336       338         2         1
333       338         5         1
328       334         6         5
326       328         2        11
318       338        20         1
328       333         5         6
328       334         6         5
328       331         3         8
328       331         3         8
314       338        24         1
294       338        44         1
335       336         1         3
325       335        10         4
26       333       307         6
23       336       313         3
29       329       300        10
26       147       121       192
323       332         9         7
323       328         5        11
332       334         2         5
329       336         7         3
321       328         7        11
320       321         1        18
301       337        36         2
21       331       310         8
218       336       118         3
336       337         1         2
20       334       314         5
333       337         4         2
183       328       145        11
331       336         5         3
282       338        56         1
333       338         5         1
331       338         7         1
334       335         1         4
330       337         7         2
159       326       167        13
331       338         7         1
327       336         9         3
333       335         2         4
331       336         5         3
28       338       310         1
332       337         5         2
27       337       310         2
328       336         8         3
336       338         2         1
324       332         8         7
26       330       304         9
331       333         2         6
327       329         2        10
186       337       151         2
337       338         1         1
327       328         1        11
158       333       175         6
329       333         4         6
333       336         3         3
314       335        21         4
326       330         4         9
329       335         6         4
185       317       132        22
331       335         4         4
332       335         3         4
333       337         4         2
223       328       105        11
324       337        13         2
330       331         1         8
155       334       179         5
337       338         1         1
27       336       309         3
328       336         8         3
332       333         1         6
334       337         3         2
203       337       134         2
25       323       298        16
317       329        12        10
335       338         3         1
326       327         1        12
332       336         4         3
319       322         3        17
316       338        22         1
321       325         4        14
332       338         6         1
336       338         2         1
188       277        89        62
314       333        19         6
321       331        10         8
323       334        11         5
324       329         5        10
316       331        15         8
327       336         9         3
318       334        16         5
337       338         1         1
189       333       144         6
308       324        16        15
333       337         4         2
156       338       182         1
326       334         8         5
22       335       313         4
203       335       132         4
324       335        11         4
334       337         3         2
329       335         6         4
221       336       115         3
288       337        49         2
335       338         3         1
183       316       133        23
329       337         8         2
334       337         3         2
323       338        15         1
332       337         5         2
326       338        12         1
330       333         3         6
325       328         3        11
324       335        11         4
317       330        13         9
328       331         3         8
331       337         6         2
320       328         8        11
18       321       303        18
332       338         6         1
299       314        15        25
335       338         3         1
308       335        27         4
152       335       183         4
329       334         5         5
205       334       129         5
328       330         2         9
335       336         1         3
325       336        11         3
335       337         2         2
320       336        16         3
325       332         7         7
308       336        28         3
330       333         3         6
326       332         6         7
332       338         6         1
330       334         4         5
321       338        17         1
336       338         2         1
15       210       195       129
328       331         3         8
324       332         8         7
325       337        12         2
330       337         7         2
327       329         2        10
331       337         6         2
302       328        26        11
159       335       176         4
220       322       102        17
31       336       305         3
318       322         4        17
151       337       186         2
220       334       114         5
332       336         4         3
315       330        15         9
333       336         3         3
332       337         5         2
316       335        19         4
308       330        22         9
327       337        10         2
