30       334       304         5
336       338         2         1
317       332        15         7
220       333       113         6
337       338         1         1
31       337       306         2
190       326       136        13
336       338         2         1
330       336         6         3
29       332       303         7
329       334         5         5
329       338         9         1
154       338       184         1
331       338         7         1
311       335        24         4
28       326       298        13
332       338         6         1
329       335         6         4
177       330       153         9
327       334         7         5
328       335         7         4
330       336         6         3
315       317         2        22
327       330         3         9
17       338       321         1
25       338       313         1
329       334         5         5
317       338        21         1
316       338        22         1
315       332        17         7
324       328         4        11
330       338         8         1
186       337       151         2
331       334         3         5
332       337         5         2
15       190       175       149
190       324       134        15
190       314       124        25
321       337        16         2
304       331        27         8
317       329        12        10
321       328         7        11
323       326         3        13
315       321         6        18
325       332         7         7
316       330        14         9
329       334         5         5
311       326        15        13
26       326       300        13
321       337        16         2
322       323         1        16
323       335        12         4
336       338         2         1
334       337         3         2
159       335       176         4
335       338         3         1
17       335       318         4
333       335         2         4
316       338        22         1
321       335        14         4
324       338        14         1
326       334         8         5
217       335       118         4
336       338         2         1
326       327         1        12
191       331       140         8
327       332         5         7
152       326       174        13
296       319        23        20
335       338         3         1
305       329        24        10
323       332         9         7
335       336         1         3
333       338         5         1
155       336       181         3
323       335        12         4
331       338         7         1
323       328         5        11
157       332       175         7
312       334        22         5
336       338         2         1
313       325        12        14
332       338         6         1
304       337        33         2
326       330         4         9
325       336        11         3
326       337        11         2
223       331       108         8
305       312         7        27
329       337         8         2
311       336        25         3
28       338       310         1
330       337         7         2
329       332         3         7
332       333         1         6
319       329        10        10
306       315         9        24
22        23         1       316
187       338       151         1
319       333        14         6
336       337         1         2
331       332         1         7
30       337       307         2
23       327       304        12
19       338       319         1
24       328       304        11
31       338       307         1
305       333        28         6
15       333       318         6
332       338         6         1
322       330         8         9
332       336         4         3
333       338         5         1
334       337         3         2
329       337         8         2
322       323         1        16
22       328       306        11
188       336       148         3
156       320       164        19
328       337         9         2
328       336         8         3
329       337         8         2
334       338         4         1
327       328         1        11
335       337         2         2
336       338         2         1
328       338        10         1
328       338        10         1
8       335       327         4
324       333         9         6
187       326       139        13
320       338        18         1
334       336         2         3
185       333       148         6
28       338       310         1
327       333         6         6
333       338         5         1
334       336         2         3
307       331        24         8
311       334        23         5
332       335         3         4
323       334        11         5
335       338         3         1
327       338        11         1
279       330        51         9
321       336        15         3
329       338         9         1
21       334       313         5
316       336        20         3
223       336       113         3
332       337         5         2
322       328         6        11
323       330         7         9
321       337        16         2
336       337         1         2
321       338        17         1
336       338         2         1
327       336         9         3
288       326        38        13
334       335         1         4
223       334       111         5
323       329         6        10
330       335         5         4
334       338         4         1
329       333         4         6
20        31        11       308
320       336        16         3
324       325         1        14
323       327         4        12
330       332         2         7
325       338        13         1
330       336         6         3
332       333         1         6
334       338         4         1
324       337        13         2
334       335         1         4
313       317         4        22
29       338       309         1
332       333         1         6
330       336         6         3
319       323         4        16
332       337         5         2
307       337        30         2
309       333        24         6
324       336        12         3
28       171       143       168
326       330         4         9
190       328       138        11
327       333         6         6
334       338         4         1
337       338         1         1
332       338         6         1
335       337         2         2
14       335       321         4
333       338         5         1
324       333         9         6
316       326        10        13
30       330       300         9
328       337         9         2
332       336         4         3
326       336        10         3
185       338       153         1
328       335         7         4
321       336        15         3
27       335       308         4
323       328         5        11
181       325       144        14
326       336        10         3
211       338       127         1
156       333       177         6
310       335        25         4
31       333       302         6
333       334         1         5
328       330         2         9
324       328         4        11
27       159       132       180
325       336        11         3
14       327       313        12
184       325       141        14
31       329       298        10
21       330       309         9
219       338       119         1
333       338         5         1
216       328       112        11
159       315       156        24
335       336         1         3
335       338         3         1
315       319         4        20
333       337         4         2
222       337       115         2
316       334        18         5
337       338         1         1
186       329       143        10
333       338         5         1
182       331       149         8
155       183        28       156
221       327       106        12
328       337         9         2
327       331         4         8
324       325         1        14
321       336        15         3
328       338        10         1
336       337         1         2
333       335         2         4
316       331        15         8
151       212        61       127
334       337         3         2
314       329        15        10
327       331         4         8
306       338        32         1
336       338         2         1
327       338        11         1
284       328        44        11
326       328         2        11
322       329         7        10
318       337        19         2
16       325       309        14
334       335         1         4
328       337         9         2
322       328         6        11
332       334         2         5
189       313       124        26
330       336         6         3
332       336         4         3
335       336         1         3
309       324        15        15
328       334         6         5
310       335        25         4
329       335         6         4
330       335         5         4
326       338        12         1
334       335         1         4
336       337         1         2
335       338         3         1
333       335         2         4
323       334        11         5
323       334        11         5
320       328         8        11
317       327        10        12
29       337       308         2
323       327         4        12
215       327       112        12
334       338         4         1
297       329        32        10
327       331         4         8
335       336         1         3
331       338         7         1
324       336        12         3
324       332         8         7
322       332        10         7
328       333         5         6
329       330         1         9
305       337        32         2
319       334        15         5
327       337        10         2
323       337        14         2
211       331       120         8
323       336        13         3
307       328        21        11
216       337       121         2
332       334         2         5
326       331         5         8
334       336         2         3
326       327         1        12
324       335        11         4
309       327        18        12
335       337         2         2
317       334        17         5
166       329       163        10
333       337         4         2
215       293        78        46
26       333       307         6
332       334         2         5
21       321       300        18
30       333       303         6
325       337        12         2
331       337         6         2
330       338         8         1
187       314       127        25
303       335        32         4
319       335        16         4
337       338         1         1
158       336       178         3
308       330        22         9
319       338        19         1
330       335         5         4
184       336       152         3
24       327       303        12
318       328        10        11
297       338        41         1
326       336        10         3
190       330       140         9
330       333         3         6
317       326         9        13
170       306       136        33
311       336        25         3
329       338         9         1
321       335        14         4
29       332       303         7
31       317       286        22
336       337         1         2
330       332         2         7
336       337         1         2
332       334         2         5
334       336         2         3
331       337         6         2
329       335         6         4
336       337         1         2
331       338         7         1
201       327       126        12
316       327        11        12
328       329         1        10
337       338         1         1
326       334         8         5
206       333       127         6
335       337         2         2
185       337       152         2
332       334         2         5
333       336         3         3
320       328         8        11
335       338         3         1
334       336         2         3
158       317       159        22
328       329         1        10
187       333       146         6
331       333         2         6
326       327         1        12
331       336         5         3
333       336         3         3
322       323         1        16
30       336       306         3
30       334       304         5
333       335         2         4
320       337        17         2
328       337         9         2
316       333        17         6
330       332         2         7
332       334         2         5
328       330         2         9
302       335        33         4
318       327         9        12
329       338         9         1
31       337       306         2
323       333        10         6
327       330         3         9
25       337       312         2
333       338         5         1
334       335         1         4
322       323         1        16
334       336         2         3
327       328         1        11
320       335        15         4
155       334       179         5
331       337         6         2
329       338         9         1
31       316       285        23
334       336         2         3
308       338        30         1
321       331        10         8
18       334       316         5
329       331         2         8
333       338         5         1
326       332         6         7
183       208        25       131
325       328         3        11
327       336         9         3
337       338         1         1
30       331       301         8
318       337        19         2
335       337         2         2
17       337       320         2
323       338        15         1
322       333        11         6
315       331        16         8
223       333       110         6
334       337         3         2
19       333       314         6
187       334       147         5
331       334         3         5
327       332         5         7
326       332         6         7
334       335         1         4
335       338         3         1
335       337         2         2
155       325       170        14
325       335        10         4
324       329         5        10
24       308       284        31
329       336         7         3
321       326         5        13
323       328         5        11
322       336        14         3
23       337       314         2
328       338        10         1
323       333        10         6
333       335         2         4
183       330       147         9
324       330         6         9
14       332       318         7
182       323       141        16
20       322       302        17
327       333         6         6
22       331       309         8
315       337        22         2
325       335        10         4
223       325       102        14
327       333         6         6
178       326       148        13
325       337        12         2
324       334        10         5
316       324         8        15
326       338        12         1
333       337         4         2
309       322        13        17
332       333         1         6
333       338         5         1
337       338         1         1
20       325       305        14
319       336        17         3
336       338         2         1
29       278       249        61
329       338         9         1
325       328         3        11
331       333         2         6
336       338         2         1
328       337         9         2
217       334       117         5
331       336         5         3
154       334       180         5
155       337       182         2
319       324         5        15
183       330       147         9
314       324        10        15
331       337         6         2
325       337        12         2
327       337        10         2
323       338        15         1
324       331         7         8
31       315       284        24
183       334       151         5
332       336         4         3
327       333         6         6
316       337        21         2
321       338        17         1
322       327         5        12
331       333         2         6
180       316       136        23
324       337        13         2
15       324       309        15
335       337         2         2
321       334        13         5
308       313         5        26
216       338       122         1
332       333         1         6
316       322         6        17
178       337       159         2
328       338        10         1
187       330       143         9
334       336         2         3
331       334         3         5
325       338        13         1
181       338       157         1
26       169       143       170
290       322        32        17
337       338         1         1
22       337       315         2
24       336       312         3
336       337         1         2
320       327         7        12
329       331         2         8
331       333         2         6
334       336         2         3
328       338        10         1
326       335         9         4
185       336       151         3
26       331       305         8
325       333         8         6
216       330       114         9
322       333        11         6
322       334        12         5
312       338        26         1
321       324         3        15
24       159       135       180
22       338       316         1
217       324       107        15
329       333         4         6
322       328         6        11
336       337         1         2
332       333         1         6
31       319       288        20
29       188       159       151
326       338        12         1
326       337        11         2
208       323       115        16
320       334        14         5
330       338         8         1
147       222        75       117
328       334         6         5
320       324         4        15
329       335         6         4
19       337       318         2
24       329       305        10
301       336        35         3
21       325       304        14
28       332       304         7
329       335         6         4
311       336        25         3
302       330        28         9
157       338       181         1
331       332         1         7
331       335         4         4
320       333        13         6
329       338         9         1
327       333         6         6
317       326         9        13
30       319       289        20
307       335        28         4
331       332         1         7
332       336         4         3
196       335       139         4
331       335         4         4
330       338         8         1
332       338         6         1
334       335         1         4
14       337       323         2
312       338        26         1
319       337        18         2
309       326        17        13
334       337         3         2
323       326         3        13
331       336         5         3
319       337        18         2
323       338        15         1
216       329       113        10
29       336       307         3
335       336         1         3
333       336         3         3
31       316       285        23
318       338        20         1
301       323        22        16
317       338        21         1
332       334         2         5
30       331       301         8
335       336         1         3
307       332        25         7
17       330       313         9
16       330       314         9
337       338         1         1
309       335        26         4
156       337       181         2
329       330         1         9
327       333         6         6
332       335         3         4
186       334       148         5
322       329         7        10
31       327       296        12
189       333       144         6
322       326         4        13
336       337         1         2
288       334        46         5
317       331        14         8
5       338       333         1
326       338        12         1
147       338       191         1
324       327         3        12
190       337       147         2
29       338       309         1
323       326         3        13
327       328         1        11
22       327       305        12
147       333       186         6
335       336         1         3
335       338         3         1
327       328         1        11
148       329       181        10
318       330        12         9
316       330        14         9
327       328         1        11
324       327         3        12
31       326       295        13
322       332        10         7
313       317         4        22
315       333        18         6
321       337        16         2
27       334       307         5
218       336       118         3
317       334        17         5
304       330        26         9
218       334       116         5
333       335         2         4
328       338        10         1
152       336       184         3
333       334         1         5
325       337        12         2
16       335       319         4
324       336        12         3
334       336         2         3
311       331        20         8
318       331        13         8
336       338         2         1
302       320        18        19
2       331       329         8
332       334         2         5
330       333         3         6
27       335       308         4
319       331        12         8
330       336         6         3
23       329       306        10
156       337       181         2
31       337       306         2
157       329       172        10
334       335         1         4
331       332         1         7
321       331        10         8
210       322       112        17
159       326       167        13
337       338         1         1
330       338         8         1
23       325       302        14
329       335         6         4
328       338        10         1
189       323       134        16
321       333        12         6
329       336         7         3
28       188       160       151
332       334         2         5
31       336       305         3
334       335         1         4
333       338         5         1
310       328        18        11
307       335        28         4
155       338       183         1
318       332        14         7
336       337         1         2
329       338         9         1
31       337       306         2
323       338        15         1
330       338         8         1
329       331         2         8
330       332         2         7
315       325        10        14
25       330       305         9
326       331         5         8
328       337         9         2
330       334         4         5
150       321       171        18
215       336       121         3
295       336        41         3
185       331       146         8
326       338        12         1
326       329         3        10
329       335         6         4
27       333       306         6
328       329         1        10
336       338         2         1
320       325         5        14
334       336         2         3
327       336         9         3
320       337        17         2
322       324         2        15
329       331         2         8
300       330        30         9
28       332       304         7
331       332         1         7
306       329        23        10
320       329         9        10
330       336         6         3
336       338         2         1
336       337         1         2
26       335       309         4
336       337         1         2
315       338        23         1
329       334         5         5
321       338        17         1
330       338         8         1
207       330       123         9
318       324         6        15
17        28        11       311
333       338         5         1
332       337         5         2
30       337       307         2
325       328         3        11
327       338        11         1
25       332       307         7
335       338         3         1
320       324         4        15
189       337       148         2
328       332         4         7
337       338         1         1
19       338       319         1
16       326       310        13
219       338       119         1
333       338         5         1
330       332         2         7
330       332         2         7
335       337         2         2
333       338         5         1
155       323       168        16
27       328       301        11
155       338       183         1
329       333         4         6
319       335        16         4
335       338         3         1
25       327       302        12
285       332        47         7
337       338         1         1
215       329       114        10
324       336        12         3
321       335        14         4
327       338        11         1
311       332        21         7
298       338        40         1
316       334        18         5
150       331       181         8
332       335         3         4
320       335        15         4
331       338         7         1
14       319       305        20
317       338        21         1
154       331       177         8
335       337         2         2
321       338        17         1
323       337        14         2
324       330         6         9
319       333        14         6
330       336         6         3
334       338         4         1
189       331       142         8
211       338       127         1
213       328       115        11
325       333         8         6
331       336         5         3
333       335         2         4
158       323       165        16
321       337        16         2
313       317         4        22
328       336         8         3
25       337       312         2
336       338         2         1
335       336         1         3
327       333         6         6
333       336         3         3
312       333        21         6
325       330         5         9
328       338        10         1
323       333        10         6
191       337       146         2
332       338         6         1
304       320        16        19
29       336       307         3
188       336       148         3
337       338         1         1
333       338         5         1
329       338         9         1
332       338         6         1
328       334         6         5
184       321       137        18
324       335        11         4
319       327         8        12
156       332       176         7
327       337        10         2
328       338        10         1
326       333         7         6
333       334         1         5
299       337        38         2
322       323         1        16
335       338         3         1
310       329        19        10
337       338         1         1
31       338       307         1
19       338       319         1
21       331       310         8
23       331       308         8
327       338        11         1
322       329         7        10
329       338         9         1
326       329         3        10
335       338         3         1
333       336         3         3
318       335        17         4
147       320       173        19
320       334        14         5
311       335        24         4
318       334        16         5
223       333       110         6
317       337        20         2
336       338         2         1
326       337        11         2
332       337         5         2
31       335       304         4
313       331        18         8
331       333         2         6
26       337       311         2
324       325         1        14
325       338        13         1
172       333       161         6
305       328        23        11
303       331        28         8
20       335       315         4
335       338         3         1
331       338         7         1
306       321        15        18
331       333         2         6
316       323         7        16
335       336         1         3
314       321         7        18
31       333       302         6
31       337       306         2
314       332        18         7
251       327        76        12
325       336        11         3
318       336        18         3
336       337         1         2
321       326         5        13
335       337         2         2
336       338         2         1
328       338        10         1
334       338         4         1
332       335         3         4
326       328         2        11
326       335         9         4
318       335        17         4
331       333         2         6
307       331        24         8
311       333        22         6
331       338         7         1
21       320       299        19
154       325       171        14
324       334        10         5
328       332         4         7
328       331         3         8
330       338         8         1
328       329         1        10
205       334       129         5
182       336       154         3
333       338         5         1
182       330       148         9
325       332         7         7
334       336         2         3
29       332       303         7
330       335         5         4
148       316       168        23
327       338        11         1
329       335         6         4
333       335         2         4
219       315        96        24
299       338        39         1
26       317       291        22
330       337         7         2
337       338         1         1
333       334         1         5
326       337        11         2
322       332        10         7
318       323         5        16
321       322         1        17
332       337         5         2
331       338         7         1
314       338        24         1
336       337         1         2
324       334        10         5
159       331       172         8
326       336        10         3
330       334         4         5
333       334         1         5
185       333       148         6
310       335        25         4
30       337       307         2
10       338       328         1
327       336         9         3
30       334       304         5
311       336        25         3
333       336         3         3
333       337         4         2
24       328       304        11
324       338        14         1
334       338         4         1
333       336         3         3
30       332       302         7
336       337         1         2
330       331         1         8
330       335         5         4
319       335        16         4
336       338         2         1
334       337         3         2
321       337        16         2
210       338       128         1
318       329        11        10
319       332        13         7
320       329         9        10
330       337         7         2
326       334         8         5
191       335       144         4
10       338       328         1
29       334       305         5
30       337       307         2
332       334         2         5
316       331        15         8
24       338       314         1
336       338         2         1
322       332        10         7
336       338         2         1
335       336         1         3
31       320       289        19
307       331        24         8
323       329         6        10
328       329         1        10
329       336         7         3
333       337         4         2
315       338        23         1
322       331         9         8
333       338         5         1
222       336       114         3
336       337         1         2
326       336        10         3
29       336       307         3
311       323        12        16
332       333         1         6
319       328         9        11
223       309        86        30
326       337        11         2
325       338        13         1
337       338         1         1
332       337         5         2
333       336         3         3
317       336        19         3
326       337        11         2
331       333         2         6
334       338         4         1
335       337         2         2
324       336        12         3
328       338        10         1
191       330       139         9
148       338       190         1
329       332         3         7
330       331         1         8
313       329        16        10
335       336         1         3
336       338         2         1
29       334       305         5
324       334        10         5
283       338        55         1
28       336       308         3
328       335         7         4
317       334        17         5
333       335         2         4
27       332       305         7
319       328         9        11
154       328       174        11
325       334         9         5
329       336         7         3
331       338         7         1
324       334        10         5
217       322       105        17
321       335        14         4
176       333       157         6
191       335       144         4
325       335        10         4
322       328         6        11
317       324         7        15
190       330       140         9
