264       274        10         1
225       274        49         1
264       270         6         5
271       273         2         2
270       272         2         3
262       274        12         1
254       266        12         9
261       273        12         2
14       159       145       116
262       274        12         1
269       270         1         5
28        31         3       244
257       266         9         9
272       274         2         1
251       272        21         3
253       271        18         4
272       273         1         2
269       271         2         4
265       269         4         6
271       273         2         2
258       265         7        10
267       274         7         1
252       269        17         6
266       268         2         7
271       273         2         2
273       274         1         1
262       268         6         7
264       268         4         7
260       262         2        13
253       269        16         6
254       272        18         3
260       273        13         2
251       269        18         6
269       274         5         1
157       263       106        12
262       272        10         3
267       269         2         6
265       273         8         2
151       274       123         1
261       271        10         4
159       265       106        10
260       274        14         1
270       271         1         4
258       271        13         4
259       273        14         2
260       261         1        14
241       271        30         4
263       269         6         6
273       274         1         1
247       263        16        12
257       271        14         4
150       270       120         5
27       272       245         3
260       270        10         5
247       272        25         3
235       265        30        10
269       271         2         4
261       273        12         2
264       265         1        10
14       272       258         3
270       271         1         4
16       274       258         1
26       274       248         1
246       261        15        14
273       274         1         1
272       274         2         1
260       268         8         7
264       272         8         3
255       266        11         9
264       270         6         5
11       270       259         5
265       274         9         1
270       274         4         1
271       274         3         1
264       271         7         4
261       264         3        11
31       268       237         7
263       268         5         7
271       274         3         1
18       268       250         7
256       265         9        10
255       267        12         8
28       271       243         4
261       272        11         3
269       273         4         2
31       269       238         6
159       272       113         3
263       271         8         4
268       273         5         2
270       272         2         3
26       262       236        13
271       274         3         1
270       272         2         3
260       274        14         1
273       274         1         1
18       265       247        10
252       270        18         5
265       269         4         6
268       272         4         3
264       270         6         5
260       272        12         3
27       272       245         3
272       274         2         1
237       274        37         1
258       270        12         5
224       255        31        20
266       267         1         8
265       268         3         7
249       269        20         6
267       273         6         2
266       267         1         8
266       272         6         3
262       268         6         7
263       273        10         2
260       266         6         9
262       273        11         2
269       273         4         2
27       271       244         4
242       271        29         4
264       271         7         4
268       273         5         2
272       273         1         2
159       274       115         1
245       267        22         8
261       262         1        13
272       273         1         2
255       266        11         9
269       274         5         1
262       269         7         6
258       267         9         8
262       265         3        10
262       269         7         6
258       271        13         4
266       269         3         6
268       269         1         6
258       262         4        13
263       274        11         1
234       250        16        25
157       265       108        10
26       270       244         5
264       274        10         1
262       265         3        10
262       271         9         4
273       274         1         1
246       272        26         3
256       266        10         9
31       266       235         9
247       274        27         1
262       264         2        11
268       271         3         4
264       271         7         4
272       273         1         2
266       267         1         8
250       261        11        14
30       266       236         9
262       264         2        11
255       271        16         4
31       152       121       123
257       273        16         2
269       272         3         3
259       260         1        15
269       273         4         2
253       256         3        19
22       273       251         2
254       258         4        17
236       254        18        21
17       269       252         6
263       271         8         4
268       272         4         3
263       267         4         8
273       274         1         1
256       274        18         1
253       257         4        18
264       267         3         8
23       272       249         3
271       274         3         1
266       272         6         3
28       274       246         1
20       274       254         1
27       265       238        10
263       269         6         6
266       270         4         5
270       271         1         4
261       274        13         1
261       272        11         3
269       271         2         4
268       270         2         5
150       267       117         8
251       266        15         9
4       265       261        10
264       270         6         5
19       268       249         7
260       269         9         6
269       274         5         1
262       273        11         2
27       155       128       120
251       259         8        16
257       265         8        10
269       274         5         1
263       270         7         5
270       274         4         1
265       274         9         1
273       274         1         1
263       267         4         8
265       266         1         9
267       274         7         1
266       274         8         1
267       269         2         6
265       274         9         1
271       274         3         1
257       259         2        16
256       274        18         1
261       274        13         1
264       267         3         8
241       273        32         2
230       244        14        31
250       272        22         3
264       266         2         9
266       272         6         3
248       258        10        17
232       260        28        15
268       272         4         3
157       271       114         4
245       260        15        15
238       263        25        12
268       271         3         4
262       268         6         7
263       273        10         2
262       274        12         1
258       267         9         8
17       265       248        10
272       274         2         1
270       272         2         3
255       270        15         5
261       273        12         2
270       271         1         4
267       272         5         3
16       264       248        11
28       270       242         5
256       271        15         4
267       272         5         3
21       260       239        15
273       274         1         1
266       273         7         2
266       273         7         2
259       261         2        14
259       273        14         2
260       268         8         7
258       268        10         7
246       266        20         9
31       272       241         3
270       273         3         2
246       270        24         5
270       274         4         1
273       274         1         1
27       272       245         3
266       271         5         4
270       272         2         3
261       264         3        11
266       273         7         2
270       274         4         1
29       263       234        12
257       259         2        16
273       274         1         1
266       274         8         1
265       268         3         7
268       271         3         4
269       272         3         3
263       271         8         4
258       267         9         8
272       274         2         1
271       272         1         3
29       265       236        10
260       271        11         4
273       274         1         1
267       269         2         6
267       269         2         6
268       270         2         5
264       273         9         2
248       271        23         4
257       273        16         2
254       267        13         8
254       258         4        17
268       273         5         2
270       271         1         4
264       270         6         5
269       274         5         1
267       270         3         5
153       270       117         5
271       272         1         3
259       261         2        14
263       273        10         2
257       268        11         7
261       269         8         6
157       274       117         1
273       274         1         1
267       272         5         3
255       270        15         5
271       272         1         3
259       269        10         6
268       273         5         2
152       266       114         9
262       272        10         3
268       274         6         1
267       268         1         7
248       269        21         6
267       273         6         2
264       271         7         4
232       272        40         3
245       260        15        15
259       270        11         5
271       274         3         1
265       266         1         9
241       274        33         1
267       274         7         1
266       273         7         2
261       271        10         4
260       262         2        13
273       274         1         1
242       253        11        22
271       272         1         3
255       265        10        10
270       271         1         4
242       274        32         1
268       274         6         1
254       269        15         6
259       268         9         7
266       272         6         3
267       274         7         1
267       272         5         3
271       273         2         2
269       272         3         3
250       270        20         5
266       270         4         5
228       272        44         3
266       267         1         8
258       268        10         7
252       273        21         2
252       272        20         3
245       272        27         3
272       273         1         2
263       272         9         3
270       274         4         1
158       270       112         5
254       264        10        11
31       274       243         1
260       274        14         1
248       265        17        10
268       274         6         1
254       273        19         2
257       271        14         4
28       258       230        17
260       262         2        13
272       274         2         1
266       274         8         1
31       273       242         2
270       272         2         3
29       272       243         3
258       260         2        15
263       269         6         6
240       269        29         6
264       271         7         4
260       265         5        10
253       273        20         2
29       271       242         4
269       271         2         4
267       274         7         1
27       268       241         7
248       265        17        10
273       274         1         1
262       268         6         7
270       274         4         1
259       272        13         3
272       274         2         1
25       266       241         9
249       260        11        15
260       273        13         2
273       274         1         1
271       272         1         3
272       274         2         1
258       268        10         7
271       273         2         2
271       272         1         3
26       269       243         6
268       269         1         6
238       271        33         4
263       274        11         1
243       273        30         2
267       272         5         3
262       271         9         4
265       270         5         5
271       274         3         1
264       269         5         6
268       274         6         1
260       273        13         2
252       271        19         4
251       270        19         5
254       274        20         1
271       272         1         3
261       272        11         3
31       273       242         2
262       274        12         1
257       273        16         2
259       261         2        14
28       152       124       123
225       273        48         2
261       265         4        10
19       273       254         2
24       264       240        11
263       274        11         1
264       266         2         9
18       268       250         7
262       267         5         8
256       258         2        17
252       274        22         1
264       271         7         4
271       272         1         3
28       269       241         6
252       273        21         2
270       272         2         3
260       274        14         1
263       273        10         2
272       274         2         1
271       274         3         1
266       267         1         8
258       268        10         7
265       273         8         2
251       261        10        14
271       273         2         2
264       267         3         8
266       269         3         6
261       274        13         1
253       274        21         1
250       270        20         5
265       266         1         9
260       272        12         3
267       269         2         6
264       266         2         9
252       269        17         6
257       261         4        14
10       260       250        15
262       272        10         3
259       265         6        10
253       265        12        10
258       271        13         4
15       271       256         4
267       274         7         1
265       272         7         3
265       267         2         8
265       274         9         1
245       273        28         2
225       268        43         7
267       274         7         1
257       264         7        11
16       274       258         1
273       274         1         1
267       269         2         6
259       264         5        11
265       274         9         1
270       273         3         2
273       274         1         1
267       274         7         1
13       265       252        10
272       274         2         1
261       272        11         3
267       274         7         1
266       272         6         3
242       274        32         1
238       268        30         7
269       273         4         2
259       273        14         2
271       274         3         1
270       271         1         4
158       267       109         8
268       269         1         6
266       269         3         6
256       270        14         5
272       273         1         2
264       274        10         1
250       274        24         1
271       273         2         2
265       266         1         9
269       271         2         4
268       271         3         4
246       264        18        11
252       268        16         7
30       267       237         8
158       259       101        16
262       271         9         4
259       274        15         1
250       270        20         5
270       271         1         4
264       267         3         8
272       274         2         1
270       271         1         4
269       273         4         2
262       273        11         2
259       268         9         7
260       271        11         4
16       268       252         7
267       274         7         1
29       266       237         9
269       271         2         4
273       274         1         1
258       262         4        13
268       270         2         5
258       265         7        10
268       274         6         1
262       267         5         8
157       272       115         3
158       246        88        29
28       269       241         6
272       273         1         2
270       272         2         3
234       268        34         7
270       272         2         3
267       270         3         5
253       256         3        19
264       274        10         1
271       274         3         1
264       265         1        10
268       272         4         3
150       258       108        17
26       273       247         2
271       272         1         3
249       258         9        17
257       267        10         8
273       274         1         1
236       274        38         1
255       259         4        16
260       261         1        14
259       262         3        13
29       245       216        30
265       267         2         8
272       273         1         2
267       274         7         1
273       274         1         1
262       272        10         3
11       269       258         6
257       271        14         4
31       254       223        21
271       274         3         1
26       265       239        10
268       272         4         3
256       258         2        17
260       274        14         1
25       273       248         2
264       266         2         9
253       260         7        15
263       274        11         1
269       273         4         2
264       266         2         9
256       273        17         2
263       264         1        11
257       274        17         1
264       269         5         6
23       273       250         2
269       274         5         1
29       269       240         6
257       269        12         6
247       263        16        12
245       268        23         7
257       268        11         7
263       266         3         9
271       273         2         2
265       273         8         2
255       267        12         8
267       269         2         6
265       274         9         1
153       273       120         2
260       272        12         3
273       274         1         1
265       272         7         3
244       271        27         4
265       272         7         3
273       274         1         1
30       267       237         8
267       274         7         1
16       253       237        22
271       272         1         3
254       269        15         6
264       270         6         5
272       273         1         2
270       271         1         4
261       263         2        12
269       270         1         5
239       273        34         2
264       266         2         9
256       268        12         7
259       271        12         4
264       269         5         6
254       274        20         1
261       271        10         4
266       267         1         8
252       272        20         3
264       274        10         1
270       272         2         3
8       255       247        20
269       270         1         5
264       272         8         3
258       266         8         9
261       273        12         2
263       274        11         1
270       271         1         4
266       269         3         6
252       255         3        20
261       272        11         3
264       268         4         7
266       269         3         6
270       272         2         3
268       274         6         1
265       273         8         2
269       273         4         2
30       272       242         3
271       273         2         2
267       271         4         4
265       272         7         3
24       262       238        13
267       271         4         4
264       266         2         9
264       274        10         1
269       272         3         3
272       274         2         1
158       260       102        15
254       264        10        11
267       270         3         5
228       264        36        11
30       268       238         7
158       268       110         7
256       261         5        14
268       274         6         1
263       274        11         1
22       271       249         4
262       266         4         9
267       273         6         2
266       272         6         3
255       267        12         8
24       272       248         3
268       273         5         2
270       271         1         4
260       272        12         3
242       274        32         1
256       265         9        10
265       266         1         9
254       272        18         3
272       273         1         2
261       270         9         5
245       268        23         7
265       266         1         9
256       274        18         1
268       273         5         2
252       268        16         7
265       271         6         4
249       262        13        13
266       271         5         4
268       273         5         2
154       259       105        16
266       274         8         1
241       265        24        10
261       266         5         9
269       271         2         4
252       268        16         7
259       273        14         2
154       250        96        25
267       273         6         2
262       271         9         4
272       274         2         1
252       273        21         2
272       274         2         1
155       273       118         2
259       265         6        10
266       273         7         2
256       267        11         8
272       274         2         1
25       271       246         4
266       272         6         3
254       272        18         3
266       269         3         6
268       270         2         5
247       270        23         5
24       274       250         1
262       268         6         7
262       272        10         3
267       274         7         1
269       274         5         1
263       274        11         1
245       251         6        24
24       268       244         7
255       263         8        12
264       270         6         5
261       268         7         7
258       264         6        11
271       274         3         1
265       274         9         1
252       257         5        18
264       272         8         3
25       270       245         5
259       265         6        10
265       272         7         3
272       274         2         1
260       261         1        14
261       268         7         7
265       272         7         3
263       269         6         6
250       270        20         5
266       274         8         1
261       262         1        13
27       265       238        10
242       272        30         3
19       266       247         9
17       273       256         2
265       272         7         3
263       269         6         6
266       274         8         1
270       274         4         1
264       273         9         2
262       269         7         6
262       274        12         1
270       273         3         2
250       274        24         1
156       273       117         2
263       272         9         3
28       272       244         3
263       265         2        10
29       265       236        10
254       271        17         4
264       273         9         2
265       274         9         1
262       269         7         6
255       261         6        14
255       262         7        13
265       268         3         7
158       265       107        10
24       260       236        15
271       274         3         1
249       274        25         1
266       273         7         2
265       273         8         2
269       271         2         4
272       274         2         1
266       268         2         7
270       274         4         1
269       271         2         4
255       274        19         1
260       274        14         1
266       267         1         8
260       270        10         5
262       268         6         7
271       272         1         3
153       269       116         6
255       274        19         1
156       271       115         4
28       268       240         7
268       273         5         2
270       272         2         3
253       268        15         7
261       273        12         2
272       273         1         2
257       272        15         3
273       274         1         1
245       268        23         7
264       266         2         9
264       268         4         7
257       271        14         4
148       272       124         3
253       264        11        11
264       272         8         3
258       264         6        11
272       274         2         1
271       273         2         2
260       270        10         5
272       273         1         2
28       261       233        14
261       269         8         6
238       254        16        21
270       274         4         1
22       274       252         1
263       264         1        11
270       273         3         2
270       274         4         1
22       271       249         4
269       274         5         1
257       274        17         1
268       274         6         1
256       265         9        10
24       271       247         4
270       272         2         3
251       274        23         1
270       273         3         2
27       272       245         3
259       273        14         2
267       270         3         5
267       271         4         4
252       268        16         7
30       268       238         7
222       270        48         5
269       272         3         3
244       251         7        24
20       274       254         1
255       265        10        10
272       273         1         2
231       273        42         2
251       264        13        11
267       269         2         6
153       274       121         1
25       268       243         7
269       273         4         2
266       272         6         3
268       273         5         2
260       274        14         1
255       268        13         7
271       274         3         1
256       270        14         5
265       272         7         3
158       267       109         8
263       267         4         8
24       247       223        28
25       263       238        12
271       274         3         1
271       273         2         2
270       272         2         3
247       260        13        15
261       272        11         3
272       274         2         1
266       272         6         3
271       273         2         2
244       274        30         1
231       264        33        11
271       274         3         1
267       272         5         3
269       273         4         2
28       267       239         8
264       269         5         6
271       274         3         1
263       273        10         2
27       272       245         3
267       273         6         2
269       271         2         4
25       274       249         1
267       274         7         1
273       274         1         1
260       265         5        10
244       255        11        20
267       273         6         2
261       271        10         4
28       264       236        11
259       273        14         2
266       267         1         8
268       271         3         4
250       268        18         7
250       260        10        15
261       267         6         8
263       267         4         8
265       268         3         7
264       269         5         6
265       272         7         3
267       272         5         3
264       273         9         2
238       272        34         3
263       265         2        10
266       271         5         4
265       273         8         2
272       274         2         1
269       273         4         2
271       274         3         1
260       267         7         8
272       274         2         1
248       265        17        10
261       271        10         4
261       272        11         3
270       274         4         1
263       267         4         8
259       265         6        10
159       273       114         2
267       269         2         6
270       273         3         2
268       273         5         2
260       261         1        14
273       274         1         1
256       274        18         1
269       274         5         1
264       273         9         2
25       238       213        37
147       251       104        24
266       273         7         2
241       268        27         7
261       273        12         2
243       262        19        13
26       262       236        13
267       269         2         6
269       273         4         2
260       273        13         2
24       274       250         1
238       265        27        10
259       269        10         6
23       266       243         9
266       273         7         2
270       271         1         4
268       274         6         1
240       273        33         2
256       269        13         6
255       266        11         9
236       267        31         8
270       271         1         4
271       274         3         1
269       274         5         1
268       272         4         3
262       265         3        10
218       261        43        14
245       272        27         3
271       274         3         1
259       266         7         9
262       266         4         9
268       274         6         1
255       272        17         3
267       268         1         7
261       274        13         1
266       267         1         8
15       259       244        16
251       271        20         4
26       258       232        17
265       273         8         2
267       270         3         5
266       273         7         2
272       274         2         1
233       271        38         4
266       272         6         3
26       269       243         6
259       266         7         9
267       274         7         1
259       263         4        12
263       269         6         6
269       270         1         5
262       263         1        12
252       263        11        12
25       262       237        13
264       268         4         7
151       270       119         5
18        22         4       253
272       274         2         1
241       268        27         7
269       270         1         5
23       273       250         2
264       266         2         9
269       273         4         2
272       274         2         1
270       271         1         4
273       274         1         1
267       274         7         1
260       269         9         6
237       245         8        30
266       273         7         2
261       263         2        12
266       273         7         2
265       268         3         7
256       272        16         3
270       273         3         2
272       273         1         2
256       274        18         1
265       272         7         3
267       273         6         2
264       266         2         9
261       269         8         6
25       272       247         3
252       273        21         2
256       263         7        12
271       273         2         2
253       266        13         9
260       267         7         8
270       273         3         2
267       273         6         2
260       264         4        11
239       266        27         9
262       269         7         6
268       270         2         5
272       273         1         2
21       266       245         9
268       271         3         4
247       270        23         5
256       258         2        17
268       273         5         2
271       273         2         2
257       262         5        13
25       272       247         3
268       272         4         3
256       274        18         1
258       267         9         8
151       268       117         7
28       274       246         1
273       274         1         1
28       270       242         5
263       269         6         6
265       274         9         1
272       274         2         1
268       271         3         4
256       267        11         8
253       265        12        10
268       269         1         6
269       274         5         1
261       265         4        10