376     996     996     0     0
375     914     914     0     183
374     850     850     0     185
373     788     788     0     174
372     725     725     0     150
371     636     636     0     108
370     590     590     0     136
369     543     543     0     117
368     505     505     0     115
367     444     444     0     79
366     415     415     0     88
365     368     368     0     79
364     341     341     0     74
363     304     304     0     61
362     302     302     0     80
361     269     269     0     51
360     262     262     0     58
359     250     250     0     55
358     214     214     0     31
357     189     189     0     34
356     170     170     0     28
355     155     155     0     34
354     155     156     0     42
353     148     149     0     29
352     139     140     0     32
351     116     117     0     22
350     107     108     0     23
349     107     112     0     26
348     96     100     0     22
347     96     822     0     0
346     95     769     0     164
345     94     696     0     134
344     94     651     0     137
343     94     616     0     127
342     94     557     0     108
341     92     515     0     113
340     92     471     0     86
339     91     442     0     93
338     89     395     0     70
337     88     362     0     74
336     88     330     0     68
335     88     327     0     79
334     86     314     0     78
333     85     290     0     56
332     84     266     0     55
331     81     246     0     51
330     74     214     0     44
329     70     198     0     48
328     69     182     0     37
327     69     179     0     48
326     65     154     0     28
325     64     150     0     34
324     64     146     0     36
323     57     132     0     26
322     56     125     0     28
321     56     123     0     26
320     52     109     0     21
319     50     100     0     21
318     50     1027     0     0
317     50     940     0     180
316     50     926     0     227
315     50     874     0     198
314     50     799     0     155
313     50     729     0     140
312     50     677     0     142
311     50     621     0     137
310     49     577     0     122
309     49     551     0     124
308     49     525     0     124
307     49     479     0     90
306     49     432     0     84
305     48     398     0     78
304     47     379     0     84
303     47     362     0     85
302     47     332     0     70
301     46     301     0     54
300     45     260     0     46
299     45     245     0     57
298     44     224     0     49
297     44     210     0     41
296     44     194     0     40
295     43     181     0     44
294     42     173     0     35
293     41     160     0     31
292     37     135     0     20
291     36     117     0     22
290     34     100     0     20
289     34     590     0     0
288     34     550     0     129
287     34     501     0     91
286     34     461     0     92
285     34     435     0     90
284     34     386     0     69
283     34     363     0     85
282     34     321     0     61
281     34     300     0     63
280     33     277     0     72
279     33     257     0     58
278     33     250     0     56
277     33     225     0     46
276     33     216     0     54
275     33     189     0     28
274     33     191     0     43
273     33     190     0     46
272     33     170     0     33
271     33     164     0     40
270     33     150     0     30
269     32     142     0     32
268     32     129     0     24
267     32     118     0     33
266     32     116     0     27
265     32     123     0     34
264     31     115     0     31
263     31     114     0     27
262     30     98     0     14
261     30     100     0     23
260     30     1168     0     0
259     29     1090     0     222
258     29     1022     0     232
257     29     923     0     187
256     29     859     0     187
255     29     759     0     147
254     29     705     0     152
253     29     624     0     121
252     29     566     0     112
251     29     531     0     119
250     29     505     0     113
249     28     457     0     92
248     28     417     0     89
247     27     378     0     80
246     27     357     0     80
245     27     328     0     74
244     27     315     0     71
243     27     286     0     57
242     27     277     0     63
241     27     257     0     50
240     27     212     0     27
239     26     205     0     48
238     26     182     0     32
237     24     156     0     27
236     24     147     0     30
235     24     128     0     24
234     23     116     0     18
233     23     112     0     21
232     22     100     0     19
231     22     832     0     0
230     22     770     0     158
229     22     687     0     142
228     22     640     0     133
227     22     600     0     138
226     22     531     0     88
225     22     493     0     101
224     22     469     0     99
223     22     415     0     70
222     22     380     0     85
221     22     358     0     84
220     22     337     0     77
219     22     295     0     51
218     22     281     0     64
217     22     270     0     65
216     21     252     0     59
215     21     237     0     56
214     21     217     0     38
213     21     194     0     42
212     21     188     0     45
211     21     158     0     24
210     21     148     0     29
209     21     144     0     34
208     21     130     0     27
207     20     122     0     25
206     20     120     0     29
205     20     115     0     27
204     20     112     0     20
203     20     100     0     17
202     20     827     0     0
201     20     757     0     143
200     20     699     0     156
199     20     646     0     133
198     20     586     0     106
197     20     549     0     127
196     20     516     0     117
195     20     470     0     104
194     20     429     0     93
193     20     398     0     84
192     20     358     0     70
191     20     340     0     80
190     20     315     0     59
189     20     300     0     66
188     20     265     0     54
187     20     266     0     69
186     20     244     0     52
185     20     228     0     48
184     20     204     0     42
183     20     194     0     45
182     20     168     0     30
181     20     154     0     34
180     20     163     0     46
179     20     146     0     27
178     20     134     0     25
177     20     121     0     31
176     20     114     0     22
175     20     110     0     24
174     20     100     0     21
173     20     2029855     0     0
172     20     1878778     0     397349
171     20     1740320     0     368378
170     20     1610708     0     340692
169     20     1490939     0     315473
168     20     1381920     0     293378
167     20     1279911     0     270973
166     20     1185783     0     251010
165     20     1097582     0     231698
164     20     1016012     0     215066
163     20     940682     0     199186
162     20     870000     0     183730
161     20     805371     0     170177
160     20     745319     0     157334
159     20     690241     0     146359
158     20     639053     0     134956
157     20     591324     0     124760
156     20     548501     0     116512
155     20     507188     0     106910
154     20     469505     0     99355
153     20     434559     0     91769
152     20     402335     0     84833
151     20     372625     0     78984
150     20     345174     0     73223
149     20     320058     0     68035
148     20     296389     0     62638
147     20     273883     0     57829
146     20     253580     0     53491
145     20     234680     0     49543
144     20     217473     0     46117
143     20     201570     0     42829
142     20     186447     0     39413
141     20     172799     0     36569
140     20     159897     0     33859
139     20     148063     0     31327
138     20     136632     0     28740
137     20     126642     0     26800
136     20     117680     0     24968
135     20     108958     0     22954
134     20     101047     0     21350
133     20     93206     0     19538
132     20     86239     0     18166
131     20     79873     0     17012
130     20     73937     0     15639
129     20     68390     0     14435
128     20     63547     0     13539
127     20     58980     0     12520
126     20     54428     0     11482
125     20     50202     0     10560
124     20     46554     0     9911
123     20     43190     0     9133
122     20     39898     0     8480
121     20     37073     0     7918
120     20     34210     0     7148
119     20     31641     0     6672
118     20     29541     0     6353
117     20     27246     0     5750
116     20     25309     0     5379
115     20     23415     0     4945
114     20     21717     0     4547
113     20     19959     0     4096
112     20     18426     0     3817
111     20     17179     0     3729
110     20     15927     0     3404
109     20     14719     0     3081
108     20     13666     0     2915
107     20     12601     0     2644
106     20     11741     0     2531
105     20     11035     0     2429
104     20     10222     0     2191
103     20     9512     0     2014
102     20     8735     0     1846
101     20     8060     0     1693
100     20     7385     0     1520
99     20     6781     0     1401
98     20     6265     0     1320
97     20     5761     0     1201
96     20     5375     0     1145
95     20     5060     0     1121
94     20     4774     0     1026
93     20     4410     0     944
92     20     4003     0     806
91     20     3700     0     766
90     20     3448     0     747
89     20     3231     0     708
88     20     2951     0     626
87     20     2764     0     592
86     20     2609     0     589
85     20     2387     0     508
84     20     2216     0     493
83     20     2078     0     451
82     20     1906     0     381
81     20     1775     0     398
80     20     1648     0     348
79     20     1513     0     319
78     20     1398     0     288
77     20     1285     0     268
76     20     1174     0     242
75     20     1069     0     216
74     20     973     0     206
73     20     870     0     179
72     20     778     0     151
71     20     707     0     152
70     20     663     0     142
69     20     598     0     121
68     20     573     0     134
67     20     557     0     140
66     20     522     0     107
65     20     479     0     88
64     20     434     0     91
63     19     385     0     69
62     19     359     0     83
61     19     329     0     72
60     19     299     0     53
59     19     288     0     64
58     19     263     0     54
57     19     240     0     51
56     19     228     0     52
55     19     226     0     60
54     19     201     0     38
53     19     186     0     38
52     19     187     0     50
51     19     193     0     52
50     19     182     0     50
49     18     173     0     37
48     18     167     0     44
47     18     147     0     28
46     18     141     0     30
45     18     138     0     32
44     18     130     0     29
43     18     125     0     22
42     18     120     0     30
41     18     121     0     34
40     18     121     0     34
39     18     111     0     23
38     18     114     0     31
37     18     111     0     23
36     18     110     0     25
35     18     94     0     15
34     18     87     0     17
33     18     69     0     9
32     18     68     0     17
31     18     67     0     14
30     17     57     0     10
29     17     54     0     9
28     17     50     0     13
27     17     44     0     10
26     17     40     0     9
25     16     34     0     5
24     16     30     0     6
23     16     33     0     10
22     12     25     0     3
21     11     22     0     5
20     11     21     0     3
19     10     19     0     4
18     10     19     0     5
17     10     22     0     7
16     10     23     0     6
15     8     18     0     2
14     8     17     0     3
13     6     13     0     2
12     5     9     0     0
11     5     8     0     2
10     3     6     0     1
9     3     7     0     1
8     3     7     0     2
7     3     6     0     0
6     3     5     0     2
5     3     4     0     1
4     3     3     0     0
3     3     4     0     1
2     3     3     0     0
1     2     2     0     0
0     1     1     0     0
376     745     745     0     0
375     706     706     0     151
374     673     673     0     149
373     619     619     0     122
372     540     540     0     101
371     493     493     0     106
370     474     474     0     106
369     425     425     0     83
368     413     413     0     101
367     387     387     0     79
366     361     361     0     80
365     332     332     0     68
364     304     304     0     69
363     294     294     0     70
362     269     269     0     58
361     257     257     0     59
360     236     236     0     48
359     227     227     0     59
358     218     218     0     46
357     191     191     0     32
356     174     174     0     39
355     160     160     0     30
354     154     154     0     33
353     143     143     0     32
352     141     141     0     29
351     126     126     0     23
350     117     117     0     26
349     105     105     0     19
348     100     100     0     23
347     100     857     0     0
346     99     797     0     170
345     99     720     0     132
344     99     669     0     127
343     99     630     0     140
342     99     601     0     136
341     98     559     0     115
340     94     521     0     111
339     93     486     0     110
338     90     448     0     97
337     88     413     0     87
336     87     365     0     73
335     86     334     0     65
334     86     316     0     75
333     84     299     0     61
332     80     276     0     62
331     78     257     0     49
330     73     226     0     41
329     71     203     0     46
328     67     182     0     37
327     63     160     0     31
326     63     161     0     40
325     63     162     0     38
324     61     152     0     34
323     60     142     0     31
322     57     134     0     29
321     56     127     0     30
320     52     107     0     17
319     51     100     0     19
318     51     1061     0     0
317     51     986     0     205
316     51     904     0     176
315     51     853     0     183
314     50     759     0     145
313     50     680     0     130
312     50     635     0     137
311     50     582     0     119
310     50     540     0     118
309     50     506     0     109
308     50     483     0     106
307     50     463     0     106
306     48     411     0     78
305     48     367     0     72
304     48     352     0     85
303     46     303     0     52
302     46     284     0     55
301     46     245     0     47
300     45     236     0     58
299     45     211     0     49
298     44     204     0     46
297     43     174     0     27
296     43     161     0     32
295     42     141     0     29
294     40     131     0     20
293     40     123     0     23
292     38     112     0     24
291     38     111     0     28
290     37     100     0     18
289     37     1228     0     0
288     37     1106     0     217
287     37     1011     0     198
286     37     919     0     174
285     37     855     0     177
284     37     800     0     183
283     37     728     0     136
282     37     664     0     145
281     37     633     0     149
280     37     579     0     117
279     37     538     0     111
278     37     485     0     101
277     37     433     0     86
276     37     410     0     82
275     37     371     0     72
274     37     335     0     66
273     37     301     0     61
272     37     280     0     66
271     37     257     0     53
270     37     245     0     55
269     36     217     0     41
268     35     193     0     35
267     35     163     0     24
266     34     150     0     29
265     33     126     0     17
264     32     114     0     18
263     30     104     0     21
262     30     95     0     19
261     30     100     0     32
260     30     1027     0     0
259     30     917     0     186
258     30     832     0     169
257     30     754     0     158
256     30     661     0     116
255     29     623     0     135
254     29     573     0     121
253     29     519     0     106
252     29     489     0     106
251     29     470     0     115
250     29     423     0     84
249     29     394     0     88
248     29     355     0     78
247     28     323     0     63
246     28     288     0     60
245     28     267     0     57
244     28     237     0     42
243     28     230     0     57
242     28     208     0     40
241     28     200     0     48
240     28     197     0     49
239     28     194     0     49
238     28     176     0     33
237     28     163     0     35
236     28     155     0     32
235     28     135     0     24
234     28     122     0     21
233     27     112     0     19
232     27     100     0     19
231     27     704     0     0
230     27     663     0     146
229     27     601     0     133
228     27     573     0     120
227     27     517     0     95
226     26     478     0     96
225     26     454     0     98
224     26     414     0     83
223     26     392     0     76
222     26     380     0     89
221     26     348     0     70
220     26     323     0     59
219     26     326     0     84
218     26     293     0     59
217     26     264     0     51
216     26     229     0     31
215     26     215     0     43
214     26     211     0     49
213     26     191     0     39
212     25     171     0     33
211     25     163     0     27
210     25     144     0     29
209     25     136     0     34
208     25     129     0     33
207     25     123     0     28
206     24     120     0     28
205     24     116     0     29
204     24     118     0     27
203     24     100     0     14
202     24     1060     0     0
201     24     964     0     185
200     24     873     0     173
199     24     792     0     165
198     24     691     0     123
197     24     629     0     126
196     24     611     0     148
195     24     550     0     109
194     24     546     0     138
193     24     507     0     102
192     24     454     0     84
191     24     405     0     76
190     24     391     0     86
189     24     358     0     72
188     24     347     0     77
187     24     310     0     61
186     24     301     0     68
185     24     274     0     57
184     24     277     0     76
183     24     234     0     46
182     24     208     0     37
181     24     185     0     36
180     24     176     0     45
179     24     160     0     27
178     24     149     0     31
177     24     135     0     25
176     24     131     0     32
175     24     113     0     19
174     24     100     0     21
173     24     1607997     0     0
172     24     1489431     0     315466
171     24     1377853     0     290904
170     24     1276122     0     270476
169     24     1180675     0     249821
168     24     1092672     0     231404
167     24     1012320     0     214340
166     24     936718     0     198093
165     24     867408     0     183151
164     24     803514     0     170002
163     24     742890     0     156391
162     24     687432     0     145306
161     24     637474     0     135548
160     24     589559     0     124674
159     24     545018     0     114699
158     24     505058     0     107277
157     24     467176     0     98467
156     24     432753     0     91738
155     24     400442     0     84841
154     24     371508     0     79081
153     24     343485     0     72341
152     24     318388     0     67486
151     24     294925     0     62497
150     24     273107     0     57753
149     24     252859     0     53318
148     24     234181     0     49423
147     24     217089     0     46260
146     24     200630     0     42250
145     24     185631     0     39299
144     24     171625     0     36346
143     24     158896     0     33619
142     24     147005     0     31090
141     24     135613     0     28443
140     24     125295     0     26279
139     24     115888     0     24333
138     24     107491     0     22809
137     24     99667     0     21071
136     24     92706     0     19840
135     24     85990     0     18175
134     24     79617     0     16844
133     24     73790     0     15587
132     24     68166     0     14366
131     24     62978     0     13212
130     24     58155     0     12211
129     24     53815     0     11290
128     24     49764     0     10559
127     24     46143     0     9852
126     24     42595     0     8873
125     24     39420     0     8287
124     24     36567     0     7779
123     24     33793     0     6974
122     24     31113     0     6593
121     24     28745     0     6055
120     24     26538     0     5646
119     24     24441     0     5094
118     24     22544     0     4730
117     24     20852     0     4373
116     24     19255     0     4032
115     24     17742     0     3735
114     24     16437     0     3441
113     24     15350     0     3269
112     24     14358     0     3119
111     24     13272     0     2779
110     24     12262     0     2552
109     24     11356     0     2396
108     24     10524     0     2202
107     24     9736     0     2028
106     24     9089     0     1995
105     24     8579     0     1919
104     24     8007     0     1731
103     24     7437     0     1574
102     24     6851     0     1421
101     24     6302     0     1322
100     24     5796     0     1201
99     24     5437     0     1173
98     24     5038     0     1063
97     24     4670     0     1016
96     24     4345     0     903
95     24     4033     0     862
94     24     3731     0     793
93     24     3415     0     694
92     24     3141     0     661
91     24     2879     0     578
90     24     2594     0     522
89     24     2421     0     535
88     24     2277     0     488
87     24     2120     0     436
86     24     1969     0     429
85     24     1852     0     412
84     24     1707     0     345
83     24     1595     0     344
82     24     1474     0     310
81     24     1387     0     310
80     24     1324     0     298
79     24     1203     0     239
78     24     1110     0     234
77     24     1040     0     225
76     24     977     0     212
75     24     894     0     186
74     24     869     0     213
73     24     817     0     181
72     24     772     0     173
71     24     707     0     154
70     24     648     0     129
69     24     609     0     129
68     23     556     0     122
67     23     534     0     129
66     23     502     0     107
65     23     473     0     108
64     23     454     0     109
63     23     433     0     88
62     23     379     0     69
61     23     365     0     80
60     23     329     0     66
59     23     299     0     61
58     22     277     0     62
57     22     267     0     60
56     22     235     0     48
55     22     211     0     49
54     22     200     0     45
53     22     196     0     51
52     22     183     0     34
51     21     176     0     37
50     20     154     0     28
49     19     139     0     21
48     19     131     0     27
47     19     119     0     18
46     19     111     0     25
45     19     106     0     25
44     18     90     0     16
43     17     76     0     7
42     17     66     0     12
41     16     56     0     7
40     16     52     0     12
39     16     51     0     10
38     16     47     0     12
37     16     47     0     11
36     15     36     0     4
35     14     30     0     4
34     14     32     0     8
33     13     29     0     6
32     13     29     0     6
31     12     27     0     7
30     11     21     0     3
29     11     24     0     8
28     10     22     0     6
27     10     22     0     5
26     10     25     0     7
25     10     23     0     5
24     10     24     0     5
23     10     19     0     4
22     10     19     0     4
21     8     16     0     2
20     7     13     0     3
19     7     14     0     5
18     6     13     0     3
17     6     14     0     4
16     6     19     0     9
15     6     21     0     8
14     4     13     0     0
13     4     11     0     1
12     4     9     0     1
11     4     11     0     4
10     4     11     0     3
9     4     16     0     5
8     3     12     0     1
7     3     7     0     0
6     2     6     0     1
5     2     4     0     0
4     2     3     0     0
3     2     2     0     0
2     1     1     0     0
1     1     1     0     0
0     1     1     0     0
