234       248        14         6
246       249         3         5
251       253         2         1
244       247         3         7
245       246         1         8
67       251       184         3
132       252       120         2
116       253       137         1
243       249         6         5
247       251         4         3
71       240       169        14
250       253         3         1
239       251        12         3
251       252         1         2
251       252         1         2
238       242         4        12
93       251       158         3
241       253        12         1
23       251       228         3
242       250         8         4
239       251        12         3
250       253         3         1
39       253       214         1
252       253         1         1
248       249         1         5
244       252         8         2
228       253        25         1
239       251        12         3
250       251         1         3
249       253         4         1
40       234       194        20
251       252         1         2
249       253         4         1
239       251        12         3
238       252        14         2
224       249        25         5
245       250         5         4
245       247         2         7
138       250       112         4
248       252         4         2
248       251         3         3
162       253        91         1
23       115        92       139
119       245       126         9
247       248         1         6
247       253         6         1
69       245       176         9
250       251         1         3
20       251       231         3
242       251         9         3
41       235       194        19
247       253         6         1
246       249         3         5
41        60        19       194
67       245       178         9
94       242       148        12
239       246         7         8
245       248         3         6
245       250         5         4
233       242         9        12
247       252         5         2
71       166        95        88
20       243       223        11
237       252        15         2
141       250       109         4
241       246         5         8
242       252        10         2
246       247         1         7
163       246        83         8
239       248         9         6
242       252        10         2
94       166        72        88
247       252         5         2
248       252         4         2
249       250         1         4
229       248        19         6
95       251       156         3
53       249       196         5
238       252        14         2
251       252         1         2
159       245        86         9
114       249       135         5
236       247        11         7
233       251        18         3
114       245       131         9
242       243         1        11
236       253        17         1
218       252        34         2
233       243        10        11
35       249       214         5
239       251        12         3
111       247       136         7
229       253        24         1
239       249        10         5
62       244       182        10
134       248       114         6
248       253         5         1
246       247         1         7
244       247         3         7
243       253        10         1
245       248         3         6
105       252       147         2
236       244         8        10
247       252         5         2
62       248       186         6
236       241         5        13
229       233         4        21
246       251         5         3
243       253        10         1
45       246       201         8
248       252         4         2
69       237       168        17
235       239         4        15
237       245         8         9
110       118         8       136
92       118        26       136
251       252         1         2
236       246        10         8
21       251       230         3
236       242         6        12
228       250        22         4
140       232        92        22
237       252        15         2
249       251         2         3
248       253         5         1
69       247       178         7
240       246         6         8
230       239         9        15
246       251         5         3
17       244       227        10
139       251       112         3
141       243       102        11
46       215       169        39
250       252         2         2
43       250       207         4
248       250         2         4
249       253         4         1
20       238       218        16
245       246         1         8
224       253        29         1
231       253        22         1
246       252         6         2
89       247       158         7
22       246       224         8
249       250         1         4
238       253        15         1
135       253       118         1
239       251        12         3
247       248         1         6
227       243        16        11
239       253        14         1
93       167        74        87
237       252        15         2
108       250       142         4
234       247        13         7
244       247         3         7
143       250       107         4
110       234       124        20
245       250         5         4
247       250         3         4
243       252         9         2
92       242       150        12
248       252         4         2
15       243       228        11
113       252       139         2
246       250         4         4
248       251         3         3
242       245         3         9
246       251         5         3
245       247         2         7
62       251       189         3
250       252         2         2
245       246         1         8
239       252        13         2
229       251        22         3
252       253         1         1
250       252         2         2
246       252         6         2
244       251         7         3
244       248         4         6
248       250         2         4
167       249        82         5
241       252        11         2
249       252         3         2
248       252         4         2
46       142        96       112
139       253       114         1
237       246         9         8
246       253         7         1
247       253         6         1
241       252        11         2
240       253        13         1
248       252         4         2
242       246         4         8
117       253       136         1
37       253       216         1
246       252         6         2
166       252        86         2
238       248        10         6
247       252         5         2
249       252         3         2
247       249         2         5
251       252         1         2
239       246         7         8
234       244        10        10
44       253       209         1
19       249       230         5
252       253         1         1
244       245         1         9
245       252         7         2
95       252       157         2
242       252        10         2
20       252       232         2
117       159        42        95
22       253       231         1
140       253       113         1
229       252        23         2
250       252         2         2
18       249       231         5
252       253         1         1
238       242         4        12
247       249         2         5
107       252       145         2
247       253         6         1
250       253         3         1
87       158        71        96
230       250        20         4
106       247       141         7
250       253         3         1
119       230       111        24
233       251        18         3
232       249        17         5
53       251       198         3
68       253       185         1
252       253         1         1
95       147        52       107
164       251        87         3
90       253       163         1
248       253         5         1
240       248         8         6
247       252         5         2
70       252       182         2
248       249         1         5
248       251         3         3
242       247         5         7
229       251        22         3
71       251       180         3
235       250        15         4
69       252       183         2
247       251         4         3
247       250         3         4
233       245        12         9
251       252         1         2
241       248         7         6
45       247       202         7
228       252        24         2
245       246         1         8
115       250       135         4
95       249       154         5
69       242       173        12
241       251        10         3
165       252        87         2
22       252       230         2
249       253         4         1
152       249        97         5
249       251         2         3
244       246         2         8
21       249       228         5
250       253         3         1
64       253       189         1
243       250         7         4
245       253         8         1
245       253         8         1
252       253         1         1
247       251         4         3
249       253         4         1
248       252         4         2
237       248        11         6
116       252       136         2
111       253       142         1
246       252         6         2
68       249       181         5
93       252       159         2
237       242         5        12
249       251         2         3
245       251         6         3
249       252         3         2
237       251        14         3
246       251         5         3
246       252         6         2
239       251        12         3
251       252         1         2
207       250        43         4
249       252         3         2
249       251         2         3
93       247       154         7
245       250         5         4
242       252        10         2
244       251         7         3
246       249         3         5
234       251        17         3
236       250        14         4
18       245       227         9
240       252        12         2
139       253       114         1
244       245         1         9
164       246        82         8
66        95        29       159
35       252       217         2
250       253         3         1
226       240        14        14
246       249         3         5
81       245       164         9
42       251       209         3
43       250       207         4
244       251         7         3
68       241       173        13
250       251         1         3
247       251         4         3
238       247         9         7
229       251        22         3
142       253       111         1
241       252        11         2
245       247         2         7
60       253       193         1
231       239         8        15
240       244         4        10
249       253         4         1
247       251         4         3
248       249         1         5
84       248       164         6
232       245        13         9
251       253         2         1
44       252       208         2
161       250        89         4
251       252         1         2
236       253        17         1
43       249       206         5
244       252         8         2
237       252        15         2
65       242       177        12
236       251        15         3
242       248         6         6
242       243         1        11
247       250         3         4
240       252        12         2
142       253       111         1
166       252        86         2
87       247       160         7
142       251       109         3
235       243         8        11
240       245         5         9
114       251       137         3
236       252        16         2
249       250         1         4
243       249         6         5
243       252         9         2
243       251         8         3
234       246        12         8
250       251         1         3
245       250         5         4
246       252         6         2
241       252        11         2
247       253         6         1
240       252        12         2
242       252        10         2
243       248         5         6
248       250         2         4
245       252         7         2
236       248        12         6
249       252         3         2
244       253         9         1
244       249         5         5
244       248         4         6
241       249         8         5
244       245         1         9
246       253         7         1
242       245         3         9
242       244         2        10
252       253         1         1
246       249         3         5
18       253       235         1
248       253         5         1
243       244         1        10
249       252         3         2
232       253        21         1
246       247         1         7
251       252         1         2
251       252         1         2
241       251        10         3
232       241         9        13
244       249         5         5
44       253       209         1
231       253        22         1
246       251         5         3
246       248         2         6
225       250        25         4
243       247         4         7
166       253        87         1
251       252         1         2
246       253         7         1
140       251       111         3
243       253        10         1
246       247         1         7
91       248       157         6
17       253       236         1
115       143        28       111
164       252        88         2
248       249         1         5
243       244         1        10
12       245       233         9
115       252       137         2
251       253         2         1
243       252         9         2
240       250        10         4
251       253         2         1
250       252         2         2
247       248         1         6
164       243        79        11
247       248         1         6
235       241         6        13
234       253        19         1
16       252       236         2
246       249         3         5
249       251         2         3
245       250         5         4
247       249         2         5
238       243         5        11
237       252        15         2
239       253        14         1
238       251        13         3
164       251        87         3
246       247         1         7
242       253        11         1
124       249       125         5
250       251         1         3
233       250        17         4
246       250         4         4
32       249       217         5
227       252        25         2
106       251       145         3
243       246         3         8
247       251         4         3
229       243        14        11
230       247        17         7
89       251       162         3
240       252        12         2
249       250         1         4
140       253       113         1
243       252         9         2
227       244        17        10
228       248        20         6
248       250         2         4
236       250        14         4
240       241         1        13
232       248        16         6
252       253         1         1
249       250         1         4
251       252         1         2
248       249         1         5
242       249         7         5
252       253         1         1
118       249       131         5
118       253       135         1
91       245       154         9
249       253         4         1
238       239         1        15
243       246         3         8
35       139       104       115
248       249         1         5
224       250        26         4
252       253         1         1
58       247       189         7
64       249       185         5
160       250        90         4
157       250        93         4
244       248         4         6
237       250        13         4
233       248        15         6
244       251         7         3
244       252         8         2
65       250       185         4
114       251       137         3
40       232       192        22
244       249         5         5
246       251         5         3
110       249       139         5
41       247       206         7
240       248         8         6
16       253       237         1
243       253        10         1
246       250         4         4
236       248        12         6
248       251         3         3
224       249        25         5
247       248         1         6
89       252       163         2
234       253        19         1
221       250        29         4
113       242       129        12
156       249        93         5
249       251         2         3
252       253         1         1
136       251       115         3
245       249         4         5
248       250         2         4
244       247         3         7
71       253       182         1
21        68        47       186
249       251         2         3
252       253         1         1
245       248         3         6
71       253       182         1
248       250         2         4
66       248       182         6
248       249         1         5
137       245       108         9
250       252         2         2
45       237       192        17
118       253       135         1
249       251         2         3
140       240       100        14
240       251        11         3
166       246        80         8
23        68        45       186
100       249       149         5
44       253       209         1
23       227       204        27
250       251         1         3
250       252         2         2
250       251         1         3
246       248         2         6
242       252        10         2
81       251       170         3
249       253         4         1
95       252       157         2
236       247        11         7
40       246       206         8
238       253        15         1
246       248         2         6
242       244         2        10
242       253        11         1
246       250         4         4
243       252         9         2
115       253       138         1
246       252         6         2
242       250         8         4
242       246         4         8
243       251         8         3
234       246        12         8
236       249        13         5
244       245         1         9
246       249         3         5
246       248         2         6
243       244         1        10
245       250         5         4
84       250       166         4
251       252         1         2
251       253         2         1
245       253         8         1
249       252         3         2
241       253        12         1
236       249        13         5
245       253         8         1
252       253         1         1
238       248        10         6
249       252         3         2
244       248         4         6
249       251         2         3
234       249        15         5
245       247         2         7
229       243        14        11
67       252       185         2
44       252       208         2
116       240       124        14
244       252         8         2
252       253         1         1
243       246         3         8
240       247         7         7
111       253       142         1
35       244       209        10
64       250       186         4
241       249         8         5
62       249       187         5
250       253         3         1
140       251       111         3
249       251         2         3
239       240         1        14
156       245        89         9
251       253         2         1
250       253         3         1
58       253       195         1
239       247         8         7
250       253         3         1
23       250       227         4
44       246       202         8
252       253         1         1
243       247         4         7
249       253         4         1
233       252        19         2
46       250       204         4
247       250         3         4
16       251       235         3
243       251         8         3
249       250         1         4
18       253       235         1
240       249         9         5
93       249       156         5
237       246         9         8
221       253        32         1
244       252         8         2
237       249        12         5
246       253         7         1
252       253         1         1
246       247         1         7
94       250       156         4
43       245       202         9
245       246         1         8
39       252       213         2
247       249         2         5
143       251       108         3
246       249         3         5
141       253       112         1
238       248        10         6
12       233       221        21
22       239       217        15
71       251       180         3
231       250        19         4
249       251         2         3
233       251        18         3
241       253        12         1
247       253         6         1
68       253       185         1
246       248         2         6
244       251         7         3
228       252        24         2
243       251         8         3
85       252       167         2
250       253         3         1
239       246         7         8
141       251       110         3
240       244         4        10
251       252         1         2
19       253       234         1
245       247         2         7
246       253         7         1
38       228       190        26
247       253         6         1
115       247       132         7
47       249       202         5
75       253       178         1
92       252       160         2
249       250         1         4
247       251         4         3
241       250         9         4
143       248       105         6
163       240        77        14
247       249         2         5
243       253        10         1
109       253       144         1
240       241         1        13
246       248         2         6
223       252        29         2
248       253         5         1
115       252       137         2
71       253       182         1
52       253       201         1
88       251       163         3
9       245       236         9
242       246         4         8
249       252         3         2
38       253       215         1
119       239       120        15
246       253         7         1
68       248       180         6
240       247         7         7
243       248         5         6
251       252         1         2
241       251        10         3
246       248         2         6
90       248       158         6
141       251       110         3
250       253         3         1
226       250        24         4
5       243       238        11
21       246       225         8
14       236       222        18
69       252       183         2
235       237         2        17
245       252         7         2
249       250         1         4
20       246       226         8
239       252        13         2
8       244       236        10
245       253         8         1
247       253         6         1
101       246       145         8
119       252       133         2
245       248         3         6
239       245         6         9
15       252       237         2
119       246       127         8
243       248         5         6
230       250        20         4
249       251         2         3
246       250         4         4
235       251        16         3
55       251       196         3
45       248       203         6
244       247         3         7
248       250         2         4
238       251        13         3
45       248       203         6
240       250        10         4
250       251         1         3
136       250       114         4
241       252        11         2
45       253       208         1
12       248       236         6
251       252         1         2
66       252       186         2
71       253       182         1
44       253       209         1
249       250         1         4
247       251         4         3
21       247       226         7
247       252         5         2
71       237       166        17
242       248         6         6
248       249         1         5
165       253        88         1
109       248       139         6
87       247       160         7
12       253       241         1
66       251       185         3
248       251         3         3
141       241       100        13
47       251       204         3
63       251       188         3
249       251         2         3
59       253       194         1
249       250         1         4
246       247         1         7
118       252       134         2
118       247       129         7
238       250        12         4
249       251         2         3
113       246       133         8
143       239        96        15
95       244       149        10
35       252       217         2
244       251         7         3
245       253         8         1
119       239       120        15
248       253         5         1
242       252        10         2
64       243       179        11
243       253        10         1
250       253         3         1
248       252         4         2
246       247         1         7
245       253         8         1
250       252         2         2
66       252       186         2
234       247        13         7
241       251        10         3
94       253       159         1
247       253         6         1
235       249        14         5
251       252         1         2
245       253         8         1
139       249       110         5
242       248         6         6
70       246       176         8
247       251         4         3
236       249        13         5
239       250        11         4
246       248         2         6
140       249       109         5
46       250       204         4
237       245         8         9
85       252       167         2
252       253         1         1
45       253       208         1
248       251         3         3
243       250         7         4
234       244        10        10
231       246        15         8
231       253        22         1
233       237         4        17
240       253        13         1
233       244        11        10
244       253         9         1
18       247       229         7
142       249       107         5
251       253         2         1
45       253       208         1
249       251         2         3
249       250         1         4
250       253         3         1
247       251         4         3
243       253        10         1
241       243         2        11
241       253        12         1
41       245       204         9
232       250        18         4
142       253       111         1
243       248         5         6
17       253       236         1
20       249       229         5
252       253         1         1
248       250         2         4
250       251         1         3
245       247         2         7
223       253        30         1
249       251         2         3
247       253         6         1
239       252        13         2
46       240       194        14
244       248         4         6
244       252         8         2
239       246         7         8
245       248         3         6
241       248         7         6
70       250       180         4
112       253       141         1
247       250         3         4
247       252         5         2
230       243        13        11
240       252        12         2
243       251         8         3
241       251        10         3
242       253        11         1
251       253         2         1
240       253        13         1
139       246       107         8
250       251         1         3
31       253       222         1
242       247         5         7
44        86        42       168
113       249       136         5
236       252        16         2
244       248         4         6
141       244       103        10
86       250       164         4
54       253       199         1
242       252        10         2
250       253         3         1
22       249       227         5
235       251        16         3
247       252         5         2
250       253         3         1
248       250         2         4
242       250         8         4
251       252         1         2
140       250       110         4
249       252         3         2
251       253         2         1
249       253         4         1
244       248         4         6
247       249         2         5
136       247       111         7
138       252       114         2
240       246         6         8
68       252       184         2
167       249        82         5
240       251        11         3
21       249       228         5
240       247         7         7
252       253         1         1
246       248         2         6
66       247       181         7
251       253         2         1
58        65         7       189
240       245         5         9
68        92        24       162
119       250       131         4
247       251         4         3
241       252        11         2
251       252         1         2
247       251         4         3
163       251        88         3
225       234         9        20
242       252        10         2
237       240         3        14
161       251        90         3
248       253         5         1
230       247        17         7
237       247        10         7
245       249         4         5
140       247       107         7
239       253        14         1
251       253         2         1
71       248       177         6
229       240        11        14
22       252       230         2
244       247         3         7
246       247         1         7
141       250       109         4
22       249       227         5
246       250         4         4
244       248         4         6
241       250         9         4
251       252         1         2
245       253         8         1
22       246       224         8
164       252        88         2
224       251        27         3
243       253        10         1
244       253         9         1
42       238       196        16
89       245       156         9
240       246         6         8
246       253         7         1
246       252         6         2
18       252       234         2
246       253         7         1
46       252       206         2
246       249         3         5
247       248         1         6
242       248         6         6
239       253        14         1
244       249         5         5
242       248         6         6
41       249       208         5
239       250        11         4
140       245       105         9
237       247        10         7
245       251         6         3
244       253         9         1
239       250        11         4
30       246       216         8
249       252         3         2
236       237         1        17
149       238        89        16
247       250         3         4
20       251       231         3
87       236       149        18
250       251         1         3
244       248         4         6
241       251        10         3
242       251         9         3
251       253         2         1
84       251       167         3
249       252         3         2
246       252         6         2
243       249         6         5
167       224        57        30
250       253         3         1
245       253         8         1
242       252        10         2
239       249        10         5
240       251        11         3
47       247       200         7
41       240       199        14
44       252       208         2
222       252        30         2
246       251         5         3
249       251         2         3
249       253         4         1
238       241         3        13
248       252         4         2
249       253         4         1
139       227        88        27
239       244         5        10
245       250         5         4
216       249        33         5
241       250         9         4
232       247        15         7
230       252        22         2
139       247       108         7
243       251         8         3
247       253         6         1
249       253         4         1
246       250         4         4
238       252        14         2
138       240       102        14
10       252       242         2
242       244         2        10
240       247         7         7
67       249       182         5
250       252         2         2
250       253         3         1
243       251         8         3
230       240        10        14
248       253         5         1
247       253         6         1
241       250         9         4
240       241         1        13
31       250       219         4
248       253         5         1
243       250         7         4
239       253        14         1
249       253         4         1
246       252         6         2
160       250        90         4
249       252         3         2
21       252       231         2
67       250       183         4
42       248       206         6
