325       338        13         1
325       338        13         1
155       333       178         6
332       334         2         5
20       328       308        11
326       331         5         8
329       334         5         5
330       338         8         1
153       331       178         8
331       332         1         7
313       336        23         3
191       338       147         1
29       338       309         1
333       337         4         2
318       333        15         6
332       336         4         3
330       336         6         3
305       330        25         9
218       335       117         4
326       327         1        12
322       326         4        13
335       337         2         2
336       338         2         1
157       336       179         3
23       338       315         1
16       329       313        10
329       333         4         6
12       338       326         1
217       335       118         4
20       338       318         1
314       330        16         9
326       336        10         3
318       338        20         1
25       336       311         3
223       337       114         2
327       331         4         8
317       337        20         2
333       338         5         1
320       338        18         1
335       338         3         1
308       330        22         9
332       334         2         5
222       338       116         1
321       334        13         5
294       305        11        34
317       331        14         8
326       338        12         1
326       335         9         4
215       338       123         1
328       337         9         2
315       338        23         1
155       336       181         3
322       338        16         1
336       338         2         1
290       334        44         5
332       338         6         1
333       337         4         2
332       338         6         1
327       332         5         7
328       336         8         3
328       334         6         5
331       333         2         6
158       338       180         1
327       335         8         4
1       335       334         4
326       330         4         9
29       337       308         2
319       334        15         5
21       328       307        11
333       337         4         2
335       338         3         1
330       332         2         7
188       321       133        18
305       315        10        24
26       333       307         6
19       337       318         2
178       325       147        14
327       336         9         3
323       329         6        10
325       336        11         3
336       338         2         1
31       338       307         1
221       338       117         1
295       338        43         1
333       335         2         4
156       328       172        11
20       334       314         5
23       332       309         7
14       323       309        16
334       335         1         4
319       338        19         1
331       338         7         1
322       328         6        11
187       334       147         5
331       334         3         5
332       337         5         2
337       338         1         1
332       336         4         3
284       321        37        18
332       335         3         4
317       335        18         4
180       337       157         2
314       338        24         1
221       334       113         5
315       336        21         3
309       326        17        13
328       338        10         1
335       338         3         1
18        31        13       308
325       332         7         7
30       333       303         6
309       333        24         6
332       338         6         1
309       337        28         2
322       337        15         2
314       332        18         7
335       336         1         3
327       329         2        10
317       320         3        19
19       336       317         3
158       335       177         4
330       338         8         1
327       337        10         2
334       336         2         3
330       333         3         6
336       337         1         2
30       327       297        12
325       336        11         3
333       336         3         3
330       338         8         1
333       337         4         2
332       334         2         5
328       333         5         6
333       334         1         5
335       336         1         3
335       338         3         1
326       331         5         8
190       336       146         3
331       338         7         1
20       324       304        15
331       332         1         7
317       338        21         1
152       338       186         1
302       332        30         7
330       334         4         5
325       334         9         5
327       336         9         3
336       338         2         1
186       338       152         1
337       338         1         1
152       338       186         1
151       338       187         1
316       334        18         5
334       336         2         3
334       335         1         4
336       338         2         1
327       333         6         6
331       335         4         4
317       337        20         2
330       338         8         1
311       336        25         3
22       330       308         9
336       338         2         1
217       335       118         4
332       336         4         3
335       337         2         2
30       337       307         2
155       335       180         4
334       336         2         3
309       336        27         3
336       338         2         1
329       335         6         4
207       336       129         3
311       335        24         4
218       327       109        12
331       336         5         3
319       323         4        16
325       333         8         6
326       337        11         2
334       337         3         2
333       334         1         5
24       334       310         5
330       338         8         1
337       338         1         1
318       327         9        12
330       332         2         7
337       338         1         1
325       328         3        11
326       328         2        11
335       337         2         2
311       334        23         5
26       329       303        10
322       336        14         3
337       338         1         1
321       333        12         6
325       338        13         1
313       337        24         2
313       335        22         4
320       329         9        10
158       336       178         3
334       338         4         1
152       323       171        16
22       222       200       117
331       337         6         2
334       336         2         3
317       336        19         3
153       332       179         7
318       333        15         6
184       326       142        13
337       338         1         1
28       338       310         1
312       334        22         5
1       181       180       158
331       333         2         6
328       333         5         6
328       338        10         1
18       330       312         9
328       337         9         2
321       336        15         3
330       336         6         3
330       332         2         7
304       334        30         5
28       279       251        60
334       338         4         1
17       330       313         9
13       338       325         1
310       318         8        21
324       328         4        11
333       337         4         2
328       336         8         3
26       337       311         2
335       338         3         1
29       322       293        17
156       337       181         2
317       325         8        14
336       337         1         2
171       330       159         9
331       338         7         1
335       337         2         2
327       335         8         4
320       335        15         4
323       329         6        10
323       338        15         1
330       331         1         8
332       337         5         2
11       331       320         8
31       218       187       121
293       333        40         6
26       334       308         5
332       337         5         2
316       337        21         2
222       338       116         1
329       338         9         1
332       337         5         2
320       330        10         9
323       333        10         6
325       334         9         5
330       338         8         1
330       337         7         2
27       334       307         5
317       326         9        13
325       336        11         3
334       337         3         2
29       335       306         4
298       337        39         2
307       331        24         8
325       327         2        12
335       337         2         2
322       338        16         1
336       338         2         1
323       335        12         4
334       336         2         3
212       333       121         6
190       333       143         6
336       338         2         1
333       336         3         3
31       335       304         4
334       338         4         1
327       336         9         3
331       335         4         4
321       338        17         1
337       338         1         1
331       334         3         5
277       330        53         9
332       335         3         4
332       333         1         6
333       337         4         2
27       338       311         1
334       336         2         3
222       332       110         7
336       337         1         2
7       337       330         2
176       331       155         8
328       330         2         9
29       334       305         5
309       333        24         6
328       337         9         2
335       336         1         3
22       336       314         3
325       334         9         5
334       337         3         2
332       336         4         3
189       322       133        17
332       336         4         3
327       338        11         1
330       334         4         5
328       337         9         2
322       332        10         7
324       331         7         8
329       335         6         4
335       338         3         1
205       330       125         9
337       338         1         1
298       337        39         2
178       332       154         7
26       330       304         9
305       338        33         1
223       327       104        12
328       334         6         5
24       308       284        31
324       337        13         2
220       308        88        31
330       338         8         1
329       338         9         1
324       333         9         6
331       338         7         1
337       338         1         1
154       331       177         8
323       325         2        14
21       306       285        33
333       335         2         4
335       337         2         2
302       309         7        30
328       332         4         7
332       334         2         5
316       334        18         5
333       338         5         1
323       331         8         8
188       332       144         7
330       337         7         2
189       329       140        10
321       337        16         2
327       328         1        11
331       332         1         7
297       338        41         1
335       338         3         1
334       335         1         4
330       336         6         3
335       337         2         2
324       338        14         1
315       326        11        13
156       334       178         5
322       334        12         5
5       334       329         5
310       337        27         2
21       337       316         2
324       335        11         4
320       324         4        15
317       336        19         3
324       336        12         3
328       338        10         1
333       337         4         2
329       330         1         9
321       335        14         4
317       337        20         2
327       332         5         7
334       338         4         1
316       338        22         1
315       338        23         1
327       333         6         6
29       334       305         5
328       332         4         7
332       334         2         5
333       338         5         1
153       337       184         2
336       338         2         1
316       330        14         9
335       337         2         2
328       338        10         1
28       334       306         5
334       338         4         1
24       323       299        16
312       325        13        14
331       337         6         2
28       338       310         1
328       330         2         9
327       331         4         8
325       336        11         3
335       337         2         2
316       336        20         3
320       323         3        16
327       338        11         1
333       337         4         2
334       337         3         2
330       334         4         5
336       337         1         2
310       336        26         3
333       338         5         1
330       333         3         6
326       332         6         7
326       337        11         2
323       331         8         8
331       338         7         1
198       333       135         6
8       338       330         1
328       332         4         7
330       332         2         7
332       336         4         3
189       329       140        10
213       338       125         1
321       326         5        13
29       333       304         6
329       337         8         2
306       337        31         2
215       333       118         6
336       338         2         1
332       338         6         1
26       338       312         1
318       338        20         1
327       336         9         3
333       338         5         1
335       336         1         3
304       326        22        13
320       329         9        10
318       333        15         6
331       335         4         4
334       338         4         1
331       335         4         4
321       338        17         1
330       336         6         3
220       336       116         3
322       337        15         2
327       336         9         3
184       335       151         4
332       336         4         3
159       334       175         5
23       331       308         8
325       338        13         1
329       338         9         1
322       328         6        11
337       338         1         1
26       337       311         2
324       338        14         1
326       331         5         8
327       335         8         4
324       338        14         1
31       330       299         9
323       331         8         8
331       335         4         4
328       337         9         2
303       335        32         4
333       337         4         2
306       333        27         6
335       337         2         2
17       333       316         6
180       326       146        13
329       331         2         8
25       332       307         7
29       214       185       125
337       338         1         1
336       337         1         2
330       332         2         7
318       337        19         2
337       338         1         1
152       337       185         2
9       324       315        15
336       338         2         1
306       331        25         8
325       338        13         1
323       333        10         6
315       328        13        11
29       337       308         2
328       337         9         2
333       336         3         3
322       333        11         6
333       335         2         4
30       338       308         1
328       336         8         3
324       331         7         8
326       338        12         1
331       338         7         1
282       337        55         2
336       338         2         1
314       334        20         5
337       338         1         1
328       334         6         5
323       333        10         6
323       337        14         2
320       336        16         3
189       326       137        13
325       336        11         3
335       338         3         1
333       334         1         5
14       335       321         4
306       323        17        16
313       318         5        21
324       330         6         9
153       336       183         3
19       332       313         7
331       332         1         7
331       334         3         5
298       313        15        26
309       338        29         1
326       335         9         4
30       337       307         2
317       335        18         4
31       333       302         6
335       338         3         1
328       334         6         5
313       334        21         5
202       326       124        13
189       338       149         1
330       333         3         6
314       327        13        12
320       336        16         3
218       338       120         1
331       333         2         6
315       334        19         5
337       338         1         1
304       328        24        11
327       336         9         3
326       335         9         4
328       336         8         3
326       337        11         2
21       314       293        25
31       338       307         1
333       336         3         3
336       338         2         1
333       338         5         1
328       332         4         7
332       333         1         6
337       338         1         1
331       336         5         3
4       314       310        25
306       329        23        10
325       329         4        10
325       333         8         6
332       333         1         6
28       335       307         4
334       338         4         1
187       338       151         1
315       338        23         1
12       337       325         2
333       335         2         4
328       331         3         8
318       334        16         5
335       337         2         2
328       336         8         3
333       336         3         3
334       338         4         1
335       338         3         1
317       338        21         1
318       336        18         3
323       328         5        11
322       338        16         1
325       329         4        10
316       337        21         2
181       335       154         4
332       337         5         2
326       329         3        10
316       338        22         1
335       337         2         2
319       332        13         7
321       336        15         3
318       338        20         1
327       328         1        11
327       331         4         8
335       337         2         2
329       332         3         7
324       333         9         6
310       331        21         8
337       338         1         1
311       337        26         2
316       332        16         7
328       329         1        10
308       335        27         4
336       338         2         1
312       324        12        15
152       325       173        14
331       335         4         4
322       337        15         2
323       333        10         6
321       333        12         6
333       335         2         4
314       325        11        14
323       326         3        13
327       336         9         3
328       329         1        10
331       335         4         4
308       338        30         1
333       338         5         1
324       334        10         5
329       332         3         7
323       337        14         2
331       335         4         4
327       328         1        11
156       187        31       152
21       330       309         9
328       338        10         1
315       333        18         6
323       330         7         9
335       336         1         3
327       330         3         9
276       338        62         1
28       336       308         3
330       335         5         4
329       333         4         6
334       338         4         1
333       337         4         2
315       325        10        14
334       336         2         3
152       330       178         9
327       334         7         5
335       337         2         2
324       332         8         7
222       338       116         1
314       333        19         6
203       334       131         5
156       331       175         8
333       334         1         5
324       335        11         4
328       338        10         1
333       336         3         3
324       327         3        12
330       337         7         2
335       338         3         1
332       336         4         3
330       331         1         8
329       334         5         5
158       331       173         8
331       338         7         1
335       337         2         2
331       336         5         3
29       332       303         7
156       328       172        11
329       333         4         6
28       327       299        12
332       335         3         4
30       338       308         1
331       338         7         1
29       331       302         8
333       335         2         4
332       333         1         6
324       338        14         1
332       335         3         4
331       338         7         1
218       320       102        19
325       326         1        13
325       333         8         6
327       328         1        11
25       335       310         4
328       336         8         3
316       338        22         1
333       336         3         3
328       335         7         4
333       338         5         1
149       335       186         4
327       328         1        11
334       337         3         2
213       330       117         9
337       338         1         1
165       336       171         3
324       328         4        11
320       331        11         8
333       337         4         2
324       338        14         1
318       325         7        14
325       334         9         5
317       320         3        19
322       329         7        10
29       320       291        19
31       337       306         2
333       336         3         3
333       336         3         3
326       334         8         5
317       333        16         6
29       332       303         7
332       338         6         1
337       338         1         1
327       338        11         1
31       338       307         1
313       337        24         2
321       335        14         4
327       334         7         5
31       326       295        13
334       335         1         4
317       335        18         4
303       327        24        12
334       336         2         3
335       338         3         1
155       335       180         4
321       335        14         4
333       338         5         1
327       331         4         8
326       334         8         5
18       337       319         2
26        28         2       311
335       336         1         3
328       332         4         7
31       336       305         3
331       338         7         1
199       330       131         9
327       337        10         2
27       336       309         3
328       337         9         2
30       333       303         6
317       337        20         2
327       338        11         1
331       338         7         1
275       314        39        25
328       333         5         6
327       335         8         4
322       332        10         7
24       338       314         1
332       334         2         5
12       333       321         6
330       338         8         1
306       334        28         5
320       325         5        14
330       332         2         7
326       338        12         1
334       336         2         3
312       337        25         2
220       338       118         1
330       334         4         5
335       338         3         1
307       336        29         3
334       337         3         2
313       337        24         2
26       336       310         3
308       337        29         2
321       338        17         1
330       337         7         2
332       335         3         4
331       337         6         2
324       333         9         6
323       327         4        12
333       337         4         2
304       336        32         3
304       337        33         2
320       328         8        11
329       332         3         7
316       329        13        10
330       336         6         3
222       327       105        12
325       338        13         1
335       336         1         3
335       337         2         2
308       325        17        14
302       322        20        17
218       333       115         6
325       332         7         7
23       325       302        14
178       336       158         3
303       337        34         2
333       336         3         3
333       337         4         2
25       336       311         3
307       337        30         2
333       335         2         4
324       328         4        11
157       336       179         3
336       338         2         1
31       331       300         8
24       334       310         5
329       332         3         7
305       335        30         4
222       334       112         5
322       331         9         8
327       335         8         4
324       337        13         2
27       325       298        14
327       333         6         6
334       336         2         3
326       330         4         9
313       318         5        21
331       338         7         1
329       333         4         6
157       332       175         7
312       330        18         9
328       329         1        10
5       325       320        14
332       337         5         2
24       326       302        13
21       337       316         2
317       333        16         6
168       334       166         5
332       337         5         2
334       336         2         3
323       337        14         2
19       329       310        10
316       333        17         6
332       338         6         1
21       326       305        13
327       338        11         1
329       330         1         9
330       336         6         3
334       335         1         4
323       332         9         7
334       337         3         2
337       338         1         1
332       334         2         5
308       323        15        16
328       332         4         7
184       330       146         9
30       336       306         3
320       334        14         5
328       333         5         6
336       337         1         2
318       338        20         1
323       333        10         6
331       337         6         2
20        29         9       310
331       333         2         6
329       333         4         6
315       326        11        13
330       338         8         1
23       338       315         1
26       337       311         2
327       337        10         2
31       333       302         6
20       338       318         1
331       332         1         7
331       338         7         1
331       338         7         1
28       323       295        16
30       338       308         1
311       336        25         3
321       325         4        14
336       337         1         2
323       332         9         7
329       336         7         3
331       334         3         5
333       335         2         4
333       337         4         2
317       330        13         9
28       325       297        14
325       329         4        10
204       334       130         5
285       337        52         2
326       337        11         2
335       338         3         1
320       327         7        12
330       336         6         3
329       335         6         4
337       338         1         1
333       335         2         4
321       329         8        10
337       338         1         1
323       335        12         4
183       333       150         6
330       332         2         7
335       338         3         1
317       329        12        10
337       338         1         1
318       320         2        19
158       189        31       150
336       338         2         1
327       337        10         2
332       333         1         6
325       338        13         1
183       338       155         1
29       331       302         8
332       334         2         5
322       332        10         7
328       337         9         2
217       333       116         6
326       334         8         5
21       329       308        10
4       151       147       188
29       336       307         3
329       335         6         4
328       338        10         1
333       337         4         2
332       334         2         5
314       327        13        12
330       337         7         2
31       333       302         6
336       338         2         1
30       305       275        34
331       337         6         2
329       338         9         1
337       338         1         1
328       332         4         7
30       328       298        11
332       336         4         3
333       337         4         2
328       337         9         2
327       332         5         7
332       338         6         1
333       334         1         5
203       337       134         2
31       331       300         8
187       331       144         8
299       338        39         1
155       321       166        18
328       337         9         2
322       332        10         7
302       337        35         2
320       332        12         7
308       338        30         1
325       332         7         7
18       320       302        19
331       336         5         3
321       335        14         4
335       338         3         1
332       337         5         2
334       336         2         3
328       336         8         3
316       337        21         2
332       336         4         3
31       333       302         6
332       335         3         4
332       337         5         2
25       329       304        10
30       153       123       186
328       333         5         6
323       330         7         9
316       323         7        16
324       334        10         5
330       332         2         7
336       337         1         2
327       335         8         4
27       334       307         5
24       330       306         9
311       321        10        18
322       337        15         2
316       336        20         3
321       331        10         8
322       338        16         1
327       334         7         5
325       335        10         4
331       335         4         4
328       338        10         1
336       337         1         2
332       336         4         3
320       337        17         2
337       338         1         1
326       334         8         5
332       336         4         3
201       325       124        14
325       327         2        12
31       337       306         2
333       334         1         5
317       337        20         2
327       337        10         2
324       334        10         5
324       338        14         1
191       335       144         4
332       335         3         4
320       328         8        11
331       332         1         7
332       334         2         5
28       328       300        11
334       338         4         1
185       338       153         1
159       337       178         2
333       334         1         5
332       335         3         4
17       336       319         3
20       331       311         8
31       335       304         4
24       328       304        11
313       337        24         2
332       337         5         2
317       325         8        14
324       338        14         1
334       338         4         1
335       338         3         1
329       334         5         5
335       337         2         2
331       332         1         7
155       338       183         1
326       338        12         1
327       333         6         6
29       334       305         5
327       338        11         1
324       329         5        10
159       335       176         4
21       319       298        20
153       336       183         3
337       338         1         1
311       338        27         1
320       324         4        15
318       321         3        18
337       338         1         1
336       338         2         1
30       334       304         5
27       328       301        11
326       338        12         1
324       328         4        11
21       335       314         4
186       317       131        22
30       329       299        10
328       334         6         5
335       337         2         2
326       338        12         1
191       332       141         7
320       326         6        13
176       334       158         5
