253     3506     3506     0     0
252     2925     2925     0     469
251     2506     2506     0     441
250     2095     2095     0     355
249     1795     1795     0     295
248     1525     1525     0     252
247     1310     1310     0     233
246     1106     1106     0     173
245     941     941     0     158
244     805     805     0     138
243     684     684     0     124
242     587     587     0     98
241     504     504     0     83
240     422     422     0     80
239     358     358     0     58
238     308     308     0     57
237     257     257     0     42
236     218     218     0     38
235     202     202     0     43
234     173     173     0     31
233     148     148     0     26
232     119     119     0     15
231     115     115     0     27
230     100     100     0     15
229     100     4635     0     0
228     100     3896     0     655
227     100     3273     0     523
226     99     2799     0     481
225     98     2384     0     394
224     97     2022     0     332
223     97     1753     0     300
222     96     1515     0     268
221     96     1270     0     205
220     92     1063     0     182
219     89     887     0     138
218     87     766     0     144
217     86     671     0     118
216     86     565     0     98
215     81     479     0     93
214     79     392     0     59
213     79     344     0     65
212     77     295     0     51
211     75     251     0     45
210     72     212     0     36
209     68     176     0     27
208     63     147     0     21
207     59     123     0     22
206     52     100     0     13
205     52     4546     0     0
204     52     3839     0     653
203     52     3176     0     508
202     52     2696     0     468
201     52     2321     0     423
200     51     1942     0     328
199     51     1664     0     287
198     51     1401     0     226
197     51     1221     0     223
196     51     1032     0     163
195     50     827     0     114
194     49     708     0     123
193     48     598     0     102
192     47     494     0     80
191     47     403     0     55
190     46     349     0     63
189     46     302     0     57
188     46     243     0     33
187     44     204     0     33
186     43     161     0     25
185     40     143     0     27
184     39     113     0     17
183     39     102     0     25
182     38     100     0     24
181     38     4391     0     0
180     38     3757     0     649
179     38     3217     0     547
178     37     2693     0     428
177     37     2308     0     407
176     37     1969     0     327
175     37     1693     0     295
174     36     1452     0     250
173     36     1219     0     207
172     35     1043     0     190
171     35     922     0     182
170     35     805     0     147
169     35     635     0     86
168     35     562     0     105
167     35     470     0     78
166     35     395     0     72
165     34     351     0     71
164     33     296     0     50
163     33     245     0     43
162     32     206     0     31
161     32     170     0     27
160     31     138     0     20
159     31     121     0     25
158     31     100     0     17
157     31     4738     0     0
156     31     4053     0     716
155     31     3404     0     537
154     31     2928     0     504
153     31     2522     0     447
152     31     2146     0     382
151     31     1845     0     320
150     31     1527     0     240
149     31     1268     0     208
148     31     1064     0     174
147     31     918     0     149
146     31     801     0     141
145     31     691     0     115
144     31     587     0     109
143     30     500     0     86
142     30     424     0     78
141     28     353     0     49
140     28     290     0     47
139     28     250     0     43
138     28     205     0     27
137     27     168     0     22
136     27     134     0     17
135     27     113     0     15
134     26     100     0     20
133     26     4386     0     0
132     26     3737     0     645
131     26     3185     0     541
130     26     2717     0     461
129     26     2270     0     386
128     26     1944     0     332
127     26     1637     0     279
126     26     1402     0     243
125     26     1163     0     176
124     26     991     0     162
123     26     878     0     160
122     26     765     0     140
121     26     661     0     120
120     26     576     0     98
119     26     510     0     107
118     26     425     0     68
117     26     369     0     68
116     26     318     0     53
115     26     264     0     42
114     25     222     0     35
113     24     187     0     31
112     22     151     0     21
111     21     124     0     15
110     20     100     0     11
109     20     5061     0     0
108     20     4316     0     766
107     20     3710     0     665
106     20     3125     0     501
105     20     2676     0     456
104     20     2231     0     351
103     20     1900     0     322
102     20     1624     0     271
101     20     1405     0     246
100     20     1189     0     197
99     19     985     0     151
98     19     819     0     139
97     19     689     0     114
96     19     588     0     97
95     19     500     0     79
94     19     413     0     56
93     19     361     0     61
92     19     317     0     52
91     19     258     0     33
90     19     203     0     23
89     19     179     0     32
88     18     139     0     19
87     18     110     0     14
86     18     100     0     18
85     18     2215439     0     0
84     18     1875701     0     314338
83     18     1588165     0     265811
82     18     1344787     0     225408
81     18     1140046     0     191371
80     18     964766     0     161120
79     18     817795     0     137370
78     18     692718     0     116564
77     18     587082     0     98930
76     18     497725     0     83874
75     18     422070     0     71037
74     18     357443     0     60010
73     18     303029     0     50963
72     18     256867     0     43296
71     18     217108     0     36203
70     18     184154     0     31073
69     18     155659     0     25881
68     18     131727     0     21999
67     18     111551     0     18595
66     18     94200     0     15600
65     18     79897     0     13448
64     18     67544     0     11376
63     18     56980     0     9375
62     18     48239     0     8040
61     18     40836     0     6802
60     18     34550     0     5730
59     18     29280     0     4939
58     18     24813     0     4213
57     18     20927     0     3524
56     18     17799     0     3038
55     18     15109     0     2566
54     18     12708     0     2081
53     18     10755     0     1823
52     18     9074     0     1477
51     18     7661     0     1274
50     18     6464     0     1064
49     18     5432     0     881
48     18     4575     0     745
47     18     3892     0     677
46     18     3353     0     577
45     18     2826     0     474
44     18     2419     0     445
43     18     2036     0     363
42     18     1749     0     315
41     18     1515     0     271
40     18     1281     0     204
39     18     1081     0     175
38     18     928     0     169
37     18     781     0     134
36     18     691     0     141
35     18     567     0     83
34     18     454     0     58
33     18     399     0     82
32     18     352     0     72
31     18     285     0     44
30     18     235     0     38
29     18     208     0     37
28     18     165     0     19
27     17     146     0     32
26     17     123     0     23
25     16     103     0     19
24     16     82     0     12
23     16     68     0     10
22     15     57     0     11
21     14     43     0     4
20     13     35     0     6
19     12     29     0     5
18     10     23     0     2
17     10     20     0     4
16     9     15     0     1
15     8     11     0     1
14     6     8     0     1
13     5     6     0     0
12     4     5     0     1
11     4     4     0     1
10     3     3     0     0
9     3     4     0     2
8     3     4     0     2
7     3     3     0     0
6     2     2     0     0
5     1     1     0     0
4     1     1     0     0
3     1     1     0     0
2     1     1     0     0
1     1     1     0     0
0     1     1     0     0
