523     3049     3049     0     0
522     2805     2805     0     569
521     2575     2575     0     533
520     2378     2378     0     494
519     2185     2185     0     451
518     2026     2026     0     427
517     1872     1872     0     390
516     1769     1769     0     396
515     1639     1639     0     334
514     1457     1457     0     301
513     1389     1389     0     303
512     1334     1334     0     297
511     1233     1233     0     272
510     1136     1136     0     239
509     1021     1021     0     193
508     965     965     0     216
507     903     903     0     196
506     851     851     0     181
505     796     796     0     169
504     732     732     0     147
503     679     679     0     139
502     602     602     0     117
501     587     587     0     135
500     573     573     0     143
499     521     521     0     107
498     485     485     0     106
497     441     441     0     84
496     394     394     0     70
495     355     355     0     69
494     340     340     0     74
493     324     324     0     69
492     295     295     0     60
491     286     286     0     70
490     260     260     0     57
489     236     236     0     46
488     228     228     0     51
487     216     216     0     49
486     195     195     0     32
485     179     179     0     37
484     166     166     0     35
483     155     155     0     30
482     151     151     0     32
481     151     151     0     36
480     151     154     0     37
479     135     137     0     26
478     125     127     0     28
477     105     106     0     20
476     100     101     0     28
475     100     106     0     32
474     94     100     0     21
473     94     5078     0     0
472     94     4756     0     1048
471     94     4343     0     878
470     94     4033     0     842
469     94     3757     0     812
468     94     3471     0     758
467     94     3267     0     700
466     94     3051     0     665
465     94     2840     0     601
464     93     2641     0     573
463     93     2459     0     525
462     93     2293     0     474
461     93     2100     0     433
460     93     1982     0     435
459     93     1833     0     367
458     93     1702     0     365
457     93     1547     0     303
456     93     1444     0     301
455     90     1325     0     274
454     89     1219     0     253
453     87     1146     0     256
452     87     1051     0     221
451     87     960     0     207
450     86     862     0     180
449     86     795     0     176
448     86     762     0     176
447     86     687     0     141
446     86     652     0     150
445     85     582     0     117
444     84     545     0     115
443     84     526     0     124
442     83     468     0     99
441     83     427     0     93
440     82     391     0     88
439     81     360     0     79
438     79     323     0     61
437     79     316     0     72
436     76     286     0     53
435     76     271     0     60
434     74     258     0     63
433     73     238     0     53
432     72     223     0     48
431     68     201     0     38
430     67     186     0     38
429     63     164     0     28
428     62     154     0     35
427     60     138     0     29
426     56     118     0     20
425     52     95     0     17
424     52     100     0     26
423     52     3900     0     0
422     52     3564     0     718
421     52     3279     0     688
420     52     3047     0     647
419     52     2809     0     593
418     52     2640     0     582
417     52     2452     0     535
416     52     2268     0     472
415     52     2084     0     435
414     51     1956     0     405
413     51     1797     0     379
412     51     1710     0     399
411     51     1548     0     310
410     51     1406     0     286
409     51     1311     0     296
408     50     1203     0     242
407     50     1115     0     231
406     50     1049     0     226
405     50     973     0     205
404     50     905     0     200
403     49     815     0     160
402     49     749     0     154
401     49     701     0     156
400     49     670     0     153
399     48     585     0     106
398     48     551     0     121
397     46     514     0     111
396     46     463     0     89
395     45     433     0     88
394     45     394     0     89
393     45     374     0     81
392     45     366     0     95
391     44     332     0     64
390     44     304     0     64
389     44     280     0     58
388     44     262     0     50
387     44     240     0     46
386     44     223     0     51
385     44     202     0     35
384     44     178     0     33
383     43     161     0     31
382     42     149     0     31
381     42     149     0     39
380     41     144     0     35
379     40     127     0     26
378     40     125     0     30
377     40     118     0     27
376     40     113     0     25
375     40     111     0     27
374     40     100     0     18
373     40     4208     0     0
372     40     3925     0     850
371     40     3694     0     808
370     40     3420     0     733
369     40     3144     0     643
368     40     2922     0     627
367     40     2731     0     590
366     40     2508     0     501
365     40     2301     0     490
364     40     2144     0     465
363     40     1957     0     410
362     40     1807     0     367
361     40     1680     0     363
360     40     1569     0     318
359     40     1444     0     297
358     40     1327     0     270
357     40     1187     0     246
356     40     1089     0     223
355     40     988     0     199
354     40     887     0     167
353     40     842     0     190
352     40     813     0     193
351     40     759     0     165
350     40     709     0     150
349     40     707     0     187
348     40     641     0     130
347     40     614     0     151
346     39     571     0     117
345     39     521     0     99
344     38     486     0     111
343     38     442     0     82
342     38     453     0     115
341     37     413     0     87
340     37     395     0     90
339     37     363     0     78
338     34     321     0     65
337     34     280     0     55
336     33     247     0     44
335     33     237     0     57
334     33     204     0     35
333     33     185     0     38
332     33     187     0     51
331     33     174     0     35
330     33     164     0     32
329     30     153     0     35
328     30     142     0     28
327     30     130     0     31
326     29     115     0     22
325     29     104     0     21
324     29     100     0     21
323     29     3839     0     0
322     29     3584     0     766
321     29     3339     0     736
320     29     3064     0     654
319     29     2851     0     581
318     29     2679     0     578
317     29     2450     0     508
316     29     2250     0     471
315     29     2043     0     423
314     29     1857     0     357
313     29     1654     0     331
312     29     1542     0     333
311     29     1432     0     314
310     29     1344     0     290
309     29     1260     0     267
308     29     1136     0     213
307     28     1031     0     205
306     28     944     0     186
305     28     883     0     188
304     28     814     0     184
303     28     749     0     155
302     28     672     0     124
301     28     641     0     145
300     28     607     0     128
299     28     544     0     110
298     28     512     0     114
297     28     475     0     94
296     28     447     0     99
295     28     401     0     86
294     28     381     0     85
293     28     342     0     73
292     28     335     0     88
291     27     322     0     77
290     27     317     0     75
289     27     289     0     64
288     26     248     0     44
287     26     252     0     64
286     26     244     0     51
285     26     217     0     38
284     26     212     0     53
283     26     211     0     56
282     26     196     0     36
281     25     176     0     39
280     25     165     0     37
279     24     157     0     35
278     24     134     0     24
277     24     134     0     34
276     23     112     0     20
275     22     109     0     27
274     22     100     0     18
273     22     4435     0     0
272     22     4097     0     863
271     22     3841     0     825
270     22     3583     0     789
269     22     3322     0     716
268     22     3074     0     653
267     22     2855     0     595
266     22     2626     0     561
265     22     2457     0     511
264     22     2272     0     474
263     22     2150     0     478
262     22     1996     0     435
261     22     1900     0     433
260     22     1752     0     367
259     22     1605     0     324
258     22     1495     0     306
257     22     1384     0     281
256     22     1326     0     301
255     22     1234     0     268
254     22     1165     0     247
253     22     1066     0     223
252     22     990     0     210
251     22     907     0     182
250     22     811     0     159
249     22     739     0     145
248     22     679     0     148
247     22     612     0     126
246     22     597     0     147
245     22     545     0     115
244     22     517     0     114
243     22     474     0     94
242     22     428     0     81
241     22     384     0     67
240     22     344     0     80
239     22     324     0     81
238     22     317     0     76
237     22     290     0     61
236     22     267     0     55
235     21     234     0     45
234     21     219     0     52
233     21     203     0     41
232     21     173     0     30
231     21     172     0     43
230     21     161     0     35
229     21     147     0     33
228     21     135     0     26
227     21     122     0     23
226     21     107     0     24
225     21     97     0     17
224     21     100     0     26
223     21     3815     0     0
222     21     3555     0     735
221     21     3295     0     695
220     21     3108     0     684
219     21     2905     0     630
218     21     2703     0     584
217     21     2520     0     566
216     21     2304     0     469
215     21     2149     0     478
214     21     2023     0     424
213     21     1886     0     407
212     21     1713     0     357
211     21     1575     0     332
210     21     1474     0     325
209     21     1359     0     258
208     21     1242     0     248
207     21     1090     0     207
206     21     957     0     169
205     21     854     0     173
204     21     784     0     169
203     21     700     0     132
202     21     667     0     164
201     21     621     0     144
200     21     574     0     126
199     21     537     0     114
198     21     525     0     118
197     21     471     0     88
196     21     436     0     92
195     21     407     0     86
194     21     347     0     54
193     21     310     0     62
192     21     264     0     46
191     21     245     0     51
190     21     224     0     47
189     21     209     0     43
188     21     194     0     35
187     21     191     0     45
186     21     191     0     43
185     21     177     0     39
184     21     174     0     46
183     20     154     0     27
182     19     142     0     31
181     19     155     0     50
180     19     144     0     33
179     18     126     0     24
178     18     112     0     20
177     18     105     0     24
176     18     113     0     30
175     18     115     0     29
174     18     100     0     15
173     18     1070739     0     0
172     18     992174     0     210375
171     18     918389     0     194391
170     18     850509     0     180092
169     18     786949     0     166416
168     18     728171     0     153905
167     18     674903     0     143356
166     18     624408     0     131839
165     18     577704     0     122200
164     18     535356     0     113667
163     18     495972     0     105023
162     18     458320     0     96482
161     18     425025     0     90114
160     18     394163     0     83597
159     18     365145     0     77431
158     18     337538     0     71119
157     18     312029     0     65750
156     18     289119     0     61340
155     18     267241     0     56284
154     18     247420     0     52419
153     18     229548     0     49005
152     18     212780     0     45256
151     18     197288     0     41765
150     18     182463     0     38529
149     18     168829     0     35748
148     18     155830     0     32708
147     18     144494     0     30641
146     18     133740     0     28265
145     18     123903     0     26434
144     18     114669     0     24145
143     18     106147     0     22324
142     18     98098     0     20616
141     18     90692     0     19042
140     18     83900     0     17749
139     18     77748     0     16487
138     18     72072     0     15398
137     18     66711     0     14197
136     18     61794     0     13031
135     18     57190     0     12053
134     18     52874     0     11216
133     18     48705     0     10183
132     18     45019     0     9552
131     18     41874     0     8891
130     18     38862     0     8244
129     18     36210     0     7792
128     18     33580     0     7144
127     18     30937     0     6505
126     18     28725     0     6168
125     18     26745     0     5813
124     18     24691     0     5146
123     18     22933     0     4974
122     18     21380     0     4511
121     18     19683     0     4063
120     18     18222     0     3874
119     18     16852     0     3574
118     18     15612     0     3304
117     18     14493     0     3081
116     18     13317     0     2784
115     18     12266     0     2585
114     18     11399     0     2401
113     18     10547     0     2245
112     18     9661     0     2021
111     18     9103     0     2023
110     18     8422     0     1770
109     18     7827     0     1656
108     18     7214     0     1529
107     18     6695     0     1438
106     18     6195     0     1330
105     18     5818     0     1277
104     18     5439     0     1190
103     18     5027     0     1071
102     18     4683     0     1036
101     18     4319     0     934
100     18     4003     0     830
99     18     3677     0     747
98     18     3373     0     667
97     18     3068     0     614
96     18     2855     0     627
95     18     2653     0     575
94     18     2485     0     544
93     18     2281     0     490
92     18     2162     0     489
91     18     1981     0     409
90     18     1844     0     387
89     18     1711     0     368
88     18     1592     0     331
87     18     1462     0     295
86     18     1356     0     293
85     18     1249     0     280
84     18     1124     0     214
83     18     1083     0     249
82     18     995     0     211
81     18     949     0     228
80     18     887     0     203
79     18     825     0     187
78     18     788     0     187
77     18     762     0     175
76     18     698     0     141
75     18     644     0     141
74     18     594     0     122
73     18     533     0     116
72     18     512     0     115
71     18     477     0     98
70     18     454     0     104
69     18     424     0     98
68     18     405     0     92
67     18     387     0     87
66     18     357     0     66
65     18     312     0     60
64     18     309     0     74
63     18     282     0     56
62     18     276     0     68
61     18     237     0     39
60     18     225     0     48
59     18     211     0     48
58     18     202     0     51
57     18     188     0     41
56     18     175     0     38
55     18     174     0     44
54     18     177     0     46
53     18     167     0     36
52     18     142     0     19
51     18     133     0     23
50     18     119     0     23
49     18     103     0     22
48     18     93     0     21
47     18     88     0     22
46     17     84     0     20
45     17     84     0     21
44     17     83     0     19
43     17     76     0     18
42     17     71     0     13
41     17     66     0     15
40     17     66     0     19
39     17     58     0     8
38     17     55     0     14
37     16     50     0     9
36     16     47     0     9
35     16     48     0     13
34     15     37     0     6
33     14     34     0     8
32     13     30     0     6
31     13     25     0     5
30     11     20     0     2
29     11     20     0     4
28     11     23     0     6
27     10     20     0     3
26     10     21     0     5
25     10     20     0     5
24     10     22     0     6
23     10     22     0     6
22     9     19     0     1
21     8     18     0     5
20     8     20     0     5
19     8     18     0     4
18     7     17     0     4
17     6     14     0     2
16     6     14     0     4
15     4     11     0     3
14     4     11     0     2
13     4     10     0     1
12     4     10     0     2
11     4     10     0     1
10     4     8     0     2
9     4     10     0     3
8     4     8     0     2
7     4     8     0     3
6     4     6     0     1
5     3     4     0     0
4     3     5     0     2
3     3     3     0     0
2     2     2     0     0
1     1     1     0     0
0     1     1     0     0
338     5179     5179     0     0
337     4638     4638     0     906
336     3999     3999     0     715
335     3514     3514     0     656
334     2996     2996     0     509
333     2664     2664     0     523
332     2316     2316     0     407
331     2049     2049     0     364
330     1834     1834     0     332
329     1625     1625     0     290
328     1431     1431     0     274
327     1239     1239     0     229
326     1082     1082     0     195
325     957     957     0     193
324     915     915     0     213
323     769     769     0     119
322     664     664     0     118
321     578     578     0     110
320     501     501     0     88
319     420     420     0     71
318     386     386     0     82
317     360     360     0     80
316     325     325     0     66
315     292     292     0     55
314     263     263     0     49
313     225     225     0     41
312     196     196     0     38
311     163     163     0     26
310     145     145     0     27
309     127     127     0     23
308     111     111     0     21
307     100     100     0     19
306     100     4662     0     0
305     100     4159     0     791
304     100     3604     0     613
303     99     3276     0     646
302     99     2925     0     567
301     99     2594     0     493
300     99     2283     0     426
299     98     2007     0     380
298     98     1752     0     325
297     97     1596     0     327
296     97     1405     0     270
295     97     1233     0     215
294     96     1070     0     194
293     96     936     0     166
292     96     824     0     148
291     95     725     0     141
290     92     645     0     124
289     89     572     0     105
288     87     489     0     92
287     86     438     0     89
286     85     376     0     69
285     84     335     0     61
284     84     299     0     69
283     82     260     0     38
282     79     228     0     29
281     78     206     0     40
280     72     182     0     31
279     72     163     0     33
278     68     150     0     33
277     65     135     0     24
276     59     116     0     17
275     57     100     0     15
274     57     5202     0     0
273     57     4620     0     869
272     57     4087     0     798
271     57     3639     0     712
270     57     3265     0     638
269     56     2783     0     483
268     56     2448     0     451
267     56     2158     0     395
266     56     1894     0     365
265     56     1630     0     287
264     56     1430     0     258
263     56     1287     0     271
262     56     1131     0     212
261     56     1007     0     172
260     56     878     0     154
259     56     777     0     153
258     56     721     0     158
257     56     643     0     126
256     55     558     0     95
255     55     479     0     77
254     55     462     0     107
253     55     424     0     91
252     54     383     0     69
251     51     330     0     59
250     51     286     0     56
249     50     249     0     42
248     48     229     0     47
247     47     201     0     38
246     46     175     0     32
245     44     139     0     22
244     38     114     0     21
243     37     100     0     18
242     37     4967     0     0
241     37     4436     0     877
240     37     3938     0     754
239     37     3543     0     704
238     37     3140     0     601
237     37     2810     0     573
236     37     2473     0     461
235     35     2212     0     441
234     35     1909     0     337
233     35     1655     0     298
232     35     1481     0     278
231     35     1284     0     224
230     35     1151     0     239
229     35     1001     0     181
228     35     858     0     143
227     34     747     0     128
226     33     662     0     126
225     33     577     0     103
224     33     503     0     88
223     33     444     0     87
222     32     402     0     79
221     32     361     0     73
220     31     301     0     52
219     30     270     0     59
218     29     244     0     48
217     29     224     0     51
216     26     186     0     26
215     26     169     0     37
214     26     153     0     35
213     25     137     0     25
212     25     112     0     17
211     25     100     0     16
210     25     3586     0     0
209     25     3112     0     539
208     25     2778     0     542
207     25     2464     0     459
206     25     2208     0     425
205     25     1911     0     333
204     25     1671     0     306
203     25     1442     0     254
202     25     1279     0     237
201     25     1115     0     199
200     25     1026     0     207
199     25     926     0     186
198     25     802     0     132
197     25     671     0     113
196     25     582     0     105
195     25     528     0     102
194     25     460     0     78
193     25     403     0     75
192     24     353     0     67
191     24     345     0     76
190     24     309     0     52
189     24     266     0     42
188     21     243     0     51
187     21     217     0     40
186     21     215     0     53
185     21     192     0     36
184     21     172     0     33
183     21     147     0     27
182     21     143     0     29
181     20     128     0     29
180     20     120     0     26
179     20     100     0     14
178     20     3392     0     0
177     20     3003     0     552
176     20     2634     0     511
175     20     2341     0     462
174     20     2070     0     382
173     20     1785     0     318
172     20     1587     0     291
171     20     1422     0     266
170     20     1259     0     230
169     20     1137     0     220
168     20     1008     0     186
167     20     852     0     146
166     20     777     0     157
165     20     698     0     146
164     20     633     0     130
163     19     538     0     87
162     19     499     0     105
161     19     466     0     102
160     18     429     0     82
159     17     375     0     64
158     17     333     0     53
157     17     288     0     53
156     17     251     0     47
155     17     227     0     42
154     17     216     0     44
153     17     180     0     29
152     17     168     0     34
151     17     151     0     31
150     17     135     0     26
149     17     115     0     22
148     17     113     0     29
147     17     100     0     21
146     17     4054     0     0
145     17     3514     0     599
144     17     3107     0     565
143     17     2758     0     533
142     17     2464     0     476
141     17     2186     0     396
140     17     1916     0     354
139     17     1713     0     350
138     17     1530     0     311
137     17     1380     0     261
136     16     1216     0     220
135     16     1075     0     186
134     16     904     0     148
133     15     786     0     137
132     15     702     0     150
131     15     611     0     110
130     14     542     0     100
129     14     465     0     77
128     14     420     0     87
127     14     375     0     75
126     14     342     0     76
125     14     303     0     59
124     14     247     0     38
123     14     221     0     46
122     14     205     0     45
121     14     170     0     18
120     14     153     0     29
119     14     139     0     27
118     13     116     0     14
117     13     108     0     24
116     13     93     0     22
115     13     100     0     28
114     13     4518742     0     0
113     13     4005857     0     761252
112     13     3550573     0     673926
111     13     3144923     0     595976
110     13     2787554     0     529763
109     13     2470352     0     468368
108     13     2188024     0     414376
107     13     1939304     0     368152
106     13     1720500     0     328022
105     13     1524338     0     289147
104     13     1351189     0     256945
103     13     1197118     0     227298
102     13     1059994     0     200431
101     13     940124     0     178761
100     13     833256     0     158268
99     13     737513     0     139764
98     13     653906     0     124280
97     13     579685     0     110437
96     13     513565     0     97418
95     13     455045     0     86167
94     13     403620     0     76994
93     13     357371     0     67558
92     13     316481     0     60355
91     13     280432     0     53327
90     13     248870     0     47524
89     13     220128     0     41612
88     13     194962     0     37159
87     13     172468     0     32655
86     13     153061     0     29297
85     13     135691     0     25741
84     13     119988     0     22614
83     13     106376     0     20106
82     13     94467     0     17971
81     13     83740     0     15887
80     13     74114     0     13944
79     13     65897     0     12615
78     13     58245     0     10979
77     13     51677     0     9847
76     13     45771     0     8740
75     13     40360     0     7579
74     13     35699     0     6821
73     13     31554     0     5976
72     13     27954     0     5321
71     13     24776     0     4666
70     13     21995     0     4170
69     13     19494     0     3725
68     13     17236     0     3241
67     13     15265     0     2889
66     13     13570     0     2589
65     13     12110     0     2317
64     13     10683     0     2024
63     13     9526     0     1825
62     13     8446     0     1611
61     13     7504     0     1394
60     13     6613     0     1225
59     13     5933     0     1188
58     13     5293     0     1038
57     13     4674     0     884
56     13     4100     0     724
55     13     3655     0     694
54     13     3269     0     628
53     13     2949     0     567
52     13     2607     0     496
51     13     2359     0     483
50     13     2111     0     412
49     13     1923     0     396
48     13     1689     0     309
47     13     1540     0     297
46     13     1352     0     248
45     13     1218     0     236
44     13     1062     0     187
43     13     925     0     170
42     13     816     0     144
41     13     746     0     145
40     13     698     0     151
39     13     619     0     120
38     13     556     0     108
37     13     475     0     76
36     13     434     0     78
35     13     383     0     73
34     13     331     0     63
33     13     282     0     47
32     13     244     0     47
31     13     202     0     34
30     13     175     0     28
29     13     156     0     34
28     13     142     0     26
27     13     122     0     26
26     13     110     0     21
25     13     91     0     13
24     12     75     0     10
23     12     75     0     20
22     12     74     0     13
21     12     71     0     13
20     12     65     0     10
19     11     52     0     5
18     11     44     0     8
17     11     38     0     10
16     10     33     0     4
15     10     29     0     5
14     10     25     0     4
13     10     28     0     9
12     9     18     0     1
11     8     15     0     1
10     6     12     0     1
9     6     10     0     1
8     5     8     0     2
7     5     6     0     0
6     4     5     0     0
5     3     4     0     0
4     3     5     0     3
3     2     3     0     0
2     1     2     0     0
1     1     1     0     0
0     1     1     0     0
