54       486       432        38
521       522         1         2
493       512        19        12
489       510        21        14
46       199       153       325
48       511       463        13
506       522        16         2
495       507        12        17
248       523       275         1
514       519         5         5
332       504       172        20
87       519       432         5
298       513       215        11
295       512       217        12
488       521        33         3
520       523         3         1
235       518       283         6
515       516         1         8
1       515       514         9
81       505       424        19
516       517         1         7
507       519        12         5
512       521         9         3
485       499        14        25
507       521        14         3
477       485         8        39
518       519         1         5
507       522        15         2
517       520         3         4
488       500        12        24
247       498       251        26
498       509        11        15
502       520        18         4
87       116        29       408
507       520        13         4
498       510        12        14
518       521         3         3
74       507       433        17
342       492       150        32
455       494        39        30
349       512       163        12
244       522       278         2
515       521         6         3
247       513       266        11
294       519       225         5
301       519       218         5
48       523       475         1
510       523        13         1
509       522        13         2
501       513        12        11
517       522         5         2
512       520         8         4
497       503         6        21
444       515        71         9
511       517         6         7
466       523        57         1
28       505       477        19
292       516       224         8
514       518         4         6
93       523       430         1
92       519       427         5
500       519        19         5
276       513       237        11
97       510       413        14
499       523        24         1
503       522        19         2
503       523        20         1
195       520       325         4
508       519        11         5
6       515       509         9
508       521        13         3
506       521        15         3
464       518        54         6
197       520       323         4
510       522        12         2
517       522         5         2
477       517        40         7
149       517       368         7
515       518         3         6
45       519       474         5
501       517        16         7
502       507         5        17
506       513         7        11
482       514        32        10
464       509        45        15
517       519         2         5
518       523         5         1
33       505       472        19
148       518       370         6
48       514       466        10
517       523         6         1
499       512        13        12
199       517       318         7
519       522         3         2
512       520         8         4
507       510         3        14
513       516         3         8
501       515        14         9
146       517       371         7
338       523       185         1
505       522        17         2
513       519         6         5
495       511        16        13
44        90        46       434
505       519        14         5
507       511         4        13
114       520       406         4
487       521        34         3
515       521         6         3
41       522       481         2
282       522       240         2
511       522        11         2
198       510       312        14
31       520       489         4
488       512        24        12
247       510       263        14
519       523         4         1
495       516        21         8
99       521       422         3
505       509         4        15
519       522         3         2
507       520        13         4
519       520         1         4
480       511        31        13
520       521         1         3
98       489       391        35
508       514         6        10
519       523         4         1
490       521        31         3
506       519        13         5
487       510        23        14
495       513        18        11
493       522        29         2
239       523       284         1
515       518         3         6
509       515         6         9
491       520        29         4
519       520         1         4
25       508       483        16
516       521         5         3
501       522        21         2
493       518        25         6
298       492       194        32
76       522       446         2
514       521         7         3
224       521       297         3
493       513        20        11
144       515       371         9
513       522         9         2
515       517         2         7
90       505       415        19
512       522        10         2
145       510       365        14
134       514       380        10
508       523        15         1
497       509        12        15
194       514       320        10
508       520        12         4
249       523       274         1
92       519       427         5
517       519         2         5
517       520         3         4
502       523        21         1
508       509         1        15
518       523         5         1
518       521         3         3
508       511         3        13
236       500       264        24
485       506        21        18
298       515       217         9
480       518        38         6
327       517       190         7
511       519         8         5
510       523        13         1
496       510        14        14
515       523         8         1
296       522       226         2
488       511        23        13
247       523       276         1
485       516        31         8
510       523        13         1
488       501        13        23
139       510       371        14
509       520        11         4
40       522       482         2
508       511         3        13
249       453       204        71
504       521        17         3
499       519        20         5
186       509       323        15
185       523       338         1
511       520         9         4
186       238        52       286
486       519        33         5
516       522         6         2
184       523       339         1
491       520        29         4
502       509         7        15
198       505       307        19
518       520         2         4
345       501       156        23
512       518         6         6
180       484       304        40
517       519         2         5
469       520        51         4
298       518       220         6
522       523         1         1
80       516       436         8
512       514         2        10
522       523         1         1
94       519       425         5
517       518         1         6
520       522         2         2
504       521        17         3
47       156       109       368
501       520        19         4
83       343       260       181
501       512        11        12
234       506       272        18
243       482       239        42
507       520        13         4
505       517        12         7
505       519        14         5
477       518        41         6
149       486       337        38
278       495       217        29
502       518        16         6
89       501       412        23
346       519       173         5
486       518        32         6
513       522         9         2
349       523       174         1
494       512        18        12
510       523        13         1
490       520        30         4
522       523         1         1
510       521        11         3
511       519         8         5
489       520        31         4
507       509         2        15
284       510       226        14
499       521        22         3
191       510       319        14
491       506        15        18
179       519       340         5
482       511        29        13
170       520       350         4
166       497       331        27
505       522        17         2
509       522        13         2
517       522         5         2
495       513        18        11
456       512        56        12
521       523         2         1
334       522       188         2
512       522        10         2
493       504        11        20
238       514       276        10
518       523         5         1
521       522         1         2
198       517       319         7
518       521         3         3
99       523       424         1
26       509       483        15
491       505        14        19
513       521         8         3
521       523         2         1
505       517        12         7
510       511         1        13
500       514        14        10
501       522        21         2
199       503       304        21
516       523         7         1
518       520         2         4
520       521         1         3
517       518         1         6
247       521       274         3
497       501         4        23
514       520         6         4
273       512       239        12
519       521         2         3
515       523         8         1
518       521         3         3
500       513        13        11
515       517         2         7
513       514         1        10
470       518        48         6
143       509       366        15
507       514         7        10
490       502        12        22
274       521       247         3
290       515       225         9
510       512         2        12
515       520         5         4
519       520         1         4
509       522        13         2
231       520       289         4
123       521       398         3
499       502         3        22
515       523         8         1
480       517        37         7
504       516        12         8
78       523       445         1
519       523         4         1
512       520         8         4
506       517        11         7
505       511         6        13
515       522         7         2
497       506         9        18
514       521         7         3
513       522         9         2
38       510       472        14
503       517        14         7
515       518         3         6
246       514       268        10
517       518         1         6
489       518        29         6
147       337       190       187
514       518         4         6
90       522       432         2
286       521       235         3
517       522         5         2
478       515        37         9
262       498       236        26
348       520       172         4
488       522        34         2
507       521        14         3
486       506        20        18
174       523       349         1
45       521       476         3
246       523       277         1
517       523         6         1
193       522       329         2
495       522        27         2
516       517         1         7
500       514        14        10
45       520       475         4
227       522       295         2
87       483       396        41
513       522         9         2
341       522       181         2
93       523       430         1
289       516       227         8
513       521         8         3
121       516       395         8
475       502        27        22
157       521       364         3
197       517       320         7
195       493       298        31
509       517         8         7
505       519        14         5
503       523        20         1
490       499         9        25
513       517         4         7
78       501       423        23
514       515         1         9
489       513        24        11
501       523        22         1
199       513       314        11
517       519         2         5
516       523         7         1
504       519        15         5
517       518         1         6
149       515       366         9
518       522         4         2
84       519       435         5
515       522         7         2
521       523         2         1
495       523        28         1
503       522        19         2
510       523        13         1
143       523       380         1
512       519         7         5
457       523        66         1
504       513         9        11
483       523        40         1
47       511       464        13
267       523       256         1
516       520         4         4
519       520         1         4
95       523       428         1
494       513        19        11
272       513       241        11
490       512        22        12
501       510         9        14
511       522        11         2
244       507       263        17
113       510       397        14
512       523        11         1
498       506         8        18
495       515        20         9
149       519       370         5
513       518         5         6
512       516         4         8
510       522        12         2
91       518       427         6
520       523         3         1
505       507         2        17
494       522        28         2
516       523         7         1
470       509        39        15
518       522         4         2
494       520        26         4
496       517        21         7
498       499         1        25
486       520        34         4
337       521       184         3
29       523       494         1
503       505         2        19
475       521        46         3
497       508        11        16
498       499         1        25
512       523        11         1
508       516         8         8
230       522       292         2
502       520        18         4
486       514        28        10
507       517        10         7
49       520       471         4
445       518        73         6
508       509         1        15
498       520        22         4
192       492       300        32
508       510         2        14
517       519         2         5
87       523       436         1
503       521        18         3
515       523         8         1
487       519        32         5
517       519         2         5
499       522        23         2
286       520       234         4
509       521        12         3
502       521        19         3
515       523         8         1
505       523        18         1
242       523       281         1
512       516         4         8
247       507       260        17
461       513        52        11
202       508       306        16
475       509        34        15
348       522       174         2
505       520        15         4
502       523        21         1
140       498       358        26
232       499       267        25
77       495       418        29
508       511         3        13
515       517         2         7
506       509         3        15
506       521        15         3
35       513       478        11
511       522        11         2
513       521         8         3
494       522        28         2
512       515         3         9
515       520         5         4
504       523        19         1
493       516        23         8
41       515       474         9
504       518        14         6
179       500       321        24
129       509       380        15
341       498       157        26
501       514        13        10
520       523         3         1
493       523        30         1
504       514        10        10
175       507       332        17
506       521        15         3
498       523        25         1
483       521        38         3
519       520         1         4
487       520        33         4
126       516       390         8
502       516        14         8
91       512       421        12
134       514       380        10
517       521         4         3
467       501        34        23
501       507         6        17
501       505         4        19
494       519        25         5
333       505       172        19
506       510         4        14
493       522        29         2
492       495         3        29
493       517        24         7
99       249       150       275
291       516       225         8
505       509         4        15
179       289       110       235
504       510         6        14
496       506        10        18
522       523         1         1
196       515       319         9
514       520         6         4
520       522         2         2
13       497       484        27
512       518         6         6
505       517        12         7
488       511        23        13
245       248         3       276
486       514        28        10
516       519         3         5
515       520         5         4
513       521         8         3
437       521        84         3
517       523         6         1
501       503         2        21
511       520         9         4
509       519        10         5
507       512         5        12
141       522       381         2
502       523        21         1
517       519         2         5
508       509         1        15
515       519         4         5
40       517       477         7
459       519        60         5
148       522       374         2
478       503        25        21
177       500       323        24
508       510         2        14
241       519       278         5
506       509         3        15
192       515       323         9
515       523         8         1
46       516       470         8
148       510       362        14
507       513         6        11
480       523        43         1
48       516       468         8
492       519        27         5
519       523         4         1
520       522         2         2
509       521        12         3
508       519        11         5
48       509       461        15
507       518        11         6
521       522         1         2
511       521        10         3
515       523         8         1
520       523         3         1
42       509       467        15
279       512       233        12
293       522       229         2
520       521         1         3
477       516        39         8
513       521         8         3
92       518       426         6
512       519         7         5
491       518        27         6
511       518         7         6
504       509         5        15
506       514         8        10
145       521       376         3
511       522        11         2
509       513         4        11
507       512         5        12
296       522       226         2
32       514       482        10
513       522         9         2
516       517         1         7
514       522         8         2
490       522        32         2
485       511        26        13
482       521        39         3
520       523         3         1
292       520       228         4
504       523        19         1
271       510       239        14
512       518         6         6
491       520        29         4
517       523         6         1
508       523        15         1
274       488       214        36
521       523         2         1
336       517       181         7
517       522         5         2
515       523         8         1
33        86        53       438
513       518         5         6
92       516       424         8
519       522         3         2
48       521       473         3
197       523       326         1
500       509         9        15
500       523        23         1
506       516        10         8
515       519         4         5
502       503         1        21
506       520        14         4
512       520         8         4
261       518       257         6
513       514         1        10
513       520         7         4
517       523         6         1
289       504       215        20
514       519         5         5
475       522        47         2
481       515        34         9
518       520         2         4
98       520       422         4
145       518       373         6
520       521         1         3
517       518         1         6
506       507         1        17
74       513       439        11
522       523         1         1
512       521         9         3
30       519       489         5
504       506         2        18
98       521       423         3
458       491        33        33
507       517        10         7
297       491       194        33
175       518       343         6
505       509         4        15
177       521       344         3
149       512       363        12
504       510         6        14
513       519         6         5
514       517         3         7
48       514       466        10
499       521        22         3
494       514        20        10
468       523        55         1
513       520         7         4
518       523         5         1
327       521       194         3
502       523        21         1
512       516         4         8
507       522        15         2
472       508        36        16
514       521         7         3
508       519        11         5
99       516       417         8
508       515         7         9
148       507       359        17
516       517         1         7
504       522        18         2
510       514         4        10
514       523         9         1
505       520        15         4
518       522         4         2
298       505       207        19
515       517         2         7
420       507        87        17
161       519       358         5
298       520       222         4
494       521        27         3
475       519        44         5
289       519       230         5
503       518        15         6
197       517       320         7
190       521       331         3
522       523         1         1
520       521         1         3
479       522        43         2
500       511        11        13
38       523       485         1
511       522        11         2
506       523        17         1
47       516       469         8
14       522       508         2
514       515         1         9
517       518         1         6
221       343       122       181
515       523         8         1
501       502         1        22
504       512         8        12
349       515       166         9
83       519       436         5
519       520         1         4
517       521         4         3
146       518       372         6
45       510       465        14
266       520       254         4
294       517       223         7
520       521         1         3
486       520        34         4
510       515         5         9
514       517         3         7
517       519         2         5
493       519        26         5
521       523         2         1
206       519       313         5
94       468       374        56
224       505       281        19
142       512       370        12
516       519         3         5
521       523         2         1
197       515       318         9
194       523       329         1
329       521       192         3
492       497         5        27
501       514        13        10
501       523        22         1
506       521        15         3
502       510         8        14
513       518         5         6
504       505         1        19
498       503         5        21
511       518         7         6
494       511        17        13
232       517       285         7
509       516         7         8
503       505         2        19
510       512         2        12
509       514         5        10
502       511         9        13
512       518         6         6
346       518       172         6
257       497       240        27
491       521        30         3
520       521         1         3
41       523       482         1
507       518        11         6
492       512        20        12
37       337       300       187
181       515       334         9
515       518         3         6
91       481       390        43
518       522         4         2
522       523         1         1
501       522        21         2
491       504        13        20
515       520         5         4
518       522         4         2
39       521       482         3
521       522         1         2
515       517         2         7
508       521        13         3
1       514       513        10
156       510       354        14
196       523       327         1
521       522         1         2
521       523         2         1
342       519       177         5
490       519        29         5
122       521       399         3
495       513        18        11
508       509         1        15
293       519       226         5
510       523        13         1
489       500        11        24
314       506       192        18
488       494         6        30
515       520         5         4
477       487        10        37
488       519        31         5
206       509       303        15
146       522       376         2
505       511         6        13
501       511        10        13
115       510       395        14
173       520       347         4
501       505         4        19
515       522         7         2
519       523         4         1
193       521       328         3
294       520       226         4
195       516       321         8
509       517         8         7
490       520        30         4
507       515         8         9
486       503        17        21
98       196        98       328
249       518       269         6
145       512       367        12
512       519         7         5
299       522       223         2
467       513        46        11
144       519       375         5
519       520         1         4
507       518        11         6
48       514       466        10
479       516        37         8
508       521        13         3
513       517         4         7
140       521       381         3
152       519       367         5
259       522       263         2
513       515         2         9
514       523         9         1
521       523         2         1
48       492       444        32
68       523       455         1
499       502         3        22
507       519        12         5
33       522       489         2
510       523        13         1
47       496       449        28
142       520       378         4
522       523         1         1
514       519         5         5
499       514        15        10
395       510       115        14
296       514       218        10
274       522       248         2
520       522         2         2
515       523         8         1
341       502       161        22
498       522        24         2
502       512        10        12
519       521         2         3
484       504        20        20
510       523        13         1
513       520         7         4
515       522         7         2
513       518         5         6
513       522         9         2
518       522         4         2
519       521         2         3
515       519         4         5
520       521         1         3
504       523        19         1
232       520       288         4
513       518         5         6
502       514        12        10
99       491       392        33
485       495        10        29
518       519         1         5
94       179        85       345
499       513        14        11
229       523       294         1
505       522        17         2
501       521        20         3
500       523        23         1
184       503       319        21
213       493       280        31
517       523         6         1
461       520        59         4
515       523         8         1
493       522        29         2
147       515       368         9
237       520       283         4
516       523         7         1
517       523         6         1
512       515         3         9
513       517         4         7
482       522        40         2
516       523         7         1
91       522       431         2
482       512        30        12
519       523         4         1
516       517         1         7
91       523       432         1
486       508        22        16
507       515         8         9
506       522        16         2
41       517       476         7
521       522         1         2
520       523         3         1
273       515       242         9
41       510       469        14
502       515        13         9
519       523         4         1
498       499         1        25
502       516        14         8
516       522         6         2
246       521       275         3
497       517        20         7
514       522         8         2
190       343       153       181
512       521         9         3
499       506         7        18
517       519         2         5
492       508        16        16
496       508        12        16
282       513       231        11
517       523         6         1
291       507       216        17
283       517       234         7
500       518        18         6
488       517        29         7
518       519         1         5
520       521         1         3
470       518        48         6
504       511         7        13
36       511       475        13
519       521         2         3
515       519         4         5
519       522         3         2
519       521         2         3
502       505         3        19
34       513       479        11
95       521       426         3
197       521       324         3
510       523        13         1
230       523       293         1
143       520       377         4
349       497       148        27
516       523         7         1
519       523         4         1
144       506       362        18
502       521        19         3
83       519       436         5
268       523       255         1
47       520       473         4
509       518         9         6
47       523       476         1
512       523        11         1
520       521         1         3
503       522        19         2
508       519        11         5
520       521         1         3
231       523       292         1
294       481       187        43
520       523         3         1
506       515         9         9
515       519         4         5
192       518       326         6
507       518        11         6
294       506       212        18
296       513       217        11
487       523        36         1
91       510       419        14
503       523        20         1
196       522       326         2
298       516       218         8
493       513        20        11
498       502         4        22
10       522       512         2
517       523         6         1
41       516       475         8
197       503       306        21
503       523        20         1
501       517        16         7
235       522       287         2
520       523         3         1
506       509         3        15
501       518        17         6
518       521         3         3
509       522        13         2
482       522        40         2
236       512       276        12
289       519       230         5
224       496       272        28
511       518         7         6
506       508         2        16
507       509         2        15
501       517        16         7
507       523        16         1
503       517        14         7
506       517        11         7
506       512         6        12
45       522       477         2
472       496        24        28
512       518         6         6
512       522        10         2
508       514         6        10
513       519         6         5
42       523       481         1
137       519       382         5
503       512         9        12
460       510        50        14
497       516        19         8
122       518       396         6
522       523         1         1
511       514         3        10
509       516         7         8
499       511        12        13
61       516       455         8
504       505         1        19
502       503         1        21
295       513       218        11
522       523         1         1
522       523         1         1
148       508       360        16
519       521         2         3
332       521       189         3
320       515       195         9
192       523       331         1
287       503       216        21
149       518       369         6
500       523        23         1
514       523         9         1
519       521         2         3
518       521         3         3
492       520        28         4
23       523       500         1
497       508        11        16
434       517        83         7
514       516         2         8
45       513       468        11
490       507        17        17
146       511       365        13
195       516       321         8
505       515        10         9
347       521       174         3
500       522        22         2
477       516        39         8
515       516         1         8
512       514         2        10
463       518        55         6
239       523       284         1
298       518       220         6
