287       323        36        16
21       336       315         3
321       336        15         3
320       332        12         7
321       323         2        16
12       334       322         5
190       314       124        25
331       334         3         5
223       336       113         3
334       338         4         1
313       329        16        10
324       338        14         1
323       331         8         8
315       338        23         1
319       333        14         6
306       336        30         3
330       337         7         2
27       336       309         3
26       331       305         8
312       334        22         5
25       337       312         2
324       337        13         2
313       323        10        16
328       330         2         9
328       333         5         6
327       338        11         1
322       334        12         5
323       328         5        11
296       338        42         1
180       332       152         7
319       335        16         4
321       336        15         3
331       335         4         4
28       335       307         4
321       338        17         1
24       323       299        16
333       335         2         4
329       338         9         1
332       333         1         6
336       337         1         2
31       326       295        13
27       313       286        26
312       335        23         4
316       324         8        15
327       337        10         2
295       316        21        23
23       319       296        20
334       335         1         4
217       337       120         2
337       338         1         1
329       332         3         7
325       337        12         2
312       323        11        16
311       334        23         5
327       338        11         1
335       338         3         1
335       337         2         2
158       336       178         3
334       337         3         2
332       335         3         4
27       308       281        31
323       337        14         2
322       336        14         3
25       334       309         5
337       338         1         1
330       332         2         7
175       324       149        15
18       303       285        36
321       338        17         1
317       326         9        13
313       322         9        17
330       338         8         1
323       337        14         2
330       335         5         4
320       331        11         8
326       332         6         7
29       338       309         1
326       338        12         1
322       332        10         7
333       335         2         4
308       327        19        12
325       335        10         4
333       336         3         3
325       337        12         2
330       334         4         5
10       313       303        26
317       332        15         7
337       338         1         1
324       329         5        10
333       337         4         2
328       332         4         7
318       319         1        20
321       338        17         1
332       334         2         5
324       328         4        11
19       337       318         2
325       336        11         3
307       330        23         9
327       332         5         7
324       338        14         1
334       335         1         4
24       334       310         5
24       336       312         3
322       323         1        16
157       336       179         3
326       338        12         1
335       338         3         1
220       338       118         1
333       337         4         2
223       338       115         1
214       312        98        27
334       338         4         1
322       334        12         5
321       331        10         8
322       333        11         6
330       332         2         7
26       322       296        17
219       328       109        11
157       321       164        18
30       329       299        10
168       334       166         5
307       331        24         8
21       334       313         5
309       332        23         7
331       332         1         7
325       331         6         8
324       338        14         1
181       322       141        17
317       329        12        10
328       333         5         6
330       336         6         3
329       335         6         4
13       311       298        28
320       335        15         4
302       326        24        13
313       329        16        10
321       330         9         9
314       334        20         5
329       338         9         1
328       338        10         1
221       327       106        12
189       329       140        10
321       322         1        17
304       338        34         1
28       332       304         7
190       331       141         8
334       337         3         2
336       337         1         2
26       337       311         2
337       338         1         1
330       335         5         4
320       330        10         9
320       335        15         4
318       321         3        18
187       338       151         1
333       334         1         5
328       337         9         2
322       337        15         2
327       337        10         2
28       327       299        12
324       330         6         9
303       326        23        13
335       337         2         2
337       338         1         1
301       336        35         3
309       327        18        12
324       329         5        10
309       310         1        29
157       324       167        15
335       337         2         2
307       324        17        15
317       327        10        12
332       335         3         4
182       338       156         1
317       337        20         2
333       334         1         5
331       332         1         7
332       336         4         3
326       334         8         5
336       337         1         2
20       329       309        10
334       337         3         2
317       333        16         6
314       335        21         4
28       334       306         5
335       336         1         3
190       318       128        21
325       338        13         1
330       337         7         2
314       318         4        21
317       331        14         8
326       328         2        11
326       328         2        11
333       336         3         3
327       333         6         6
323       327         4        12
27       336       309         3
301       316        15        23
335       337         2         2
331       332         1         7
308       338        30         1
328       335         7         4
217       334       117         5
330       337         7         2
306       330        24         9
308       335        27         4
315       336        21         3
335       336         1         3
297       328        31        11
321       332        11         7
308       329        21        10
314       327        13        12
334       336         2         3
315       331        16         8
30       328       298        11
332       336         4         3
20       282       262        57
190       336       146         3
322       334        12         5
328       333         5         6
329       332         3         7
325       326         1        13
310       336        26         3
329       330         1         9
303       338        35         1
29       285       256        54
321       329         8        10
322       326         4        13
334       337         3         2
317       338        21         1
328       335         7         4
11       216       205       123
331       333         2         6
331       337         6         2
313       331        18         8
183       330       147         9
332       336         4         3
158       324       166        15
23       338       315         1
319       338        19         1
330       338         8         1
303       317        14        22
331       338         7         1
335       337         2         2
336       338         2         1
334       337         3         2
328       335         7         4
315       338        23         1
322       334        12         5
336       338         2         1
324       334        10         5
335       338         3         1
317       322         5        17
301       338        37         1
191       337       146         2
29       328       299        11
27        28         1       311
300       331        31         8
315       333        18         6
191       325       134        14
317       327        10        12
329       336         7         3
328       333         5         6
326       333         7         6
147       335       188         4
322       325         3        14
333       336         3         3
328       331         3         8
158       329       171        10
331       335         4         4
327       337        10         2
319       328         9        11
327       335         8         4
308       319        11        20
327       337        10         2
319       334        15         5
328       336         8         3
333       335         2         4
332       334         2         5
330       338         8         1
28       323       295        16
302       328        26        11
325       334         9         5
332       338         6         1
326       332         6         7
311       322        11        17
331       336         5         3
324       332         8         7
324       338        14         1
326       337        11         2
156       337       181         2
330       336         6         3
10       333       323         6
316       317         1        22
327       337        10         2
316       328        12        11
333       334         1         5
324       333         9         6
159       335       176         4
327       331         4         8
335       338         3         1
13       329       316        10
316       322         6        17
223       338       115         1
324       334        10         5
330       335         5         4
16       331       315         8
321       328         7        11
322       328         6        11
335       337         2         2
293       308        15        31
213       329       116        10
327       333         6         6
277       330        53         9
190       338       148         1
156       334       178         5
152       337       185         2
321       330         9         9
314       333        19         6
331       333         2         6
158       326       168        13
329       336         7         3
306       338        32         1
312       338        26         1
319       329        10        10
328       337         9         2
30       331       301         8
24       331       307         8
328       334         6         5
26       335       309         4
31       336       305         3
332       334         2         5
335       336         1         3
322       333        11         6
28       336       308         3
333       335         2         4
148       314       166        25
323       337        14         2
333       338         5         1
29       336       307         3
318       338        20         1
171       322       151        17
314       330        16         9
336       338         2         1
331       333         2         6
317       333        16         6
310       312         2        27
325       338        13         1
186       331       145         8
31       338       307         1
336       338         2         1
218       325       107        14
335       338         3         1
185       323       138        16
316       327        11        12
330       331         1         8
30       324       294        15
327       330         3         9
335       338         3         1
335       337         2         2
334       337         3         2
328       338        10         1
216       333       117         6
199       335       136         4
322       336        14         3
336       337         1         2
11       334       323         5
320       337        17         2
320       321         1        18
336       337         1         2
22       194       172       145
329       333         4         6
28       324       296        15
333       338         5         1
328       331         3         8
334       335         1         4
330       333         3         6
281       331        50         8
326       338        12         1
223       330       107         9
294       333        39         6
27       329       302        10
321       335        14         4
320       337        17         2
300       318        18        21
3       324       321        15
334       337         3         2
329       335         6         4
335       338         3         1
295       331        36         8
331       338         7         1
286       338        52         1
17       332       315         7
330       337         7         2
167       333       166         6
326       335         9         4
317       330        13         9
182       337       155         2
334       338         4         1
330       335         5         4
322       330         8         9
317       330        13         9
29       313       284        26
329       333         4         6
333       334         1         5
178       322       144        17
335       336         1         3
322       335        13         4
327       336         9         3
158       338       180         1
22       336       314         3
332       337         5         2
330       331         1         8
334       336         2         3
329       334         5         5
171       312       141        27
324       327         3        12
210       335       125         4
156       310       154        29
318       331        13         8
337       338         1         1
337       338         1         1
335       338         3         1
270       332        62         7
30       336       306         3
327       335         8         4
315       330        15         9
321       327         6        12
320       337        17         2
327       329         2        10
210       334       124         5
328       337         9         2
306       329        23        10
334       336         2         3
17       333       316         6
321       328         7        11
220       335       115         4
213       336       123         3
185       328       143        11
317       331        14         8
30       319       289        20
331       337         6         2
336       338         2         1
300       335        35         4
220       334       114         5
331       335         4         4
322       330         8         9
206       309       103        30
327       333         6         6
326       332         6         7
153       334       181         5
326       338        12         1
337       338         1         1
324       338        14         1
206       310       104        29
329       332         3         7
307       321        14        18
323       335        12         4
327       335         8         4
320       327         7        12
313       314         1        25
320       338        18         1
325       331         6         8
334       335         1         4
21       325       304        14
182       334       152         5
301       322        21        17
334       336         2         3
322       334        12         5
326       327         1        12
151       336       185         3
202       330       128         9
21        22         1       317
331       332         1         7
320       333        13         6
322       325         3        14
332       337         5         2
322       333        11         6
304       319        15        20
319       327         8        12
313       327        14        12
328       331         3         8
23       338       315         1
329       334         5         5
321       332        11         7
332       337         5         2
322       331         9         8
327       334         7         5
336       338         2         1
319       338        19         1
300       311        11        28
25       333       308         6
335       338         3         1
324       338        14         1
318       338        20         1
323       332         9         7
327       338        11         1
321       338        17         1
328       331         3         8
337       338         1         1
330       337         7         2
151       316       165        23
314       335        21         4
337       338         1         1
335       336         1         3
312       326        14        13
334       335         1         4
322       338        16         1
305       325        20        14
333       336         3         3
13       152       139       187
330       333         3         6
330       334         4         5
331       335         4         4
220       338       118         1
288       335        47         4
15       332       317         7
330       336         6         3
329       332         3         7
332       338         6         1
329       338         9         1
215       335       120         4
327       328         1        11
321       328         7        11
326       337        11         2
337       338         1         1
329       333         4         6
333       337         4         2
321       335        14         4
329       336         7         3
316       331        15         8
31       326       295        13
19       323       304        16
317       335        18         4
322       333        11         6
296       335        39         4
280       329        49        10
333       338         5         1
190       336       146         3
25       335       310         4
319       337        18         2
336       337         1         2
191       335       144         4
324       331         7         8
332       333         1         6
327       336         9         3
157       311       154        28
20       334       314         5
324       325         1        14
178       334       156         5
312       336        24         3
337       338         1         1
313       333        20         6
18       337       319         2
330       336         6         3
320       330        10         9
178       338       160         1
26       206       180       133
329       334         5         5
335       337         2         2
322       330         8         9
333       335         2         4
324       336        12         3
220       313        93        26
323       337        14         2
322       335        13         4
25       337       312         2
16       306       290        33
28       334       306         5
335       337         2         2
335       338         3         1
20       338       318         1
328       329         1        10
322       333        11         6
213       336       123         3
330       338         8         1
334       338         4         1
335       337         2         2
332       335         3         4
326       332         6         7
326       331         5         8
332       334         2         5
22       334       312         5
29       337       308         2
20       335       315         4
330       332         2         7
8       336       328         3
322       324         2        15
313       332        19         7
327       335         8         4
334       335         1         4
308       336        28         3
298       337        39         2
26       297       271        42
158       334       176         5
325       338        13         1
326       327         1        12
334       335         1         4
331       333         2         6
306       334        28         5
324       337        13         2
327       328         1        11
31       335       304         4
313       333        20         6
329       332         3         7
321       332        11         7
325       327         2        12
325       333         8         6
321       335        14         4
320       333        13         6
329       338         9         1
326       334         8         5
313       323        10        16
328       332         4         7
324       328         4        11
324       328         4        11
317       321         4        18
331       337         6         2
24       332       308         7
180       338       158         1
327       333         6         6
331       338         7         1
337       338         1         1
326       336        10         3
329       337         8         2
320       322         2        17
321       335        14         4
323       334        11         5
322       338        16         1
330       337         7         2
322       335        13         4
336       338         2         1
335       338         3         1
30       337       307         2
25       333       308         6
320       330        10         9
28       330       302         9
335       336         1         3
325       336        11         3
155       335       180         4
17       279       262        60
319       323         4        16
10       337       327         2
327       331         4         8
309       329        20        10
27       334       307         5
219       337       118         2
293       330        37         9
305       320        15        19
291       332        41         7
333       336         3         3
26       330       304         9
305       325        20        14
334       337         3         2
214       335       121         4
29       187       158       152
318       336        18         3
327       338        11         1
333       336         3         3
330       336         6         3
168       335       167         4
212       332       120         7
328       330         2         9
16       325       309        14
147       303       156        36
326       327         1        12
323       338        15         1
329       337         8         2
21       333       312         6
30       309       279        30
323       338        15         1
324       338        14         1
337       338         1         1
335       338         3         1
286       315        29        24
327       332         5         7
313       327        14        12
154       335       181         4
332       336         4         3
326       338        12         1
331       334         3         5
326       330         4         9
331       334         3         5
183       336       153         3
335       338         3         1
332       338         6         1
336       338         2         1
324       338        14         1
321       338        17         1
329       333         4         6
220       329       109        10
24       334       310         5
324       329         5        10
327       328         1        11
310       337        27         2
336       337         1         2
336       338         2         1
312       325        13        14
329       333         4         6
337       338         1         1
325       332         7         7
327       334         7         5
335       337         2         2
309       338        29         1
319       335        16         4
318       335        17         4
324       337        13         2
318       330        12         9
153       338       185         1
19       336       317         3
189       316       127        23
309       336        27         3
333       335         2         4
29       152       123       187
324       336        12         3
15       328       313        11
23       333       310         6
323       336        13         3
223       338       115         1
325       327         2        12
310       320        10        19
24       330       306         9
191       329       138        10
318       328        10        11
316       336        20         3
25       322       297        17
322       328         6        11
321       323         2        16
331       334         3         5
335       337         2         2
27       329       302        10
319       338        19         1
183       332       149         7
300       338        38         1
333       334         1         5
336       338         2         1
332       338         6         1
24       334       310         5
326       336        10         3
315       337        22         2
28       333       305         6
334       335         1         4
17       329       312        10
334       337         3         2
297       336        39         3
219       319       100        20
318       337        19         2
328       335         7         4
317       330        13         9
332       338         6         1
314       327        13        12
306       330        24         9
325       338        13         1
333       336         3         3
329       331         2         8
288       312        24        27
324       338        14         1
336       338         2         1
305       314         9        25
312       323        11        16
25       338       313         1
322       328         6        11
324       338        14         1
152       337       185         2
332       334         2         5
329       336         7         3
158       316       158        23
333       334         1         5
329       330         1         9
325       332         7         7
331       337         6         2
333       334         1         5
333       337         4         2
158       329       171        10
310       337        27         2
318       326         8        13
318       319         1        20
322       332        10         7
296       328        32        11
336       337         1         2
317       336        19         3
333       335         2         4
223       324       101        15
317       331        14         8
321       332        11         7
334       336         2         3
322       327         5        12
24       328       304        11
320       338        18         1
334       336         2         3
315       338        23         1
155       334       179         5
336       337         1         2
336       338         2         1
335       338         3         1
22       336       314         3
21       318       297        21
317       335        18         4
332       335         3         4
149       325       176        14
333       334         1         5
334       338         4         1
330       338         8         1
326       331         5         8
205       330       125         9
327       330         3         9
318       327         9        12
31       336       305         3
336       338         2         1
316       327        11        12
330       336         6         3
317       320         3        19
329       334         5         5
334       335         1         4
284       336        52         3
335       337         2         2
328       338        10         1
304       327        23        12
329       337         8         2
320       327         7        12
25       334       309         5
158       336       178         3
323       338        15         1
329       331         2         8
336       338         2         1
318       330        12         9
327       338        11         1
320       323         3        16
331       335         4         4
331       333         2         6
329       338         9         1
319       329        10        10
31       334       303         5
186       335       149         4
220       327       107        12
314       338        24         1
283       317        34        22
27       325       298        14
330       332         2         7
317       334        17         5
327       333         6         6
323       337        14         2
316       321         5        18
323       328         5        11
331       338         7         1
188       337       149         2
329       333         4         6
334       336         2         3
329       338         9         1
317       331        14         8
304       335        31         4
159       313       154        26
18        29        11       310
288       314        26        25
306       338        32         1
152       325       173        14
307       323        16        16
337       338         1         1
25       338       313         1
290       326        36        13
297       326        29        13
332       338         6         1
25       322       297        17
29       332       303         7
325       328         3        11
337       338         1         1
326       331         5         8
313       338        25         1
333       334         1         5
322       328         6        11
313       338        25         1
208       321       113        18
330       337         7         2
326       338        12         1
334       337         3         2
319       328         9        11
299       333        34         6
327       337        10         2
30       338       308         1
319       329        10        10
324       333         9         6
334       337         3         2
18       337       319         2
315       328        13        11
313       327        14        12
333       338         5         1
329       336         7         3
331       334         3         5
316       337        21         2
329       337         8         2
315       324         9        15
191       326       135        13
325       326         1        13
317       332        15         7
317       327        10        12
325       331         6         8
190       337       147         2
218       314        96        25
325       328         3        11
196       336       140         3
336       338         2         1
331       336         5         3
307       338        31         1
331       338         7         1
334       337         3         2
29       324       295        15
309       331        22         8
223       309        86        30
324       336        12         3
168       316       148        23
331       332         1         7
315       337        22         2
318       333        15         6
155       336       181         3
321       327         6        12
315       336        21         3
314       330        16         9
319       331        12         8
328       332         4         7
31       334       303         5
326       331         5         8
2       337       335         2
332       333         1         6
333       336         3         3
316       338        22         1
325       329         4        10
31       338       307         1
333       338         5         1
320       321         1        18
318       327         9        12
327       338        11         1
22       329       307        10
336       337         1         2
322       336        14         3
337       338         1         1
330       337         7         2
319       325         6        14
333       335         2         4
156       336       180         3
312       333        21         6
335       337         2         2
326       330         4         9
185       332       147         7
24       333       309         6
333       334         1         5
23       326       303        13
215       332       117         7
328       334         6         5
323       328         5        11
24       336       312         3
314       330        16         9
324       326         2        13
322       328         6        11
331       338         7         1
334       338         4         1
27       329       302        10
333       334         1         5
321       332        11         7
320       332        12         7
158       338       180         1
331       332         1         7
292       318        26        21
186       325       139        14
325       334         9         5
321       332        11         7
316       317         1        22
318       333        15         6
150       337       187         2
319       330        11         9
314       330        16         9
317       319         2        20
318       326         8        13
317       334        17         5
323       338        15         1
336       338         2         1
295       338        43         1
327       330         3         9
325       336        11         3
334       336         2         3
319       329        10        10
324       327         3        12
222       338       116         1
31       332       301         7
328       333         5         6
201       318       117        21
311       336        25         3
310       320        10        19
176       302       126        37
317       338        21         1
335       336         1         3
332       335         3         4
223       338       115         1
328       337         9         2
303       319        16        20
328       336         8         3
29       331       302         8
330       333         3         6
156       332       176         7
323       327         4        12
157       320       163        19
