334       337         3         2
156       323       167        16
223       302        79        37
69       333       264         6
332       338         6         1
330       338         8         1
335       338         3         1
332       338         6         1
122       328       206        11
87       150        63       189
177       336       159         3
307       330        23         9
317       326         9        13
31       331       300         8
330       338         8         1
27       335       308         4
25       335       310         4
318       328        10        11
198       318       120        21
305       330        25         9
49       330       281         9
119       325       206        14
326       332         6         7
332       335         3         4
335       337         2         2
337       338         1         1
34       338       304         1
58       324       266        15
335       337         2         2
322       334        12         5
330       338         8         1
305       338        33         1
312       323        11        16
57       333       276         6
332       333         1         6
324       338        14         1
158       314       156        25
220       334       114         5
153       325       172        14
328       331         3         8
114       327       213        12
335       337         2         2
335       337         2         2
190       335       145         4
54       334       280         5
58       332       274         7
331       336         5         3
219       336       117         3
328       338        10         1
334       337         3         2
63       328       265        11
324       335        11         4
328       338        10         1
332       333         1         6
212       334       122         5
333       334         1         5
314       336        22         3
314       338        24         1
25       324       299        15
331       335         4         4
330       336         6         3
67       329       262        10
208       336       128         3
95       324       229        15
300       338        38         1
324       334        10         5
321       330         9         9
28        79        51       260
335       336         1         3
318       326         8        13
333       337         4         2
328       331         3         8
331       337         6         2
159       315       156        24
326       337        11         2
322       337        15         2
329       330         1         9
332       335         3         4
334       336         2         3
93       332       239         7
336       337         1         2
328       333         5         6
330       331         1         8
328       333         5         6
322       327         5        12
327       329         2        10
319       332        13         7
61       328       267        11
335       338         3         1
330       334         4         5
158       332       174         7
154       338       184         1
325       337        12         2
300       337        37         2
323       329         6        10
337       338         1         1
318       338        20         1
332       337         5         2
38       337       299         2
30       332       302         7
216       329       113        10
25       330       305         9
209       331       122         8
330       334         4         5
330       338         8         1
326       327         1        12
323       328         5        11
335       336         1         3
321       338        17         1
331       333         2         6
324       329         5        10
328       330         2         9
328       335         7         4
27       336       309         3
331       332         1         7
31       327       296        12
328       332         4         7
335       338         3         1
332       337         5         2
321       338        17         1
324       338        14         1
279       313        34        26
331       336         5         3
329       334         5         5
23       333       310         6
314       337        23         2
332       334         2         5
327       333         6         6
316       336        20         3
77       326       249        13
333       334         1         5
333       336         3         3
138       336       198         3
330       338         8         1
330       332         2         7
330       336         6         3
19       326       307        13
317       327        10        12
323       338        15         1
328       333         5         6
124       159        35       180
148       326       178        13
322       330         8         9
314       322         8        17
332       334         2         5
322       333        11         6
124       337       213         2
203       212         9       127
119       324       205        15
323       337        14         2
92       327       235        12
331       333         2         6
329       337         8         2
326       330         4         9
322       326         4        13
335       336         1         3
212       321       109        18
178       332       154         7
317       337        20         2
105       337       232         2
188       337       149         2
316       326        10        13
328       338        10         1
328       334         6         5
335       336         1         3
125       322       197        17
320       325         5        14
211       335       124         4
320       327         7        12
24       337       313         2
154       337       183         2
118       320       202        19
321       336        15         3
94       337       243         2
329       338         9         1
302       328        26        11
323       328         5        11
327       330         3         9
327       334         7         5
333       334         1         5
298       338        40         1
327       334         7         5
191       338       147         1
94       336       242         3
335       337         2         2
325       334         9         5
334       337         3         2
326       335         9         4
176       336       160         3
313       338        25         1
322       329         7        10
89       338       249         1
327       338        11         1
283       318        35        21
329       332         3         7
223       327       104        12
92       299       207        40
83       320       237        19
316       336        20         3
332       337         5         2
334       338         4         1
325       335        10         4
28       311       283        28
333       335         2         4
331       338         7         1
312       338        26         1
330       331         1         8
330       332         2         7
328       330         2         9
333       337         4         2
325       329         4        10
331       334         3         5
323       334        11         5
336       338         2         1
326       337        11         2
328       333         5         6
223       337       114         2
331       333         2         6
328       332         4         7
324       328         4        11
333       338         5         1
191       337       146         2
330       335         5         4
58       338       280         1
297       337        40         2
330       335         5         4
126       317       191        22
328       332         4         7
62       334       272         5
329       333         4         6
182       335       153         4
337       338         1         1
89       337       248         2
312       337        25         2
130       338       208         1
325       327         2        12
329       331         2         8
327       338        11         1
337       338         1         1
313       330        17         9
42       336       294         3
74       336       262         3
153       333       180         6
331       333         2         6
158       325       167        14
322       337        15         2
324       325         1        14
330       335         5         4
333       335         2         4
331       335         4         4
95       334       239         5
304       337        33         2
336       337         1         2
332       337         5         2
325       328         3        11
322       336        14         3
27       334       307         5
43       334       291         5
331       336         5         3
331       334         3         5
188       336       148         3
336       337         1         2
62       338       276         1
325       332         7         7
330       338         8         1
323       331         8         8
331       334         3         5
333       336         3         3
52       332       280         7
335       336         1         3
190       333       143         6
307       324        17        15
320       335        15         4
333       336         3         3
331       335         4         4
311       331        20         8
90       335       245         4
324       338        14         1
303       338        35         1
332       333         1         6
21       338       317         1
120       157        37       182
335       336         1         3
121       338       217         1
332       338         6         1
325       331         6         8
330       334         4         5
330       336         6         3
337       338         1         1
330       333         3         6
327       337        10         2
31       328       297        11
327       330         3         9
193       331       138         8
331       338         7         1
335       336         1         3
317       336        19         3
325       332         7         7
319       331        12         8
92       334       242         5
328       338        10         1
336       338         2         1
333       337         4         2
321       329         8        10
324       333         9         6
329       335         6         4
27       325       298        14
329       332         3         7
330       338         8         1
332       337         5         2
334       338         4         1
323       336        13         3
313       338        25         1
337       338         1         1
319       336        17         3
330       335         5         4
334       337         3         2
331       338         7         1
20       126       106       213
187       337       150         2
314       335        21         4
332       333         1         6
334       337         3         2
316       318         2        21
335       336         1         3
335       337         2         2
330       332         2         7
333       334         1         5
118       338       220         1
312       314         2        25
332       337         5         2
117       338       221         1
329       336         7         3
330       331         1         8
333       334         1         5
328       338        10         1
220       338       118         1
335       338         3         1
314       325        11        14
324       332         8         7
311       328        17        11
333       336         3         3
326       338        12         1
319       331        12         8
296       338        42         1
87       324       237        15
324       331         7         8
62       332       270         7
218       307        89        32
328       338        10         1
326       336        10         3
89       334       245         5
21       338       317         1
333       335         2         4
21       333       312         6
328       333         5         6
322       336        14         3
326       335         9         4
327       333         6         6
125       337       212         2
327       335         8         4
333       334         1         5
329       334         5         5
327       331         4         8
318       320         2        19
111       328       217        11
324       334        10         5
92       330       238         9
323       333        10         6
217       313        96        26
325       331         6         8
330       337         7         2
325       338        13         1
146       328       182        11
326       329         3        10
329       338         9         1
326       338        12         1
316       332        16         7
190       328       138        11
84       335       251         4
20       336       316         3
332       333         1         6
95       329       234        10
321       323         2        16
18       329       311        10
27       335       308         4
329       330         1         9
330       335         5         4
302       331        29         8
313       330        17         9
55       336       281         3
331       337         6         2
332       338         6         1
115       223       108       116
329       332         3         7
56        89        33       250
322       338        16         1
61       325       264        14
324       333         9         6
159       330       171         9
321       334        13         5
188       338       150         1
337       338         1         1
328       330         2         9
308       325        17        14
332       335         3         4
85       327       242        12
311       327        16        12
326       337        11         2
330       335         5         4
336       338         2         1
328       336         8         3
337       338         1         1
16       322       306        17
323       335        12         4
329       331         2         8
52       330       278         9
188       323       135        16
309       338        29         1
303       332        29         7
59       330       271         9
319       329        10        10
325       326         1        13
146       338       192         1
325       335        10         4
331       336         5         3
94       338       244         1
314       326        12        13
333       337         4         2
330       337         7         2
307       336        29         3
82       208       126       131
312       338        26         1
330       337         7         2
324       326         2        13
327       332         5         7
312       333        21         6
222       334       112         5
84       122        38       217
92       327       235        12
330       332         2         7
46       334       288         5
321       338        17         1
326       331         5         8
332       335         3         4
336       337         1         2
328       332         4         7
325       334         9         5
14       322       308        17
319       333        14         6
320       337        17         2
322       329         7        10
331       335         4         4
312       332        20         7
29       304       275        35
212       331       119         8
2       328       326        11
326       334         8         5
206       220        14       119
125       323       198        16
113       338       225         1
31       335       304         4
327       337        10         2
326       330         4         9
191       336       145         3
334       338         4         1
336       337         1         2
332       334         2         5
313       338        25         1
332       337         5         2
330       336         6         3
329       335         6         4
332       333         1         6
327       332         5         7
325       333         8         6
330       335         5         4
171       312       141        27
330       335         5         4
329       330         1         9
312       337        25         2
153       332       179         7
87       338       251         1
333       334         1         5
48       334       286         5
329       336         7         3
318       332        14         7
328       336         8         3
31       327       296        12
325       335        10         4
159       336       177         3
336       337         1         2
326       327         1        12
315       338        23         1
203       336       133         3
327       338        11         1
333       337         4         2
156       319       163        20
218       337       119         2
328       332         4         7
27       323       296        16
332       336         4         3
303       337        34         2
328       335         7         4
329       331         2         8
319       328         9        11
296       335        39         4
329       334         5         5
16       317       301        22
158       334       176         5
324       331         7         8
334       338         4         1
335       336         1         3
113       333       220         6
297       337        40         2
332       337         5         2
309       333        24         6
332       334         2         5
141       338       197         1
327       330         3         9
329       336         7         3
319       323         4        16
182       312       130        27
29       336       307         3
333       335         2         4
332       335         3         4
330       338         8         1
222       333       111         6
315       333        18         6
328       337         9         2
283       333        50         6
321       337        16         2
317       326         9        13
335       336         1         3
27       334       307         5
306       331        25         8
312       333        21         6
320       326         6        13
177       331       154         8
314       338        24         1
332       338         6         1
330       336         6         3
337       338         1         1
326       334         8         5
311       338        27         1
327       335         8         4
325       330         5         9
330       335         5         4
336       338         2         1
22       336       314         3
63       330       267         9
13       336       323         3
113       330       217         9
105       161        56       178
314       327        13        12
184       327       143        12
333       338         5         1
334       337         3         2
30       336       306         3
44       325       281        14
202       317       115        22
329       333         4         6
333       337         4         2
223       333       110         6
106       333       227         6
50       337       287         2
337       338         1         1
327       332         5         7
335       337         2         2
335       338         3         1
327       334         7         5
218       336       118         3
333       338         5         1
85       324       239        15
329       334         5         5
326       330         4         9
323       336        13         3
333       338         5         1
123       334       211         5
333       337         4         2
322       330         8         9
26       321       295        18
168       334       166         5
325       334         9         5
331       337         6         2
331       338         7         1
116       159        43       180
328       331         3         8
62       331       269         8
308       330        22         9
334       335         1         4
18       312       294        27
21       337       316         2
308       330        22         9
117       326       209        13
329       333         4         6
336       338         2         1
323       337        14         2
82       334       252         5
61       316       255        23
332       335         3         4
332       334         2         5
336       337         1         2
86       333       247         6
328       335         7         4
159       335       176         4
330       338         8         1
319       324         5        15
201       336       135         3
335       338         3         1
329       337         8         2
331       333         2         6
156       316       160        23
191       304       113        35
312       331        19         8
330       333         3         6
307       338        31         1
18       151       133       188
337       338         1         1
21       336       315         3
331       332         1         7
315       322         7        17
333       337         4         2
301       337        36         2
316       324         8        15
323       338        15         1
325       338        13         1
313       337        24         2
320       337        17         2
333       336         3         3
330       337         7         2
333       338         5         1
23       337       314         2
322       326         4        13
329       338         9         1
322       336        14         3
27       338       311         1
324       336        12         3
326       330         4         9
334       335         1         4
315       325        10        14
313       338        25         1
319       326         7        13
125       334       209         5
326       337        11         2
324       326         2        13
158       318       160        21
328       333         5         6
331       334         3         5
336       337         1         2
143       335       192         4
334       337         3         2
328       336         8         3
331       332         1         7
335       338         3         1
319       336        17         3
334       336         2         3
183       330       147         9
18       334       316         5
322       336        14         3
148       335       187         4
333       335         2         4
318       336        18         3
306       334        28         5
331       335         4         4
56       319       263        20
334       336         2         3
328       334         6         5
327       333         6         6
305       336        31         3
126       328       202        11
337       338         1         1
324       332         8         7
62       322       260        17
335       336         1         3
148       158        10       181
120       330       210         9
323       332         9         7
326       337        11         2
328       335         7         4
329       332         3         7
304       335        31         4
309       336        27         3
62       332       270         7
63       330       267         9
95       337       242         2
80       337       257         2
219       337       118         2
310       328        18        11
324       338        14         1
31       335       304         4
164       329       165        10
328       333         5         6
125       336       211         3
332       335         3         4
186       332       146         7
314       323         9        16
78       338       260         1
337       338         1         1
215       325       110        14
169       338       169         1
334       337         3         2
186       331       145         8
75       329       254        10
331       334         3         5
330       334         4         5
313       322         9        17
126       329       203        10
320       335        15         4
320       329         9        10
61       327       266        12
336       337         1         2
337       338         1         1
88       327       239        12
329       338         9         1
329       330         1         9
50       332       282         7
337       338         1         1
327       329         2        10
92       335       243         4
322       330         8         9
223       299        76        40
315       335        20         4
315       337        22         2
191       328       137        11
37       337       300         2
337       338         1         1
94       338       244         1
21       332       311         7
330       332         2         7
327       338        11         1
336       338         2         1
223       330       107         9
335       336         1         3
326       338        12         1
320       332        12         7
336       337         1         2
200       338       138         1
185       338       153         1
326       335         9         4
329       336         7         3
75       329       254        10
331       337         6         2
331       335         4         4
315       322         7        17
321       335        14         4
329       336         7         3
325       328         3        11
312       338        26         1
319       328         9        11
330       332         2         7
333       336         3         3
189       337       148         2
221       334       113         5
328       338        10         1
326       335         9         4
126       181        55       158
147       322       175        17
334       338         4         1
329       338         9         1
326       336        10         3
16       327       311        12
52       330       278         9
335       337         2         2
153       334       181         5
334       338         4         1
13       328       315        11
330       338         8         1
29       338       309         1
209       218         9       121
328       335         7         4
27       334       307         5
29       324       295        15
222       332       110         7
333       337         4         2
334       335         1         4
90       337       247         2
183       216        33       123
336       338         2         1
318       329        11        10
337       338         1         1
326       328         2        11
320       338        18         1
322       329         7        10
116       337       221         2
319       328         9        11
329       337         8         2
217       336       119         3
327       338        11         1
335       336         1         3
323       334        11         5
336       338         2         1
144       336       192         3
326       329         3        10
13       337       324         2
57       323       266        16
127       325       198        14
323       337        14         2
333       337         4         2
335       337         2         2
335       337         2         2
298       332        34         7
323       335        12         4
321       338        17         1
329       337         8         2
323       326         3        13
326       334         8         5
23       335       312         4
107       332       225         7
323       329         6        10
211       338       127         1
40       330       290         9
336       338         2         1
16       329       313        10
330       334         4         5
95       333       238         6
330       338         8         1
336       337         1         2
151       336       185         3
327       333         6         6
95       328       233        11
317       323         6        16
309       331        22         8
334       335         1         4
184       217        33       122
329       336         7         3
335       338         3         1
23       121        98       218
21       337       316         2
336       337         1         2
333       334         1         5
328       337         9         2
320       329         9        10
305       335        30         4
329       336         7         3
336       338         2         1
329       336         7         3
324       328         4        11
326       332         6         7
331       335         4         4
329       331         2         8
333       335         2         4
220       337       117         2
329       337         8         2
72       338       266         1
335       336         1         3
325       326         1        13
21       310       289        29
335       338         3         1
332       335         3         4
332       338         6         1
329       334         5         5
145       338       193         1
328       338        10         1
331       338         7         1
325       334         9         5
325       335        10         4
54       333       279         6
122       337       215         2
325       337        12         2
332       337         5         2
322       334        12         5
328       338        10         1
177       337       160         2
328       331         3         8
332       336         4         3
332       334         2         5
206       338       132         1
216       337       121         2
219       334       115         5
328       329         1        10
144       337       193         2
223       324       101        15
145       331       186         8
326       329         3        10
335       337         2         2
324       334        10         5
333       334         1         5
307       334        27         5
328       336         8         3
56       334       278         5
337       338         1         1
295       326        31        13
318       327         9        12
210       329       119        10
325       331         6         8
332       336         4         3
334       338         4         1
310       334        24         5
316       331        15         8
334       338         4         1
331       338         7         1
91       329       238        10
327       338        11         1
324       330         6         9
115       321       206        18
301       319        18        20
332       337         5         2
332       337         5         2
329       333         4         6
332       334         2         5
311       326        15        13
335       336         1         3
191       333       142         6
85       337       252         2
219       338       119         1
216       335       119         4
335       338         3         1
331       332         1         7
327       332         5         7
18       317       299        22
154       330       176         9
326       337        11         2
323       327         4        12
199       331       132         8
331       337         6         2
327       335         8         4
332       338         6         1
295       320        25        19
336       338         2         1
332       338         6         1
321       330         9         9
318       336        18         3
159       338       179         1
337       338         1         1
336       337         1         2
337       338         1         1
320       332        12         7
320       336        16         3
325       338        13         1
215       338       123         1
331       336         5         3
333       338         5         1
95       332       237         7
321       329         8        10
94       335       241         4
327       332         5         7
335       338         3         1
320       338        18         1
335       336         1         3
326       329         3        10
191       330       139         9
116       336       220         3
118       325       207        14
270       330        60         9
325       335        10         4
152       336       184         3
328       337         9         2
332       338         6         1
220       329       109        10
70       337       267         2
322       327         5        12
333       338         5         1
327       336         9         3
16       337       321         2
330       332         2         7
326       333         7         6
190       335       145         4
331       334         3         5
328       333         5         6
335       337         2         2
320       321         1        18
328       336         8         3
89       338       249         1
334       335         1         4
319       337        18         2
335       338         3         1
335       336         1         3
325       327         2        12
334       335         1         4
321       325         4        14
334       338         4         1
324       334        10         5
335       338         3         1
335       338         3         1
62       337       275         2
223       336       113         3
329       333         4         6
117       190        73       149
59       331       272         8
187       336       149         3
306       337        31         2
326       338        12         1
330       338         8         1
328       329         1        10
320       338        18         1
335       336         1         3
217       330       113         9
329       334         5         5
334       336         2         3
19       336       317         3
328       332         4         7
189       335       146         4
337       338         1         1
305       338        33         1
300       331        31         8
83       332       249         7
316       319         3        20
333       338         5         1
46       177       131       162
328       335         7         4
