337       338         1         1
187       334       147         5
334       338         4         1
325       327         2        12
308       333        25         6
300       329        29        10
331       335         4         4
313       337        24         2
332       337         5         2
303       326        23        13
333       337         4         2
303       305         2        34
329       330         1         9
21       324       303        15
319       336        17         3
337       338         1         1
186       326       140        13
314       331        17         8
319       326         7        13
201       337       136         2
321       338        17         1
157       325       168        14
188       334       146         5
327       329         2        10
334       337         3         2
215       311        96        28
330       333         3         6
327       329         2        10
322       338        16         1
329       337         8         2
331       337         6         2
336       338         2         1
330       338         8         1
335       336         1         3
307       336        29         3
182       336       154         3
222       338       116         1
317       321         4        18
334       336         2         3
16       300       284        39
326       336        10         3
325       330         5         9
26       337       311         2
155       309       154        30
324       330         6         9
17       338       321         1
332       335         3         4
319       333        14         6
204       214        10       125
336       338         2         1
328       337         9         2
317       326         9        13
150       334       184         5
214       334       120         5
322       332        10         7
312       330        18         9
325       333         8         6
292       336        44         3
16       329       313        10
159       332       173         7
28       333       305         6
154       318       164        21
331       336         5         3
334       338         4         1
25       311       286        28
318       335        17         4
15       336       321         3
320       326         6        13
306       327        21        12
311       336        25         3
329       333         4         6
12       338       326         1
30       337       307         2
327       334         7         5
337       338         1         1
328       334         6         5
333       338         5         1
325       333         8         6
322       329         7        10
313       329        16        10
318       333        15         6
294       327        33        12
331       334         3         5
29       338       309         1
324       331         7         8
335       336         1         3
329       331         2         8
28       305       277        34
299       329        30        10
313       331        18         8
20       337       317         2
331       332         1         7
330       335         5         4
315       337        22         2
321       326         5        13
334       337         3         2
307       337        30         2
323       325         2        14
24       333       309         6
30       324       294        15
320       334        14         5
321       337        16         2
337       338         1         1
311       334        23         5
334       338         4         1
326       335         9         4
301       307         6        32
323       338        15         1
325       335        10         4
26       316       290        23
211       335       124         4
27       331       304         8
331       336         5         3
316       319         3        20
320       322         2        17
327       328         1        11
332       336         4         3
332       338         6         1
323       334        11         5
27       329       302        10
189       328       139        11
298       312        14        27
22       332       310         7
312       324        12        15
294       338        44         1
159       334       175         5
148       335       187         4
221       323       102        16
321       335        14         4
326       332         6         7
17       332       315         7
331       332         1         7
312       331        19         8
153       338       185         1
332       336         4         3
26       334       308         5
322       323         1        16
320       338        18         1
326       331         5         8
311       325        14        14
290       331        41         8
333       335         2         4
322       327         5        12
164       294       130        45
327       328         1        11
333       337         4         2
329       336         7         3
320       338        18         1
215       331       116         8
327       328         1        11
334       335         1         4
332       335         3         4
334       335         1         4
317       338        21         1
316       323         7        16
331       332         1         7
189       332       143         7
335       336         1         3
316       325         9        14
329       338         9         1
16       218       202       121
314       317         3        22
156       338       182         1
191       334       143         5
323       329         6        10
325       338        13         1
219       328       109        11
323       324         1        15
314       319         5        20
318       332        14         7
324       335        11         4
149       331       182         8
320       328         8        11
329       337         8         2
177       331       154         8
27       335       308         4
316       337        21         2
298       330        32         9
31       336       305         3
326       330         4         9
147       337       190         2
326       332         6         7
309       334        25         5
327       336         9         3
305       336        31         3
215       338       123         1
327       336         9         3
331       337         6         2
24       325       301        14
332       338         6         1
337       338         1         1
336       337         1         2
222       329       107        10
301       329        28        10
327       330         3         9
328       334         6         5
298       314        16        25
334       335         1         4
329       335         6         4
316       328        12        11
310       326        16        13
10       332       322         7
314       338        24         1
323       326         3        13
334       335         1         4
304       331        27         8
303       325        22        14
318       326         8        13
333       334         1         5
310       330        20         9
330       331         1         8
26       310       284        29
28       313       285        26
326       330         4         9
329       336         7         3
314       332        18         7
318       332        14         7
19       331       312         8
333       336         3         3
317       319         2        20
319       326         7        13
315       325        10        14
202       333       131         6
319       333        14         6
314       336        22         3
311       330        19         9
19       329       310        10
325       333         8         6
307       337        30         2
335       337         2         2
27       337       310         2
5       332       327         7
331       333         2         6
310       334        24         5
334       336         2         3
319       334        15         5
221       330       109         9
321       337        16         2
322       332        10         7
329       336         7         3
328       331         3         8
154       326       172        13
315       338        23         1
322       332        10         7
323       332         9         7
155       306       151        33
330       335         5         4
333       334         1         5
27       304       277        35
326       338        12         1
329       331         2         8
205       336       131         3
331       337         6         2
332       333         1         6
11       332       321         7
318       320         2        19
25       328       303        11
333       336         3         3
332       336         4         3
205       334       129         5
326       334         8         5
30       337       307         2
313       338        25         1
325       338        13         1
25       309       284        30
324       333         9         6
332       335         3         4
311       336        25         3
326       327         1        12
333       338         5         1
6       328       322        11
328       329         1        10
334       338         4         1
153       335       182         4
322       336        14         3
332       336         4         3
336       337         1         2
208       330       122         9
337       338         1         1
320       329         9        10
315       330        15         9
318       324         6        15
333       335         2         4
28       320       292        19
327       332         5         7
337       338         1         1
314       333        19         6
30       334       304         5
332       335         3         4
318       336        18         3
311       321        10        18
326       338        12         1
332       335         3         4
7       324       317        15
329       330         1         9
331       332         1         7
331       338         7         1
318       335        17         4
26       334       308         5
336       338         2         1
26       338       312         1
13       338       325         1
319       337        18         2
302       314        12        25
330       333         3         6
220       337       117         2
333       338         5         1
320       328         8        11
319       332        13         7
157       318       161        21
295       334        39         5
307       326        19        13
148       326       178        13
333       335         2         4
154       191        37       148
323       336        13         3
30       325       295        14
331       338         7         1
157       326       169        13
23       336       313         3
312       330        18         9
223       335       112         4
322       326         4        13
324       334        10         5
314       332        18         7
222       315        93        24
313       319         6        20
328       337         9         2
315       331        16         8
330       331         1         8
316       337        21         2
26       331       305         8
326       330         4         9
335       338         3         1
321       336        15         3
335       337         2         2
322       337        15         2
312       338        26         1
328       335         7         4
326       331         5         8
318       327         9        12
330       332         2         7
26       329       303        10
329       337         8         2
189       332       143         7
330       338         8         1
336       338         2         1
331       335         4         4
330       331         1         8
330       337         7         2
328       335         7         4
12       332       320         7
333       335         2         4
329       337         8         2
158       338       180         1
327       337        10         2
328       337         9         2
276       325        49        14
25       329       304        10
312       331        19         8
188       325       137        14
336       337         1         2
317       327        10        12
23       335       312         4
334       338         4         1
331       332         1         7
321       333        12         6
336       337         1         2
321       330         9         9
305       335        30         4
337       338         1         1
30       318       288        21
205       337       132         2
149       179        30       160
327       337        10         2
27       334       307         5
313       314         1        25
333       335         2         4
331       337         6         2
16       334       318         5
334       336         2         3
337       338         1         1
178       327       149        12
28       338       310         1
321       337        16         2
26       333       307         6
222       328       106        11
326       338        12         1
317       334        17         5
317       338        21         1
334       338         4         1
319       323         4        16
331       337         6         2
329       332         3         7
323       334        11         5
22       318       296        21
313       318         5        21
333       337         4         2
324       327         3        12
328       338        10         1
22       338       316         1
329       332         3         7
330       337         7         2
298       330        32         9
217       323       106        16
191       334       143         5
10       338       328         1
322       323         1        16
321       332        11         7
185       338       153         1
332       337         5         2
331       332         1         7
326       338        12         1
27       189       162       150
325       336        11         3
327       329         2        10
189       323       134        16
311       337        26         2
301       319        18        20
30       329       299        10
27       337       310         2
333       335         2         4
28       159       131       180
184       331       147         8
328       338        10         1
303       322        19        17
328       329         1        10
327       336         9         3
318       333        15         6
30       300       270        39
295       308        13        31
27       331       304         8
333       338         5         1
336       337         1         2
308       327        19        12
320       337        17         2
337       338         1         1
331       337         6         2
31       334       303         5
159       332       173         7
326       336        10         3
336       338         2         1
302       319        17        20
31       315       284        24
222       330       108         9
210       332       122         7
329       332         3         7
324       336        12         3
332       334         2         5
324       337        13         2
3       330       327         9
327       329         2        10
319       332        13         7
320       330        10         9
307       317        10        22
302       324        22        15
30       326       296        13
330       336         6         3
158       338       180         1
328       335         7         4
330       333         3         6
190       337       147         2
172       316       144        23
312       325        13        14
323       334        11         5
305       331        26         8
306       329        23        10
324       327         3        12
293       315        22        24
323       333        10         6
327       338        11         1
311       337        26         2
30       334       304         5
334       337         3         2
312       332        20         7
30       329       299        10
165       336       171         3
329       338         9         1
322       325         3        14
333       337         4         2
332       336         4         3
31       335       304         4
328       337         9         2
320       328         8        11
320       331        11         8
332       335         3         4
331       338         7         1
333       335         2         4
332       335         3         4
327       337        10         2
204       333       129         6
319       328         9        11
334       338         4         1
168       334       166         5
336       337         1         2
315       333        18         6
312       334        22         5
304       334        30         5
326       337        11         2
321       336        15         3
332       333         1         6
311       337        26         2
322       327         5        12
308       325        17        14
335       337         2         2
304       328        24        11
326       334         8         5
333       337         4         2
156       337       181         2
324       328         4        11
332       337         5         2
335       336         1         3
27       332       305         7
326       330         4         9
13       334       321         5
331       338         7         1
24       332       308         7
298       335        37         4
320       338        18         1
321       333        12         6
324       336        12         3
326       331         5         8
315       324         9        15
312       333        21         6
332       333         1         6
316       319         3        20
331       336         5         3
327       332         5         7
326       333         7         6
27       337       310         2
328       336         8         3
337       338         1         1
157       331       174         8
335       336         1         3
333       337         4         2
327       338        11         1
307       336        29         3
331       335         4         4
332       333         1         6
331       334         3         5
327       336         9         3
306       314         8        25
301       324        23        15
336       338         2         1
155       320       165        19
25       307       282        32
337       338         1         1
316       323         7        16
188       338       150         1
19       336       317         3
332       334         2         5
334       336         2         3
190       337       147         2
300       332        32         7
24       337       313         2
334       336         2         3
324       329         5        10
328       338        10         1
320       337        17         2
327       335         8         4
331       336         5         3
302       314        12        25
329       334         5         5
149       322       173        17
330       333         3         6
320       321         1        18
208       282        74        57
320       334        14         5
326       334         8         5
17       318       301        21
327       336         9         3
316       319         3        20
169       337       168         2
336       337         1         2
326       337        11         2
330       337         7         2
158       324       166        15
317       335        18         4
31       338       307         1
329       330         1         9
183       330       147         9
313       323        10        16
314       323         9        16
334       338         4         1
333       337         4         2
336       337         1         2
331       333         2         6
330       337         7         2
306       338        32         1
17       334       317         5
324       331         7         8
154       328       174        11
319       328         9        11
334       337         3         2
330       336         6         3
331       337         6         2
328       337         9         2
281       326        45        13
331       334         3         5
30       338       308         1
333       338         5         1
196       338       142         1
19       316       297        23
26       338       312         1
302       306         4        33
310       333        23         6
337       338         1         1
27       326       299        13
321       322         1        17
16       336       320         3
313       329        16        10
328       332         4         7
313       331        18         8
327       335         8         4
320       325         5        14
222       336       114         3
334       335         1         4
327       338        11         1
328       338        10         1
299       323        24        16
322       338        16         1
310       338        28         1
336       338         2         1
332       334         2         5
329       338         9         1
331       337         6         2
284       331        47         8
15       316       301        23
318       334        16         5
304       320        16        19
312       334        22         5
322       334        12         5
326       332         6         7
321       330         9         9
335       336         1         3
313       322         9        17
315       335        20         4
334       337         3         2
336       337         1         2
330       336         6         3
324       332         8         7
322       338        16         1
335       337         2         2
191       335       144         4
331       332         1         7
309       326        17        13
327       336         9         3
21       156       135       183
31       322       291        17
30       324       294        15
316       334        18         5
219       336       117         3
321       322         1        17
30       222       192       117
284       335        51         4
314       336        22         3
310       336        26         3
330       333         3         6
334       335         1         4
333       335         2         4
332       334         2         5
29       335       306         4
320       332        12         7
332       337         5         2
25       335       310         4
190       332       142         7
327       329         2        10
337       338         1         1
324       338        14         1
333       335         2         4
326       328         2        11
19       334       315         5
279       337        58         2
334       335         1         4
320       321         1        18
322       331         9         8
177       338       161         1
334       337         3         2
331       338         7         1
312       313         1        26
337       338         1         1
332       337         5         2
321       326         5        13
317       329        12        10
332       338         6         1
317       336        19         3
333       338         5         1
297       314        17        25
330       337         7         2
328       336         8         3
328       338        10         1
333       334         1         5
325       326         1        13
320       324         4        15
185       338       153         1
328       338        10         1
327       331         4         8
310       329        19        10
300       334        34         5
30       338       308         1
331       337         6         2
223       336       113         3
335       337         2         2
329       337         8         2
325       328         3        11
314       331        17         8
325       336        11         3
323       333        10         6
30       310       280        29
336       338         2         1
31       336       305         3
300       323        23        16
292       333        41         6
328       329         1        10
309       326        17        13
330       334         4         5
319       338        19         1
328       338        10         1
332       338         6         1
221       334       113         5
333       337         4         2
310       338        28         1
187       327       140        12
26       331       305         8
328       334         6         5
30       337       307         2
31       325       294        14
334       336         2         3
30       337       307         2
313       320         7        19
330       331         1         8
336       338         2         1
212       338       126         1
329       330         1         9
331       337         6         2
335       337         2         2
332       337         5         2
30       333       303         6
331       336         5         3
185       329       144        10
321       333        12         6
23       320       297        19
181       332       151         7
307       309         2        30
315       338        23         1
25       337       312         2
191       336       145         3
183       323       140        16
321       333        12         6
336       337         1         2
215       328       113        11
329       333         4         6
318       331        13         8
314       332        18         7
311       336        25         3
22       331       309         8
324       334        10         5
315       323         8        16
148       317       169        22
322       323         1        16
326       330         4         9
163       326       163        13
322       331         9         8
324       332         8         7
317       326         9        13
180       334       154         5
328       337         9         2
321       337        16         2
318       326         8        13
308       318        10        21
314       337        23         2
324       329         5        10
320       321         1        18
223       334       111         5
328       334         6         5
332       337         5         2
320       333        13         6
26       337       311         2
320       338        18         1
331       333         2         6
30       337       307         2
322       328         6        11
322       330         8         9
321       323         2        16
188       222        34       117
191       338       147         1
321       333        12         6
333       337         4         2
29       333       304         6
321       323         2        16
305       319        14        20
332       336         4         3
319       325         6        14
324       338        14         1
316       319         3        20
328       338        10         1
300       333        33         6
331       334         3         5
293       337        44         2
331       334         3         5
321       328         7        11
321       332        11         7
14       336       322         3
7       333       326         6
25       316       291        23
330       338         8         1
329       335         6         4
315       320         5        19
275       338        63         1
337       338         1         1
191       330       139         9
329       334         5         5
336       338         2         1
297       314        17        25
331       335         4         4
330       335         5         4
314       327        13        12
334       335         1         4
29       336       307         3
318       333        15         6
16       324       308        15
319       329        10        10
29       333       304         6
319       324         5        15
324       326         2        13
333       336         3         3
323       333        10         6
319       323         4        16
332       336         4         3
312       335        23         4
329       337         8         2
335       337         2         2
336       338         2         1
332       337         5         2
331       337         6         2
305       338        33         1
151       336       185         3
335       338         3         1
328       337         9         2
159       310       151        29
322       326         4        13
316       336        20         3
331       335         4         4
313       326        13        13
323       338        15         1
330       333         3         6
314       334        20         5
315       338        23         1
308       338        30         1
158       332       174         7
329       337         8         2
322       334        12         5
221       335       114         4
30       333       303         6
155       334       179         5
333       338         5         1
336       337         1         2
318       338        20         1
324       338        14         1
331       333         2         6
305       335        30         4
324       338        14         1
324       328         4        11
317       327        10        12
333       336         3         3
321       338        17         1
330       337         7         2
333       336         3         3
330       333         3         6
333       336         3         3
330       337         7         2
333       336         3         3
326       329         3        10
165       327       162        12
324       334        10         5
29        31         2       308
334       338         4         1
336       338         2         1
153       324       171        15
323       333        10         6
7       336       329         3
336       337         1         2
322       325         3        14
327       336         9         3
322       336        14         3
337       338         1         1
325       335        10         4
311       338        27         1
316       325         9        14
329       330         1         9
332       337         5         2
186       320       134        19
331       332         1         7
334       336         2         3
326       328         2        11
328       330         2         9
320       338        18         1
337       338         1         1
330       335         5         4
329       338         9         1
21       310       289        29
31       286       255        53
332       336         4         3
321       324         3        15
7       329       322        10
327       333         6         6
331       335         4         4
173       337       164         2
325       333         8         6
321       331        10         8
279       318        39        21
325       338        13         1
328       338        10         1
27       336       309         3
307       322        15        17
220       332       112         7
17       332       315         7
326       329         3        10
300       336        36         3
322       323         1        16
316       329        13        10
305       309         4        30
206       333       127         6
313       338        25         1
323       335        12         4
322       335        13         4
318       338        20         1
315       325        10        14
316       333        17         6
324       337        13         2
29       334       305         5
337       338         1         1
223       336       113         3
30       337       307         2
334       335         1         4
331       336         5         3
331       338         7         1
330       336         6         3
309       338        29         1
189       328       139        11
182       332       150         7
187       330       143         9
13       336       323         3
326       329         3        10
317       335        18         4
329       338         9         1
335       336         1         3
325       333         8         6
308       316         8        23
312       318         6        21
30       338       308         1
222       334       112         5
328       336         8         3
286       338        52         1
189       335       146         4
330       332         2         7
315       330        15         9
298       336        38         3
334       336         2         3
325       332         7         7
14       330       316         9
307       337        30         2
159       338       179         1
324       334        10         5
320       338        18         1
331       338         7         1
332       333         1         6
326       337        11         2
317       324         7        15
186       316       130        23
12       329       317        10
330       334         4         5
328       338        10         1
172       309       137        30
24       331       307         8
326       337        11         2
158       336       178         3
332       334         2         5
324       332         8         7
322       338        16         1
13       331       318         8
222       337       115         2
15       310       295        29
317       333        16         6
155       331       176         8
335       338         3         1
332       336         4         3
25       320       295        19
327       331         4         8
31       334       303         5
314       337        23         2
331       338         7         1
312       325        13        14
333       335         2         4
328       330         2         9
334       337         3         2
328       338        10         1
317       329        12        10
335       336         1         3
158       328       170        11
