28       408       380         6
405       410         5         4
245       367       122        47
369       411        42         3
392       407        15         7
396       413        17         1
35       408       373         6
245       413       168         1
411       412         1         2
412       413         1         1
407       413         6         1
395       405        10         9
245       282        37       132
393       394         1        20
405       413         8         1
407       413         6         1
400       413        13         1
401       405         4         9
241       393       152        21
408       410         2         4
408       413         5         1
388       404        16        10
399       401         2        13
406       410         4         4
398       408        10         6
403       412         9         2
196       392       196        22
401       402         1        12
412       413         1         1
36       404       368        10
395       408        13         6
398       406         8         8
377       387        10        27
409       413         4         1
411       412         1         2
37       410       373         4
385       413        28         1
407       410         3         4
405       412         7         2
398       399         1        15
189       402       213        12
404       410         6         4
31       413       382         1
374       402        28        12
391       403        12        11
412       413         1         1
389       405        16         9
365       389        24        25
393       404        11        10
35       403       368        11
272       413       141         1
402       412        10         2
181       412       231         2
236       395       159        19
391       402        11        12
398       413        15         1
32       407       375         7
408       412         4         2
396       412        16         2
402       406         4         8
382       402        20        12
242       413       171         1
384       413        29         1
411       412         1         2
37       413       376         1
405       407         2         7
198       406       208         8
35       413       378         1
409       413         4         1
385       405        20         9
383       410        27         4
405       406         1         8
402       410         8         4
199       407       208         7
404       406         2         8
368       412        44         2
33       406       373         8
382       407        25         7
399       408         9         6
360       411        51         3
398       409        11         5
393       409        16         5
403       409         6         5
402       404         2        10
394       401         7        13
393       402         9        12
398       400         2        14
402       411         9         3
405       408         3         6
40       411       371         3
407       413         6         1
198       413       215         1
409       412         3         2
34       413       379         1
408       410         2         4
401       413        12         1
398       410        12         4
388       411        23         3
407       413         6         1
394       406        12         8
403       406         3         8
22       406       384         8
387       410        23         4
411       413         2         1
389       408        19         6
36       413       377         1
395       398         3        16
40       408       368         6
371       406        35         8
399       402         3        12
404       412         8         2
411       413         2         1
399       413        14         1
411       413         2         1
397       405         8         9
404       405         1         9
38       411       373         3
410       411         1         3
244       401       157        13
401       408         7         6
353       412        59         2
395       405        10         9
402       403         1        11
406       410         4         4
399       404         5        10
37       396       359        18
409       411         2         3
174       202        28       212
408       410         2         4
389       412        23         2
412       413         1         1
26       411       385         3
398       405         7         9
200       413       213         1
25       405       380         9
399       410        11         4
390       411        21         3
400       409         9         5
38       406       368         8
230       409       179         5
407       410         3         4
379       385         6        29
410       413         3         1
270       411       141         3
398       405         7         9
226       411       185         3
395       404         9        10
407       408         1         6
406       410         4         4
402       406         4         8
410       412         2         2
242       412       170         2
398       405         7         9
201       396       195        18
381       408        27         6
410       412         2         2
409       411         2         3
395       400         5        14
37       407       370         7
39       412       373         2
386       394         8        20
411       412         1         2
382       410        28         4
406       412         6         2
412       413         1         1
397       410        13         4
409       413         4         1
398       402         4        12
204       407       203         7
404       413         9         1
403       408         5         6
402       407         5         7
35       395       360        19
384       394        10        20
362       407        45         7
411       413         2         1
406       407         1         7
412       413         1         1
33       410       377         4
403       405         2         9
196       410       214         4
381       413        32         1
399       404         5        10
398       399         1        15
393       413        20         1
390       400        10        14
390       409        19         5
402       413        11         1
407       413         6         1
29       411       382         3
399       408         9         6
390       401        11        13
242       411       169         3
397       400         3        14
275       409       134         5
407       411         4         3
395       409        14         5
406       407         1         7
34       407       373         7
398       411        13         3
407       410         3         4
404       405         1         9
403       404         1        10
37       407       370         7
410       413         3         1
35       401       366        13
29       395       366        19
18       406       388         8
410       412         2         2
192       410       218         4
392       405        13         9
399       409        10         5
395       409        14         5
406       413         7         1
406       409         3         5
27       409       382         5
405       407         2         7
408       411         3         3
34       405       371         9
408       413         5         1
11       406       395         8
406       408         2         6
27       408       381         6
392       412        20         2
411       412         1         2
407       410         3         4
407       411         4         3
284       398       114        16
386       413        27         1
403       404         1        10
244       406       162         8
384       407        23         7
391       396         5        18
386       404        18        10
376       412        36         2
399       410        11         4
396       411        15         3
408       409         1         5
391       405        14         9
404       408         4         6
408       409         1         5
404       406         2         8
192       413       221         1
394       410        16         4
409       411         2         3
388       413        25         1
384       386         2        28
364       412        48         2
24       406       382         8
410       411         1         3
383       413        30         1
374       412        38         2
258       278        20       136
402       409         7         5
406       407         1         7
282       392       110        22
364       397        33        17
399       413        14         1
28       408       380         6
373       403        30        11
390       397         7        17
404       405         1         9
394       402         8        12
357       408        51         6
281       401       120        13
395       407        12         7
400       402         2        12
399       413        14         1
392       411        19         3
406       413         7         1
388       413        25         1
283       412       129         2
388       407        19         7
404       407         3         7
404       405         1         9
22       245       223       169
29       408       379         6
364       409        45         5
393       410        17         4
403       412         9         2
405       411         6         3
401       412        11         2
397       410        13         4
397       402         5        12
395       402         7        12
401       412        11         2
393       408        15         6
406       410         4         4
390       411        21         3
371       401        30        13
391       407        16         7
25       399       374        15
407       413         6         1
400       406         6         8
195       403       208        11
409       413         4         1
399       411        12         3
285       402       117        12
411       412         1         2
405       407         2         7
244       413       169         1
406       407         1         7
396       400         4        14
401       407         6         7
401       407         6         7
399       412        13         2
409       413         4         1
400       404         4        10
393       408        15         6
281       409       128         5
403       413        10         1
6       406       400         8
384       413        29         1
401       407         6         7
408       409         1         5
404       409         5         5
362       412        50         2
408       411         3         3
31       406       375         8
390       404        14        10
36       412       376         2
397       408        11         6
403       405         2         9
410       411         1         3
395       411        16         3
367       412        45         2
396       409        13         5
38       408       370         6
405       411         6         3
404       408         4         6
393       410        17         4
187       379       192        35
31       204       173       210
40       408       368         6
34       203       169       211
407       410         3         4
381       410        29         4
35       396       361        18
403       404         1        10
411       413         2         1
386       413        27         1
203       412       209         2
394       397         3        17
15       410       395         4
30       412       382         2
406       409         3         5
223       410       187         4
34       412       378         2
392       400         8        14
398       408        10         6
411       413         2         1
21       394       373        20
191       411       220         3
374       410        36         4
237       412       175         2
403       408         5         6
411       413         2         1
412       413         1         1
410       413         3         1
411       413         2         1
405       411         6         3
197       401       204        13
410       412         2         2
398       404         6        10
39       410       371         4
408       412         4         2
398       411        13         3
359       412        53         2
407       408         1         6
401       413        12         1
387       407        20         7
407       411         4         3
181       413       232         1
397       399         2        15
385       403        18        11
402       412        10         2
35       409       374         5
400       408         8         6
402       413        11         1
277       408       131         6
405       413         8         1
399       410        11         4
37       410       373         4
200       405       205         9
32       394       362        20
409       412         3         2
29       396       367        18
386       398        12        16
229       394       165        20
25       381       356        33
14       408       394         6
408       413         5         1
20       409       389         5
408       409         1         5
20       413       393         1
401       403         2        11
388       410        22         4
404       407         3         7
379       396        17        18
40       401       361        13
279       413       134         1
35       404       369        10
405       407         2         7
408       412         4         2
411       412         1         2
411       412         1         2
402       411         9         3
31       413       382         1
398       405         7         9
386       411        25         3
393       406        13         8
393       408        15         6
401       404         3        10
390       412        22         2
409       412         3         2
261       412       151         2
376       405        29         9
381       408        27         6
392       411        19         3
405       407         2         7
403       409         6         5
35       406       371         8
404       411         7         3
397       405         8         9
400       413        13         1
406       408         2         6
196       405       209         9
395       407        12         7
409       412         3         2
388       407        19         7
393       410        17         4
409       413         4         1
387       405        18         9
402       403         1        11
227       412       185         2
403       412         9         2
405       413         8         1
399       412        13         2
254       392       138        22
370       404        34        10
196       409       213         5
405       409         4         5
31       239       208       175
407       408         1         6
408       413         5         1
400       402         2        12
397       404         7        10
412       413         1         1
15       413       398         1
408       413         5         1
412       413         1         1
189       387       198        27
407       412         5         2
396       413        17         1
397       411        14         3
407       410         3         4
402       411         9         3
385       390         5        24
392       405        13         9
406       413         7         1
411       413         2         1
406       413         7         1
391       408        17         6
400       413        13         1
402       410         8         4
395       408        13         6
35       405       370         9
403       410         7         4
382       410        28         4
362       413        51         1
404       410         6         4
404       406         2         8
389       409        20         5
394       405        11         9
410       412         2         2
398       399         1        15
36       407       371         7
393       405        12         9
275       413       138         1
394       408        14         6
199       412       213         2
15       412       397         2
391       413        22         1
17       412       395         2
376       408        32         6
412       413         1         1
397       412        15         2
284       409       125         5
388       412        24         2
40       397       357        17
410       412         2         2
384       412        28         2
38       395       357        19
392       399         7        15
397       409        12         5
401       411        10         3
234       389       155        25
30       394       364        20
378       411        33         3
397       413        16         1
404       409         5         5
391       396         5        18
394       410        16         4
391       395         4        19
35       401       366        13
396       400         4        14
195       406       211         8
37       411       374         3
404       413         9         1
410       411         1         3
406       409         3         5
400       409         9         5
408       413         5         1
392       407        15         7
403       406         3         8
394       403         9        11
411       413         2         1
401       403         2        11
399       406         7         8
195       406       211         8
394       408        14         6
275       400       125        14
203       412       209         2
405       412         7         2
192       401       209        13
20       410       390         4
401       402         1        12
277       406       129         8
398       402         4        12
380       404        24        10
399       408         9         6
411       413         2         1
384       411        27         3
411       413         2         1
410       413         3         1
209       408       199         6
383       413        30         1
397       405         8         9
198       413       215         1
407       408         1         6
385       407        22         7
398       399         1        15
393       402         9        12
401       408         7         6
401       413        12         1
22       283       261       131
273       395       122        19
33       408       375         6
412       413         1         1
408       409         1         5
411       413         2         1
394       404        10        10
203       399       196        15
245       409       164         5
250       398       148        16
35       392       357        22
400       403         3        11
29       411       382         3
275       398       123        16
371       412        41         2
34       413       379         1
387       413        26         1
280       408       128         6
383       408        25         6
407       410         3         4
408       413         5         1
398       413        15         1
244       403       159        11
396       408        12         6
398       410        12         4
395       404         9        10
391       403        12        11
373       396        23        18
396       398         2        16
403       409         6         5
38       413       375         1
401       413        12         1
411       412         1         2
407       410         3         4
385       413        28         1
24       405       381         9
410       413         3         1
400       407         7         7
389       411        22         3
406       411         5         3
25       392       367        22
409       411         2         3
389       413        24         1
390       399         9        15
407       410         3         4
405       410         5         4
399       404         5        10
407       413         6         1
38       409       371         5
404       406         2         8
411       412         1         2
391       402        11        12
397       399         2        15
406       413         7         1
407       413         6         1
411       413         2         1
395       412        17         2
36       400       364        14
402       404         2        10
394       411        17         3
384       398        14        16
187       390       203        24
175       392       217        22
407       410         3         4
403       413        10         1
367       405        38         9
398       411        13         3
398       410        12         4
405       413         8         1
406       409         3         5
395       398         3        16
409       412         3         2
410       411         1         3
409       412         3         2
279       409       130         5
394       398         4        16
245       407       162         7
411       412         1         2
401       404         3        10
397       402         5        12
409       413         4         1
31       408       377         6
376       410        34         4
400       410        10         4
39       390       351        24
400       411        11         3
403       409         6         5
395       411        16         3
280       398       118        16
40       370       330        44
10       413       403         1
5       413       408         1
200       405       205         9
391       401        10        13
396       402         6        12
394       399         5        15
280       412       132         2
404       411         7         3
33       413       380         1
18       400       382        14
401       405         4         9
404       406         2         8
411       413         2         1
407       412         5         2
388       412        24         2
262       408       146         6
38       412       374         2
404       410         6         4
382       407        25         7
202       413       211         1
395       408        13         6
403       408         5         6
392       395         3        19
395       400         5        14
384       408        24         6
286       412       126         2
266       412       146         2
384       399        15        15
404       413         9         1
271       411       140         3
402       412        10         2
33       388       355        26
397       410        13         4
378       407        29         7
389       413        24         1
26       399       373        15
18       398       380        16
404       412         8         2
393       410        17         4
393       406        13         8
405       413         8         1
399       400         1        14
382       406        24         8
201       401       200        13
189       413       224         1
36       391       355        23
388       411        23         3
401       410         9         4
238       363       125        51
397       411        14         3
13       409       396         5
386       410        24         4
36       409       373         5
411       413         2         1
400       413        13         1
411       413         2         1
285       413       128         1
397       406         9         8
398       402         4        12
401       407         6         7
281       413       132         1
406       413         7         1
408       409         1         5
396       408        12         6
409       411         2         3
397       408        11         6
407       412         5         2
405       409         4         5
407       411         4         3
198       408       210         6
406       413         7         1
409       410         1         4
385       409        24         5
391       413        22         1
396       404         8        10
387       396         9        18
406       412         6         2
394       412        18         2
412       413         1         1
397       412        15         2
396       407        11         7
398       409        11         5
391       411        20         3
403       411         8         3
387       395         8        19
397       410        13         4
401       412        11         2
406       409         3         5
401       412        11         2
403       411         8         3
198       237        39       177
244       409       165         5
410       412         2         2
394       400         6        14
379       395        16        19
31       391       360        23
38       392       354        22
391       398         7        16
409       412         3         2
405       409         4         5
401       412        11         2
408       412         4         2
407       409         2         5
39       364       325        50
406       411         5         3
389       402        13        12
244       411       167         3
410       411         1         3
27       411       384         3
405       408         3         6
404       410         6         4
201       400       199        14
386       412        26         2
37       406       369         8
403       412         9         2
35       395       360        19
411       412         1         2
406       407         1         7
410       411         1         3
400       404         4        10
36       402       366        12
39       411       372         3
39       412       373         2
359       408        49         6
411       413         2         1
34       409       375         5
393       406        13         8
406       407         1         7
403       411         8         3
286       412       126         2
369       413        44         1
401       408         7         6
392       407        15         7
406       410         4         4
382       403        21        11
408       413         5         1
40       403       363        11
38       401       363        13
394       408        14         6
364       409        45         5
375       413        38         1
403       405         2         9
405       409         4         5
405       407         2         7
395       413        18         1
36       413       377         1
403       411         8         3
286       404       118        10
382       410        28         4
412       413         1         1
395       400         5        14
388       413        25         1
38       408       370         6
388       397         9        17
28       406       378         8
402       403         1        11
397       398         1        16
377       404        27        10
221       403       182        11
26       410       384         4
21       412       391         2
391       411        20         3
393       413        20         1
408       413         5         1
401       408         7         6
397       409        12         5
392       402        10        12
276       405       129         9
383       401        18        13
399       411        12         3
197       409       212         5
388       413        25         1
28       413       385         1
26       412       386         2
33       407       374         7
404       412         8         2
394       404        10        10
39       411       372         3
401       409         8         5
398       412        14         2
32       399       367        15
399       412        13         2
367       407        40         7
406       412         6         2
407       410         3         4
398       402         4        12
393       408        15         6
405       409         4         5
411       413         2         1
399       413        14         1
404       411         7         3
239       411       172         3
410       412         2         2
29       406       377         8
392       400         8        14
395       413        18         1
392       398         6        16
408       412         4         2
375       407        32         7
398       405         7         9
394       413        19         1
388       413        25         1
400       404         4        10
396       412        16         2
410       411         1         3
37       399       362        15
36       413       377         1
403       405         2         9
411       413         2         1
198       412       214         2
243       393       150        21
408       410         2         4
392       406        14         8
406       410         4         4
402       408         6         6
391       413        22         1
404       410         6         4
31       407       376         7
402       410         8         4
407       409         2         5
394       401         7        13
393       400         7        14
176       367       191        47
30       398       368        16
394       402         8        12
406       413         7         1
388       404        16        10
408       410         2         4
397       403         6        11
394       412        18         2
395       401         6        13
402       412        10         2
397       408        11         6
382       383         1        31
378       413        35         1
37       409       372         5
388       404        16        10
399       407         8         7
394       408        14         6
240       404       164        10
37       398       361        16
408       409         1         5
412       413         1         1
37       408       371         6
395       410        15         4
409       411         2         3
405       413         8         1
216       412       196         2
388       401        13        13
356       398        42        16
274       408       134         6
398       413        15         1
403       407         4         7
391       402        11        12
399       411        12         3
366       409        43         5
406       410         4         4
404       407         3         7
400       408         8         6
37       386       349        28
240       410       170         4
408       412         4         2
392       411        19         3
22       410       388         4
402       411         9         3
393       402         9        12
404       411         7         3
195       411       216         3
390       407        17         7
378       398        20        16
412       413         1         1
398       403         5        11
390       403        13        11
406       409         3         5
396       411        15         3
402       405         3         9
381       405        24         9
391       407        16         7
409       411         2         3
283       413       130         1
403       404         1        10
407       409         2         5
381       405        24         9
409       412         3         2
15       413       398         1
410       412         2         2
37       411       374         3
410       412         2         2
392       408        16         6
391       392         1        22
204       410       206         4
202       413       211         1
404       413         9         1
407       412         5         2
382       411        29         3
401       407         6         7
404       407         3         7
399       403         4        11
398       399         1        15
36       413       377         1
40       413       373         1
402       405         3         9
405       406         1         8
395       408        13         6
38       395       357        19
404       412         8         2
188       405       217         9
405       410         5         4
200       408       208         6
389       406        17         8
395       408        13         6
407       411         4         3
380       410        30         4
40       399       359        15
408       409         1         5
404       412         8         2
395       412        17         2
36       403       367        11
399       411        12         3
285       409       124         5
388       397         9        17
402       406         4         8
33       413       380         1
379       398        19        16
36       413       377         1
408       410         2         4
411       413         2         1
200       411       211         3
409       410         1         4
399       412        13         2
38       403       365        11
410       412         2         2
382       411        29         3
242       411       169         3
378       412        34         2
411       412         1         2
407       412         5         2
385       405        20         9
406       413         7         1
406       409         3         5
403       404         1        10
403       411         8         3
400       402         2        12
380       399        19        15
38       411       373         3
398       407         9         7
403       409         6         5
17       409       392         5
409       412         3         2
398       406         8         8
405       407         2         7
390       405        15         9
383       410        27         4
395       411        16         3
392       413        21         1
407       413         6         1
395       402         7        12
410       413         3         1
202       409       207         5
397       400         3        14
401       405         4         9
406       411         5         3
410       413         3         1
400       404         4        10
394       405        11         9
