178       180         2         5
179       181         2         4
176       181         5         4
175       176         1         9
156       177        21         8
175       176         1         9
170       180        10         5
176       184         8         1
174       181         7         4
180       182         2         3
180       184         4         1
95       182        87         3
174       182         8         3
168       181        13         4
170       182        12         3
87       184        97         1
176       180         4         5
181       182         1         3
182       184         2         1
177       178         1         7
178       184         6         1
176       182         6         3
169       176         7         9
175       182         7         3
18       182       164         3
178       183         5         2
175       184         9         1
19       181       162         4
181       184         3         1
171       177         6         8
174       183         9         2
178       180         2         5
177       182         5         3
173       181         8         4
177       183         6         2
174       182         8         3
182       183         1         2
178       184         6         1
177       180         3         5
174       183         9         2
180       182         2         3
117       178        61         7
176       183         7         2
177       180         3         5
178       184         6         1
180       181         1         4
182       184         2         1
180       181         1         4
174       175         1        10
97       182        85         3
180       181         1         4
172       180         8         5
180       184         4         1
96       184        88         1
181       184         3         1
183       184         1         1
174       184        10         1
181       184         3         1
165       179        14         6
180       183         3         2
161       183        22         2
179       183         4         2
15       182       167         3
118       183        65         2
176       178         2         7
179       184         5         1
178       184         6         1
181       182         1         3
166       184        18         1
118       184        66         1
176       177         1         8
179       180         1         5
178       180         2         5
167       177        10         8
119       180        61         5
165       181        16         4
178       181         3         4
182       184         2         1
181       184         3         1
99       182        83         3
180       183         3         2
173       184        11         1
181       184         3         1
176       180         4         5
176       183         7         2
173       184        11         1
92       182        90         3
173       177         4         8
175       182         7         3
180       182         2         3
181       182         1         3
179       182         3         3
166       180        14         5
148       181        33         4
178       184         6         1
175       179         4         6
180       183         3         2
180       181         1         4
177       183         6         2
182       183         1         2
183       184         1         1
179       184         5         1
175       180         5         5
116       183        67         2
183       184         1         1
165       181        16         4
110       179        69         6
159       184        25         1
175       179         4         6
177       183         6         2
179       180         1         5
98       180        82         5
178       180         2         5
176       184         8         1
181       184         3         1
183       184         1         1
173       177         4         8
180       181         1         4
163       183        20         2
169       184        15         1
176       184         8         1
180       184         4         1
176       179         3         6
173       176         3         9
168       179        11         6
164       176        12         9
176       183         7         2
94       183        89         2
179       182         3         3
183       184         1         1
179       183         4         2
177       181         4         4
178       179         1         6
175       177         2         8
95       178        83         7
180       181         1         4
176       180         4         5
179       184         5         1
173       182         9         3
181       182         1         3
158       182        24         3
98       184        86         1
175       181         6         4
158       175        17        10
18       181       163         4
181       182         1         3
181       184         3         1
178       184         6         1
177       179         2         6
173       183        10         2
98       184        86         1
176       178         2         7
15       169       154        16
181       184         3         1
13       179       166         6
114       184        70         1
179       183         4         2
181       183         2         2
181       183         2         2
182       183         1         2
176       184         8         1
12       183       171         2
161       183        22         2
169       178         9         7
17       184       167         1
178       180         2         5
180       182         2         3
178       181         3         4
173       180         7         5
178       184         6         1
178       180         2         5
179       184         5         1
181       183         2         2
182       184         2         1
178       181         3         4
179       183         4         2
118       181        63         4
181       184         3         1
167       181        14         4
174       176         2         9
171       182        11         3
183       184         1         1
178       184         6         1
173       174         1        11
172       181         9         4
174       175         1        10
183       184         1         1
162       183        21         2
88       178        90         7
180       184         4         1
166       181        15         4
177       184         7         1
182       184         2         1
13       178       165         7
183       184         1         1
174       182         8         3
174       179         5         6
177       183         6         2
177       183         6         2
116       175        59        10
177       182         5         3
179       184         5         1
181       182         1         3
177       183         6         2
173       179         6         6
117       184        67         1
183       184         1         1
175       184         9         1
109       180        71         5
180       182         2         3
173       176         3         9
16       183       167         2
168       180        12         5
183       184         1         1
182       184         2         1
183       184         1         1
174       182         8         3
179       181         2         4
163       182        19         3
171       184        13         1
182       184         2         1
179       180         1         5
175       179         4         6
179       183         4         2
177       183         6         2
180       181         1         4
178       179         1         6
180       184         4         1
172       184        12         1
178       179         1         6
162       184        22         1
169       182        13         3
180       183         3         2
169       184        15         1
99       177        78         8
181       183         2         2
181       184         3         1
177       179         2         6
176       182         6         3
177       179         2         6
16       184       168         1
179       181         2         4
179       183         4         2
182       183         1         2
174       184        10         1
12       181       169         4
177       181         4         4
176       179         3         6
98       178        80         7
175       184         9         1
178       183         5         2
168       171         3        14
172       184        12         1
179       183         4         2
183       184         1         1
179       183         4         2
178       182         4         3
178       182         4         3
182       184         2         1
167       168         1        17
170       182        12         3
174       179         5         6
178       183         5         2
175       179         4         6
162       180        18         5
162       176        14         9
182       183         1         2
118       175        57        10
119       183        64         2
159       181        22         4
180       184         4         1
182       184         2         1
178       181         3         4
181       184         3         1
177       181         4         4
183       184         1         1
19       183       164         2
178       183         5         2
176       183         7         2
117       179        62         6
119       177        58         8
175       178         3         7
176       184         8         1
178       181         3         4
18       183       165         2
19       181       162         4
171       182        11         3
174       177         3         8
182       183         1         2
175       184         9         1
175       179         4         6
179       180         1         5
162       177        15         8
181       184         3         1
177       180         3         5
171       180         9         5
182       183         1         2
177       181         4         4
181       182         1         3
183       184         1         1
183       184         1         1
178       181         3         4
179       183         4         2
172       181         9         4
176       183         7         2
181       184         3         1
182       184         2         1
174       184        10         1
177       184         7         1
16       184       168         1
177       184         7         1
172       183        11         2
118       184        66         1
15       175       160        10
179       183         4         2
174       184        10         1
180       183         3         2
183       184         1         1
176       179         3         6
179       180         1         5
167       184        17         1
171       173         2        12
181       184         3         1
182       184         2         1
176       181         5         4
181       184         3         1
177       183         6         2
168       177         9         8
166       179        13         6
177       183         6         2
169       184        15         1
19       173       154        12
166       178        12         7
178       181         3         4
179       180         1         5
181       184         3         1
176       179         3         6
178       182         4         3
183       184         1         1
180       184         4         1
178       182         4         3
175       181         6         4
173       181         8         4
175       179         4         6
180       183         3         2
171       176         5         9
178       181         3         4
158       181        23         4
169       184        15         1
178       183         5         2
179       184         5         1
177       178         1         7
13       181       168         4
116       181        65         4
181       183         2         2
165       178        13         7
183       184         1         1
167       168         1        17
183       184         1         1
167       184        17         1
174       184        10         1
174       184        10         1
168       180        12         5
18       180       162         5
181       182         1         3
178       181         3         4
179       183         4         2
180       184         4         1
19       184       165         1
170       184        14         1
165       180        15         5
179       180         1         5
176       179         3         6
174       183         9         2
177       181         4         4
177       184         7         1
173       184        11         1
182       184         2         1
177       184         7         1
182       183         1         2
183       184         1         1
160       178        18         7
170       180        10         5
15       184       169         1
159       175        16        10
173       183        10         2
166       180        14         5
163       167         4        18
182       184         2         1
182       184         2         1
180       184         4         1
17       173       156        12
94       181        87         4
181       183         2         2
177       180         3         5
18       181       163         4
182       184         2         1
183       184         1         1
171       176         5         9
96       183        87         2
183       184         1         1
172       182        10         3
119       178        59         7
176       181         5         4
176       181         5         4
174       176         2         9
110       183        73         2
177       180         3         5
168       176         8         9
178       180         2         5
176       184         8         1
174       179         5         6
181       184         3         1
179       182         3         3
173       182         9         3
181       182         1         3
180       182         2         3
111       179        68         6
98       181        83         4
18       182       164         3
171       182        11         3
178       181         3         4
167       180        13         5
174       183         9         2
175       181         6         4
174       184        10         1
180       183         3         2
179       181         2         4
169       184        15         1
170       183        13         2
99       184        85         1
175       184         9         1
169       184        15         1
173       177         4         8
176       177         1         8
181       184         3         1
178       184         6         1
178       180         2         5
171       184        13         1
170       171         1        14
177       184         7         1
181       183         2         2
181       183         2         2
174       180         6         5
11       182       171         3
171       175         4        10
182       184         2         1
182       183         1         2
177       179         2         6
180       183         3         2
118       178        60         7
118       182        64         3
181       183         2         2
179       180         1         5
180       183         3         2
119       179        60         6
177       181         4         4
17       175       158        10
180       183         3         2
177       183         6         2
156       180        24         5
180       181         1         4
179       183         4         2
175       183         8         2
14       167       153        18
173       177         4         8
116       180        64         5
181       182         1         3
182       183         1         2
181       184         3         1
107       180        73         5
176       182         6         3
172       177         5         8
19       184       165         1
175       178         3         7
170       184        14         1
178       181         3         4
170       179         9         6
181       184         3         1
170       181        11         4
180       181         1         4
182       184         2         1
170       184        14         1
171       180         9         5
176       177         1         8
179       182         3         3
183       184         1         1
171       178         7         7
97       184        87         1
178       184         6         1
14       179       165         6
181       183         2         2
182       184         2         1
173       180         7         5
177       179         2         6
164       183        19         2
181       183         2         2
176       182         6         3
177       178         1         7
181       183         2         2
180       183         3         2
182       183         1         2
178       179         1         6
172       180         8         5
181       184         3         1
182       183         1         2
176       180         4         5
172       179         7         6
175       184         9         1
180       183         3         2
179       181         2         4
17       182       165         3
175       176         1         9
178       184         6         1
180       182         2         3
181       184         3         1
175       184         9         1
18       183       165         2
178       183         5         2
181       184         3         1
176       184         8         1
181       183         2         2
172       179         7         6
167       181        14         4
179       182         3         3
177       183         6         2
180       183         3         2
167       184        17         1
181       184         3         1
173       181         8         4
167       178        11         7
176       183         7         2
176       184         8         1
183       184         1         1
96       182        86         3
182       183         1         2
181       184         3         1
181       182         1         3
169       183        14         2
181       183         2         2
180       182         2         3
182       183         1         2
179       182         3         3
180       183         3         2
19       184       165         1
180       184         4         1
180       182         2         3
177       184         7         1
181       182         1         3
178       183         5         2
179       183         4         2
181       182         1         3
179       183         4         2
180       184         4         1
16       184       168         1
183       184         1         1
180       183         3         2
177       181         4         4
9       182       173         3
99       181        82         4
180       182         2         3
180       184         4         1
99       177        78         8
171       174         3        11
179       184         5         1
171       181        10         4
118       181        63         4
177       183         6         2
116       180        64         5
166       183        17         2
179       183         4         2
12       183       171         2
179       180         1         5
178       184         6         1
182       183         1         2
176       179         3         6
170       184        14         1
177       183         6         2
177       179         2         6
183       184         1         1
183       184         1         1
178       179         1         6
165       179        14         6
94       180        86         5
177       181         4         4
180       183         3         2
176       184         8         1
177       183         6         2
179       183         4         2
18       178       160         7
175       181         6         4
99       183        84         2
19       184       165         1
180       184         4         1
181       184         3         1
181       183         2         2
174       179         5         6
182       184         2         1
169       184        15         1
179       184         5         1
172       184        12         1
183       184         1         1
176       177         1         8
99       162        63        23
99       179        80         6
175       176         1         9
181       183         2         2
181       183         2         2
180       183         3         2
119       179        60         6
178       184         6         1
177       181         4         4
177       178         1         7
180       182         2         3
182       184         2         1
177       180         3         5
168       183        15         2
176       182         6         3
96       181        85         4
174       178         4         7
90       181        91         4
15       183       168         2
165       177        12         8
176       180         4         5
182       183         1         2
90       180        90         5
179       183         4         2
183       184         1         1
164       183        19         2
182       184         2         1
178       182         4         3
176       184         8         1
181       184         3         1
169       170         1        15
171       177         6         8
166       184        18         1
175       178         3         7
117       184        67         1
172       176         4         9
178       179         1         6
169       179        10         6
170       180        10         5
181       182         1         3
177       184         7         1
179       184         5         1
178       181         3         4
177       184         7         1
177       181         4         4
170       173         3        12
157       180        23         5
183       184         1         1
173       181         8         4
175       181         6         4
170       184        14         1
182       184         2         1
92       174        82        11
180       182         2         3
180       183         3         2
15       181       166         4
9       170       161        15
170       183        13         2
173       183        10         2
181       184         3         1
172       179         7         6
181       182         1         3
178       180         2         5
17       165       148        20
176       183         7         2
178       184         6         1
181       182         1         3
182       184         2         1
182       184         2         1
175       184         9         1
180       183         3         2
166       180        14         5
177       181         4         4
167       183        16         2
12       184       172         1
183       184         1         1
179       181         2         4
179       183         4         2
178       179         1         6
166       172         6        13
181       184         3         1
170       179         9         6
170       177         7         8
118       184        66         1
178       180         2         5
153       184        31         1
15       177       162         8
182       183         1         2
177       184         7         1
180       184         4         1
181       184         3         1
165       184        19         1
177       182         5         3
181       183         2         2
176       183         7         2
118       174        56        11
178       183         5         2
17       183       166         2
113       181        68         4
183       184         1         1
177       179         2         6
180       181         1         4
166       176        10         9
174       184        10         1
170       180        10         5
180       183         3         2
173       184        11         1
178       179         1         6
176       184         8         1
173       178         5         7
171       183        12         2
177       183         6         2
179       183         4         2
170       183        13         2
180       183         3         2
174       184        10         1
180       183         3         2
181       184         3         1
173       175         2        10
172       174         2        11
182       183         1         2
176       182         6         3
179       181         2         4
172       176         4         9
181       182         1         3
183       184         1         1
168       180        12         5
181       182         1         3
171       181        10         4
113       174        61        11
177       180         3         5
119       175        56        10
172       178         6         7
180       183         3         2
91       184        93         1
166       181        15         4
180       182         2         3
14       183       169         2
97       183        86         2
117       184        67         1
170       177         7         8
179       182         3         3
173       183        10         2
180       184         4         1
181       184         3         1
165       176        11         9
177       181         4         4
175       182         7         3
176       180         4         5
183       184         1         1
180       183         3         2
176       184         8         1
172       181         9         4
179       184         5         1
179       180         1         5
182       184         2         1
92       177        85         8
182       183         1         2
178       183         5         2
172       178         6         7
181       184         3         1
177       182         5         3
113       181        68         4
182       183         1         2
179       182         3         3
170       184        14         1
183       184         1         1
177       180         3         5
165       180        15         5
179       183         4         2
175       182         7         3
175       181         6         4
180       183         3         2
179       183         4         2
182       184         2         1
169       184        15         1
98       184        86         1
173       183        10         2
19       182       163         3
94       180        86         5
183       184         1         1
16       180       164         5
178       181         3         4
172       184        12         1
169       181        12         4
161       183        22         2
182       184         2         1
165       181        16         4
177       182         5         3
182       184         2         1
175       179         4         6
18       183       165         2
96       182        86         3
181       183         2         2
167       184        17         1
180       183         3         2
175       182         7         3
178       180         2         5
166       176        10         9
180       181         1         4
180       184         4         1
166       182        16         3
167       176         9         9
175       182         7         3
179       182         3         3
175       181         6         4
180       181         1         4
115       183        68         2
174       180         6         5
17       175       158        10
119       183        64         2
175       183         8         2
175       178         3         7
183       184         1         1
183       184         1         1
174       181         7         4
180       184         4         1
178       184         6         1
181       184         3         1
183       184         1         1
154       184        30         1
178       181         3         4
174       184        10         1
180       183         3         2
173       174         1        11
181       182         1         3
178       181         3         4
182       184         2         1
172       178         6         7
173       184        11         1
177       183         6         2
99       184        85         1
172       178         6         7
178       182         4         3
176       183         7         2
182       184         2         1
163       173        10        12
167       178        11         7
118       182        64         3
175       183         8         2
176       182         6         3
179       184         5         1
175       181         6         4
183       184         1         1
181       182         1         3
179       182         3         3
177       181         4         4
176       183         7         2
176       184         8         1
15       183       168         2
165       184        19         1
181       184         3         1
175       184         9         1
181       183         2         2
174       178         4         7
165       183        18         2
181       182         1         3
176       184         8         1
119       183        64         2
182       183         1         2
168       184        16         1
182       183         1         2
174       181         7         4
176       184         8         1
88       183        95         2
177       183         6         2
169       183        14         2
178       184         6         1
167       183        16         2
117       181        64         4
179       183         4         2
93       181        88         4
181       183         2         2
176       182         6         3
99       182        83         3
179       184         5         1
181       182         1         3
98       183        85         2
14       183       169         2
180       181         1         4
19       183       164         2
181       183         2         2
17       184       167         1
177       178         1         7
183       184         1         1
180       183         3         2
177       181         4         4
181       184         3         1
173       183        10         2
166       175         9        10
177       180         3         5
180       183         3         2
177       179         2         6
170       181        11         4
168       170         2        15
181       182         1         3
183       184         1         1
165       176        11         9
183       184         1         1
96       183        87         2
118       177        59         8
170       172         2        13
181       184         3         1
172       184        12         1
169       184        15         1
174       175         1        10
13       182       169         3
176       180         4         5
182       184         2         1
183       184         1         1
171       184        13         1
181       183         2         2
178       181         3         4
172       176         4         9
176       182         6         3
159       184        25         1
175       179         4         6
178       179         1         6
182       184         2         1
99       182        83         3
177       181         4         4
170       183        13         2
172       184        12         1
179       180         1         5
169       179        10         6
183       184         1         1
174       175         1        10
177       183         6         2
176       177         1         8
117       181        64         4
19       184       165         1
174       181         7         4
181       184         3         1
177       184         7         1
172       173         1        12
170       182        12         3
179       184         5         1
177       182         5         3
182       184         2         1
90       179        89         6
182       184         2         1
177       182         5         3
179       182         3         3
176       178         2         7
178       179         1         6
175       180         5         5
176       182         6         3
169       182        13         3
182       183         1         2
179       181         2         4
159       179        20         6
178       183         5         2
182       184         2         1
174       182         8         3
182       183         1         2
181       183         2         2
13       180       167         5
180       183         3         2
172       181         9         4
172       182        10         3
176       182         6         3
171       181        10         4
173       175         2        10
183       184         1         1
183       184         1         1
113       183        70         2
118       183        65         2
181       182         1         3
182       184         2         1
180       183         3         2
177       178         1         7
16       173       157        12
180       184         4         1
180       182         2         3
182       183         1         2
182       184         2         1
3       182       179         3
181       183         2         2
171       182        11         3
182       183         1         2
172       184        12         1
176       184         8         1
176       184         8         1
181       182         1         3
163       181        18         4
102       182        80         3
176       178         2         7
170       182        12         3
175       184         9         1
173       181         8         4
19       184       165         1
118       184        66         1
182       183         1         2
179       183         4         2
182       184         2         1
183       184         1         1
171       178         7         7
