274       276         2         5
259       275        16         6
276       277         1         4
258       275        17         6
28       279       251         2
273       275         2         6
272       273         1         8
21       277       256         4
270       276         6         5
28       273       245         8
266       274         8         7
141       270       129        11
263       271         8        10
18       263       245        18
275       277         2         4
272       278         6         3
274       279         5         2
278       280         2         1
266       278        12         3
271       272         1         9
253       267        14        14
275       280         5         1
166       277       111         4
269       271         2        10
269       280        11         1
276       280         4         1
277       280         3         1
260       276        16         5
277       279         2         2
274       279         5         2
279       280         1         1
271       280         9         1
267       275         8         6
254       273        19         8
276       277         1         4
268       270         2        11
273       280         7         1
138       262       124        19
270       273         3         8
269       280        11         1
269       276         7         5
276       280         4         1
257       280        23         1
272       276         4         5
268       273         5         8
5       280       275         1
269       270         1        11
271       280         9         1
264       277        13         4
266       268         2        13
26       277       251         4
25       275       250         6
265       266         1        15
277       280         3         1
271       279         8         2
5       278       273         3
173       273       100         8
276       277         1         4
268       275         7         6
276       280         4         1
271       275         4         6
273       280         7         1
268       270         2        11
275       278         3         3
272       278         6         3
271       280         9         1
277       279         2         2
274       275         1         6
267       280        13         1
270       277         7         4
275       278         3         3
256       279        23         2
16       276       260         5
24       268       244        13
276       278         2         3
276       278         2         3
269       273         4         8
273       274         1         7
272       278         6         3
264       278        14         3
271       274         3         7
256       273        17         8
142       277       135         4
260       274        14         7
270       276         6         5
24       271       247        10
278       280         2         1
273       275         2         6
270       279         9         2
268       275         7         6
277       278         1         3
155       276       121         5
269       280        11         1
260       274        14         7
275       278         3         3
253       266        13        15
278       280         2         1
269       271         2        10
272       273         1         8
272       275         3         6
265       278        13         3
259       261         2        20
26       279       253         2
265       279        14         2
156       280       124         1
264       277        13         4
274       280         6         1
275       278         3         3
28       261       233        20
266       272         6         9
267       268         1        13
263       274        11         7
269       280        11         1
263       267         4        14
267       280        13         1
243       278        35         3
243       280        37         1
267       276         9         5
271       273         2         8
275       280         5         1
270       271         1        10
17       272       255         9
271       279         8         2
274       280         6         1
267       276         9         5
268       280        12         1
264       275        11         6
276       278         2         3
13       278       265         3
264       274        10         7
275       276         1         5
271       280         9         1
276       280         4         1
264       273         9         8
263       265         2        16
4       261       257        20
24       274       250         7
261       276        15         5
272       280         8         1
20       280       260         1
258       274        16         7
262       266         4        15
273       275         2         6
266       272         6         9
264       277        13         4
28       274       246         7
268       278        10         3
245       250         5        31
225       267        42        14
27       275       248         6
273       275         2         6
278       279         1         2
275       276         1         5
267       279        12         2
274       276         2         5
26       277       251         4
276       278         2         3
143       275       132         6
264       269         5        12
275       278         3         3
274       275         1         6
253       278        25         3
270       274         4         7
271       273         2         8
275       276         1         5
265       277        12         4
28       163       135       118
274       280         6         1
279       280         1         1
277       279         2         2
276       278         2         3
272       279         7         2
257       280        23         1
264       269         5        12
273       279         6         2
172       263        91        18
262       269         7        12
266       269         3        12
275       277         2         4
260       271        11        10
274       275         1         6
274       275         1         6
27       278       251         3
277       279         2         2
273       276         3         5
270       280        10         1
264       272         8         9
269       280        11         1
278       280         2         1
273       280         7         1
229       280        51         1
279       280         1         1
277       278         1         3
6       280       274         1
274       280         6         1
258       277        19         4
263       280        17         1
273       278         5         3
276       277         1         4
21       272       251         9
9       267       258        14
157       264       107        17
166       278       112         3
142       274       132         7
269       279        10         2
264       273         9         8
274       277         3         4
279       280         1         1
276       278         2         3
274       279         5         2
267       269         2        12
28       273       245         8
270       280        10         1
261       279        18         2
260       271        11        10
14       276       262         5
274       277         3         4
264       270         6        11
273       280         7         1
272       275         3         6
273       277         4         4
269       280        11         1
259       277        18         4
264       278        14         3
274       276         2         5
268       280        12         1
254       262         8        19
271       278         7         3
271       279         8         2
275       280         5         1
267       276         9         5
255       275        20         6
276       277         1         4
20       268       248        13
273       278         5         3
269       270         1        11
18       267       249        14
260       269         9        12
266       267         1        14
25       275       250         6
27       272       245         9
275       277         2         4
255       277        22         4
27       267       240        14
14       272       258         9
277       278         1         3
264       280        16         1
168       264        96        17
271       273         2         8
144       276       132         5
275       277         2         4
237       275        38         6
264       271         7        10
12       274       262         7
276       279         3         2
272       276         4         5
265       278        13         3
273       275         2         6
27       280       253         1
257       276        19         5
267       274         7         7
262       278        16         3
24       279       255         2
268       271         3        10
253       268        15        13
273       275         2         6
270       276         6         5
271       280         9         1
278       279         1         2
278       280         2         1
268       272         4         9
277       280         3         1
266       277        11         4
268       269         1        12
277       280         3         1
269       275         6         6
277       280         3         1
271       275         4         6
245       260        15        21
276       280         4         1
265       278        13         3
272       275         3         6
271       277         6         4
246       275        29         6
266       272         6         9
251       279        28         2
277       280         3         1
273       279         6         2
276       280         4         1
273       276         3         5
272       279         7         2
278       279         1         2
272       278         6         3
266       276        10         5
276       278         2         3
263       280        17         1
259       274        15         7
260       276        16         5
263       275        12         6
254       273        19         8
260       270        10        11
278       280         2         1
271       273         2         8
271       276         5         5
270       276         6         5
272       275         3         6
268       280        12         1
170       275       105         6
274       276         2         5
268       272         4         9
271       279         8         2
24       275       251         6
253       269        16        12
269       276         7         5
252       280        28         1
259       278        19         3
273       278         5         3
269       276         7         5
262       269         7        12
278       279         1         2
274       276         2         5
260       279        19         2
278       280         2         1
265       277        12         4
270       280        10         1
234       273        39         8
264       267         3        14
7       280       273         1
277       278         1         3
275       278         3         3
274       276         2         5
279       280         1         1
268       276         8         5
273       279         6         2
171       268        97        13
278       279         1         2
271       277         6         4
270       279         9         2
274       277         3         4
274       276         2         5
255       274        19         7
24       274       250         7
247       278        31         3
272       278         6         3
257       272        15         9
275       280         5         1
268       279        11         2
270       271         1        10
263       276        13         5
28       276       248         5
262       278        16         3
275       280         5         1
255       271        16        10
271       274         3         7
267       275         8         6
277       280         3         1
265       272         7         9
264       275        11         6
16       277       261         4
270       280        10         1
274       277         3         4
24       272       248         9
172       280       108         1
277       279         2         2
21       278       257         3
267       280        13         1
26       280       254         1
274       277         3         4
168       279       111         2
277       278         1         3
268       270         2        11
273       279         6         2
247       265        18        16
274       280         6         1
24       274       250         7
265       280        15         1
278       279         1         2
268       274         6         7
270       271         1        10
272       275         3         6
24       280       256         1
272       280         8         1
264       277        13         4
271       278         7         3
155       277       122         4
272       273         1         8
263       272         9         9
261       264         3        17
226       279        53         2
265       273         8         8
275       278         3         3
276       277         1         4
278       279         1         2
263       268         5        13
267       275         8         6
270       277         7         4
273       278         5         3
252       264        12        17
262       270         8        11
168       274       106         7
16       271       255        10
256       272        16         9
251       273        22         8
24       261       237        20
263       277        14         4
170       273       103         8
271       275         4         6
258       269        11        12
267       278        11         3
137       277       140         4
268       270         2        11
272       275         3         6
260       268         8        13
262       279        17         2
262       279        17         2
278       279         1         2
265       275        10         6
274       277         3         4
268       280        12         1
241       279        38         2
24       274       250         7
264       265         1        16
261       275        14         6
276       277         1         4
16       268       252        13
267       273         6         8
253       272        19         9
263       273        10         8
267       276         9         5
275       279         4         2
277       278         1         3
267       276         9         5
271       278         7         3
259       279        20         2
267       278        11         3
271       276         5         5
249       280        31         1
7       262       255        19
272       279         7         2
271       273         2         8
274       278         4         3
18       280       262         1
264       277        13         4
267       269         2        12
271       279         8         2
269       279        10         2
168       277       109         4
28       273       245         8
274       279         5         2
275       280         5         1
141       273       132         8
264       269         5        12
269       278         9         3
268       274         6         7
277       278         1         3
276       279         3         2
276       277         1         4
264       276        12         5
256       272        16         9
12       261       249        20
262       269         7        12
275       279         4         2
274       276         2         5
279       280         1         1
269       275         6         6
271       277         6         4
269       272         3         9
275       280         5         1
274       277         3         4
276       280         4         1
277       280         3         1
278       280         2         1
257       280        23         1
275       279         4         2
270       272         2         9
268       278        10         3
252       272        20         9
236       278        42         3
271       280         9         1
27       264       237        17
266       275         9         6
252       280        28         1
26       257       231        24
274       275         1         6
275       280         5         1
173       271        98        10
277       280         3         1
273       280         7         1
277       279         2         2
7       272       265         9
276       280         4         1
143       278       135         3
275       278         3         3
277       279         2         2
273       278         5         3
278       279         1         2
270       272         2         9
231       264        33        17
274       277         3         4
268       271         3        10
275       280         5         1
264       268         4        13
272       275         3         6
277       279         2         2
265       280        15         1
271       276         5         5
138       269       131        12
252       272        20         9
271       280         9         1
275       279         4         2
263       271         8        10
267       278        11         3
270       280        10         1
28       275       247         6
161       280       119         1
270       271         1        10
277       279         2         2
263       279        16         2
277       279         2         2
256       277        21         4
264       279        15         2
273       277         4         4
268       276         8         5
255       263         8        18
150       280       130         1
277       278         1         3
269       273         4         8
261       275        14         6
273       278         5         3
265       280        15         1
257       271        14        10
19       143       124       138
267       273         6         8
272       276         4         5
275       279         4         2
172       279       107         2
279       280         1         1
263       268         5        13
268       277         9         4
27       280       253         1
273       275         2         6
279       280         1         1
271       273         2         8
276       280         4         1
269       280        11         1
272       276         4         5
278       280         2         1
268       279        11         2
274       277         3         4
259       267         8        14
265       279        14         2
276       280         4         1
274       280         6         1
266       277        11         4
256       273        17         8
277       278         1         3
139       263       124        18
258       271        13        10
265       270         5        11
262       272        10         9
272       277         5         4
274       279         5         2
266       278        12         3
272       276         4         5
256       278        22         3
273       279         6         2
273       276         3         5
272       279         7         2
258       268        10        13
20       280       260         1
277       279         2         2
262       279        17         2
263       278        15         3
268       272         4         9
273       278         5         3
265       266         1        15
276       279         3         2
274       277         3         4
13        21         8       260
271       275         4         6
262       264         2        17
271       280         9         1
268       279        11         2
20       273       253         8
279       280         1         1
269       274         5         7
274       279         5         2
274       277         3         4
274       279         5         2
23       271       248        10
165       232        67        49
28       277       249         4
259       274        15         7
257       276        19         5
8       279       271         2
277       279         2         2
271       276         5         5
276       279         3         2
265       277        12         4
27       245       218        36
269       275         6         6
153       267       114        14
169       273       104         8
259       273        14         8
278       280         2         1
272       279         7         2
25       278       253         3
24       280       256         1
267       269         2        12
274       275         1         6
262       273        11         8
273       279         6         2
274       279         5         2
278       280         2         1
269       274         5         7
261       273        12         8
250       274        24         7
144       279       135         2
275       277         2         4
260       270        10        11
270       278         8         3
20       277       257         4
248       259        11        22
271       273         2         8
26       279       253         2
272       276         4         5
138       266       128        15
264       268         4        13
173       280       107         1
254       261         7        20
274       279         5         2
268       278        10         3
268       278        10         3
275       278         3         3
268       275         7         6
277       280         3         1
27       273       246         8
271       278         7         3
28       261       233        20
241       279        38         2
275       276         1         5
268       279        11         2
162       271       109        10
259       268         9        13
276       279         3         2
26       263       237        18
274       279         5         2
275       279         4         2
158       275       117         6
271       277         6         4
276       280         4         1
273       280         7         1
272       273         1         8
265       279        14         2
267       279        12         2
271       276         5         5
267       280        13         1
152       280       128         1
273       280         7         1
270       279         9         2
28       271       243        10
272       279         7         2
275       280         5         1
11       271       260        10
269       276         7         5
19       268       249        13
11       273       262         8
261       280        19         1
268       280        12         1
275       280         5         1
253       269        16        12
273       278         5         3
16       280       264         1
272       277         5         4
259       278        19         3
25       278       253         3
275       277         2         4
275       279         4         2
272       275         3         6
275       279         4         2
144       280       136         1
263       266         3        15
165       277       112         4
260       280        20         1
256       273        17         8
276       278         2         3
271       279         8         2
265       270         5        11
141       270       129        11
259       272        13         9
269       279        10         2
268       277         9         4
250       276        26         5
28       269       241        12
28       266       238        15
279       280         1         1
270       275         5         6
266       273         7         8
273       277         4         4
246       271        25        10
14       269       255        12
264       279        15         2
246       272        26         9
267       275         8         6
273       279         6         2
272       273         1         8
21       274       253         7
243       274        31         7
161       277       116         4
273       280         7         1
276       280         4         1
275       280         5         1
269       275         6         6
20       280       260         1
273       274         1         7
274       278         4         3
262       271         9        10
276       280         4         1
267       271         4        10
142       279       137         2
16       275       259         6
273       276         3         5
270       277         7         4
256       279        23         2
277       280         3         1
275       279         4         2
269       274         5         7
272       273         1         8
263       280        17         1
276       278         2         3
273       276         3         5
279       280         1         1
276       277         1         4
264       279        15         2
257       261         4        20
263       278        15         3
279       280         1         1
136       276       140         5
276       279         3         2
267       275         8         6
28       274       246         7
270       278         8         3
258       277        19         4
275       276         1         5
270       279         9         2
269       278         9         3
274       278         4         3
25       275       250         6
262       272        10         9
274       276         2         5
276       277         1         4
274       277         3         4
273       279         6         2
268       273         5         8
272       279         7         2
275       280         5         1
26       280       254         1
272       279         7         2
272       280         8         1
272       277         5         4
268       269         1        12
261       275        14         6
144       273       129         8
275       280         5         1
278       279         1         2
235       274        39         7
277       279         2         2
172       276       104         5
162       278       116         3
261       276        15         5
269       277         8         4
264       269         5        12
269       270         1        11
16       255       239        26
276       277         1         4
26       278       252         3
274       275         1         6
264       280        16         1
271       272         1         9
273       280         7         1
274       279         5         2
276       279         3         2
274       278         4         3
274       276         2         5
275       280         5         1
243       278        35         3
275       276         1         5
275       276         1         5
266       279        13         2
266       276        10         5
276       280         4         1
19       279       260         2
276       280         4         1
279       280         1         1
269       274         5         7
144       272       128         9
270       271         1        10
25       269       244        12
264       280        16         1
271       278         7         3
242       276        34         5
277       278         1         3
272       279         7         2
270       273         3         8
143       280       137         1
276       278         2         3
267       277        10         4
247       257        10        24
19       278       259         3
255       270        15        11
275       280         5         1
269       278         9         3
272       275         3         6
272       279         7         2
272       276         4         5
276       278         2         3
277       278         1         3
274       279         5         2
266       276        10         5
23        25         2       256
268       276         8         5
163       274       111         7
262       274        12         7
268       279        11         2
274       280         6         1
267       277        10         4
263       273        10         8
271       277         6         4
275       279         4         2
273       277         4         4
277       279         2         2
272       280         8         1
263       268         5        13
275       278         3         3
136       279       143         2
279       280         1         1
276       278         2         3
270       278         8         3
274       275         1         6
144       279       135         2
136       276       140         5
265       270         5        11
266       272         6         9
273       276         3         5
267       280        13         1
264       273         9         8
263       275        12         6
169       279       110         2
258       276        18         5
276       278         2         3
272       274         2         7
272       275         3         6
278       279         1         2
276       278         2         3
277       278         1         3
28       263       235        18
258       269        11        12
265       277        12         4
275       278         3         3
274       279         5         2
19       277       258         4
271       280         9         1
264       273         9         8
268       275         7         6
274       279         5         2
166       273       107         8
267       272         5         9
278       280         2         1
279       280         1         1
255       277        22         4
247       254         7        27
256       280        24         1
277       278         1         3
26       263       237        18
256       261         5        20
172       261        89        20
19       269       250        12
267       279        12         2
270       274         4         7
267       277        10         4
275       277         2         4
268       272         4         9
26       273       247         8
25       277       252         4
273       278         5         3
269       277         8         4
252       273        21         8
255       280        25         1
278       279         1         2
143       252       109        29
264       278        14         3
277       278         1         3
271       275         4         6
272       279         7         2
273       280         7         1
18       258       240        23
28       278       250         3
273       280         7         1
270       278         8         3
23       277       254         4
276       280         4         1
258       273        15         8
278       279         1         2
172       273       101         8
271       279         8         2
266       271         5        10
159       278       119         3
258       267         9        14
278       279         1         2
264       274        10         7
269       279        10         2
263       264         1        17
275       279         4         2
264       280        16         1
279       280         1         1
268       276         8         5
278       280         2         1
257       274        17         7
267       273         6         8
270       271         1        10
173       279       106         2
260       264         4        17
277       280         3         1
261       271        10        10
270       277         7         4
275       280         5         1
278       279         1         2
274       278         4         3
25       279       254         2
241       277        36         4
274       280         6         1
244       274        30         7
263       272         9         9
273       280         7         1
268       271         3        10
271       275         4         6
274       279         5         2
143       269       126        12
275       279         4         2
160       278       118         3
271       280         9         1
273       276         3         5
273       276         3         5
278       279         1         2
272       276         4         5
276       279         3         2
276       278         2         3
277       279         2         2
251       254         3        27
258       274        16         7
264       277        13         4
266       278        12         3
279       280         1         1
275       280         5         1
142       279       137         2
277       279         2         2
18       279       261         2
271       278         7         3
275       278         3         3
276       278         2         3
269       274         5         7
278       280         2         1
264       265         1        16
144       275       131         6
275       278         3         3
278       280         2         1
259       260         1        21
262       273        11         8
264       271         7        10
164       255        91        26
274       276         2         5
271       274         3         7
279       280         1         1
260       280        20         1
260       279        19         2
270       280        10         1
260       277        17         4
276       278         2         3
17       273       256         8
263       275        12         6
273       275         2         6
267       270         3        11
265       268         3        13
272       278         6         3
28       279       251         2
11       278       267         3
272       279         7         2
144       276       132         5
262       267         5        14
276       280         4         1
276       280         4         1
265       271         6        10
272       276         4         5
255       266        11        15
275       280         5         1
27       280       253         1
263       274        11         7
265       270         5        11
266       273         7         8
269       279        10         2
