399       400         1         8
395       405        10         3
257       393       136        15
389       402        13         6
393       405        12         3
152       403       251         5
404       405         1         3
300       407       107         1
385       406        21         2
40       401       361         7
403       405         2         3
396       405         9         3
389       397         8        11
390       406        16         2
404       405         1         3
394       400         6         8
404       406         2         2
393       396         3        12
36       398       362        10
170       404       234         4
402       407         5         1
41       403       362         5
396       402         6         6
383       407        24         1
401       403         2         5
402       405         3         3
397       405         8         3
391       403        12         5
397       405         8         3
252       406       154         2
392       399         7         9
405       407         2         1
401       405         4         3
396       403         7         5
390       404        14         4
377       403        26         5
158       400       242         8
165       393       228        15
392       405        13         3
291       398       107        10
164       399       235         9
394       402         8         6
397       401         4         7
392       407        15         1
403       405         2         3
404       406         2         2
396       400         4         8
394       403         9         5
404       406         2         2
402       404         2         4
289       406       117         2
403       407         4         1
406       407         1         1
380       400        20         8
397       401         4         7
209       387       178        21
210       403       193         5
399       402         3         6
395       403         8         5
240       403       163         5
398       407         9         1
206       407       201         1
396       407        11         1
169       406       237         2
396       398         2        10
160       401       241         7
367       397        30        11
200       243        43       165
41       402       361         6
42       406       364         2
401       406         5         2
291       397       106        11
206       404       198         4
392       405        13         3
204       398       194        10
396       399         3         9
397       407        10         1
373       402        29         6
28       395       367        13
399       404         5         4
392       394         2        14
397       406         9         2
396       403         7         5
389       400        11         8
404       405         1         3
42       407       365         1
204       407       203         1
400       402         2         6
386       391         5        17
168       400       232         8
41       403       362         5
398       406         8         2
389       404        15         4
404       407         3         1
288       395       107        13
400       407         7         1
398       407         9         1
405       406         1         2
392       407        15         1
399       404         5         4
393       405        12         3
380       392        12        16
373       402        29         6
209       247        38       161
402       404         2         4
40       406       366         2
399       406         7         2
390       406        16         2
388       399        11         9
393       403        10         5
405       407         2         1
396       407        11         1
400       405         5         3
389       405        16         3
401       403         2         5
398       405         7         3
398       405         7         3
290       404       114         4
393       394         1        14
385       398        13        10
39       404       365         4
404       407         3         1
402       407         5         1
257       406       149         2
390       400        10         8
401       404         3         4
299       397        98        11
214       398       184        10
394       401         7         7
293       407       114         1
401       405         4         3
395       399         4         9
397       406         9         2
378       405        27         3
300       396        96        12
400       406         6         2
401       407         6         1
404       407         3         1
400       403         3         5
166       248        82       160
393       398         5        10
382       404        22         4
365       403        38         5
210       407       197         1
401       403         2         5
400       407         7         1
205       407       202         1
404       407         3         1
392       406        14         2
202       405       203         3
381       395        14        13
392       402        10         6
400       406         6         2
403       404         1         4
400       405         5         3
35       407       372         1
402       404         2         4
406       407         1         1
406       407         1         1
401       405         4         3
389       404        15         4
390       405        15         3
37       402       365         6
399       400         1         8
395       396         1        12
389       394         5        14
398       405         7         3
406       407         1         1
379       406        27         2
388       401        13         7
371       400        29         8
396       404         8         4
39       404       365         4
204       407       203         1
385       396        11        12
391       407        16         1
401       403         2         5
280       406       126         2
398       401         3         7
400       406         6         2
203       404       201         4
404       405         1         3
392       397         5        11
380       407        27         1
299       404       105         4
205       383       178        25
391       404        13         4
403       405         2         3
296       386        90        22
298       407       109         1
405       406         1         2
256       405       149         3
393       401         8         7
378       396        18        12
403       405         2         3
39       389       350        19
406       407         1         1
401       404         3         4
219       405       186         3
401       407         6         1
386       407        21         1
366       403        37         5
400       402         2         6
405       406         1         2
167       168         1       240
400       404         4         4
404       405         1         3
392       401         9         7
38       398       360        10
390       399         9         9
401       404         3         4
406       407         1         1
400       407         7         1
398       407         9         1
401       405         4         3
394       404        10         4
209       401       192         7
400       405         5         3
387       407        20         1
38       406       368         2
211       388       177        20
41       400       359         8
404       406         2         2
396       407        11         1
405       406         1         2
404       405         1         3
398       399         1         9
395       402         7         6
42       404       362         4
397       404         7         4
390       396         6        12
385       393         8        15
40       406       366         2
388       406        18         2
387       403        16         5
39       395       356        13
403       406         3         2
389       396         7        12
385       406        21         2
393       403        10         5
384       402        18         6
292       407       115         1
399       405         6         3
380       404        24         4
369       398        29        10
404       407         3         1
397       407        10         1
383       404        21         4
300       407       107         1
163       407       244         1
246       407       161         1
386       401        15         7
395       397         2        11
35       406       371         2
403       407         4         1
396       398         2        10
406       407         1         1
402       406         4         2
25       402       377         6
39       153       114       255
404       407         3         1
399       400         1         8
300       382        82        26
32       169       137       239
400       405         5         3
397       406         9         2
388       399        11         9
392       403        11         5
398       401         3         7
235       394       159        14
384       403        19         5
398       403         5         5
212       251        39       157
209       213         4       195
214       391       177        17
399       401         2         7
389       394         5        14
400       407         7         1
390       396         6        12
394       404        10         4
183       393       210        15
404       406         2         2
403       407         4         1
399       401         2         7
384       403        19         5
405       406         1         2
395       396         1        12
392       406        14         2
403       407         4         1
393       407        14         1
400       402         2         6
393       407        14         1
388       398        10        10
398       405         7         3
290       404       114         4
400       401         1         7
401       407         6         1
26       389       363        19
401       403         2         5
383       399        16         9
393       407        14         1
389       396         7        12
394       407        13         1
42       405       363         3
404       406         2         2
396       407        11         1
249       406       157         2
399       406         7         2
404       405         1         3
398       407         9         1
206       406       200         2
404       407         3         1
405       407         2         1
403       407         4         1
397       401         4         7
406       407         1         1
385       407        22         1
42       393       351        15
406       407         1         1
300       401       101         7
375       407        32         1
400       402         2         6
402       404         2         4
380       394        14        14
389       407        18         1
391       407        16         1
405       406         1         2
402       406         4         2
381       397        16        11
298       390        92        18
39       391       352        17
387       407        20         1
394       397         3        11
32       407       375         1
385       398        13        10
395       405        10         3
392       396         4        12
372       407        35         1
399       406         7         2
397       406         9         2
387       407        20         1
402       407         5         1
158       405       247         3
387       407        20         1
377       403        26         5
387       390         3        18
395       402         7         6
402       406         4         2
391       397         6        11
42       407       365         1
194       398       204        10
396       401         5         7
406       407         1         1
389       392         3        16
227       401       174         7
392       393         1        15
210       407       197         1
393       403        10         5
396       400         4         8
399       403         4         5
389       401        12         7
401       405         4         3
256       406       150         2
399       402         3         6
401       407         6         1
382       399        17         9
253       407       154         1
395       403         8         5
390       401        11         7
403       404         1         4
406       407         1         1
390       398         8        10
374       383         9        25
297       405       108         3
393       399         6         9
405       407         2         1
393       405        12         3
293       396       103        12
385       397        12        11
396       406        10         2
400       405         5         3
403       406         3         2
400       407         7         1
42       402       360         6
396       406        10         2
394       404        10         4
401       404         3         4
396       405         9         3
393       407        14         1
393       399         6         9
42       403       361         5
190       400       210         8
397       405         8         3
389       407        18         1
405       407         2         1
403       406         3         2
402       404         2         4
291       406       115         2
398       404         6         4
383       406        23         2
369       400        31         8
403       406         3         2
387       402        15         6
398       402         4         6
398       407         9         1
403       405         2         3
213       397       184        11
394       398         4        10
170       396       226        12
32       398       366        10
404       405         1         3
405       407         2         1
403       404         1         4
397       407        10         1
393       402         9         6
403       404         1         4
209       390       181        18
397       407        10         1
393       405        12         3
40       170       130       238
31       403       372         5
34       407       373         1
241       400       159         8
386       405        19         3
396       406        10         2
393       400         7         8
400       401         1         7
400       403         3         5
399       400         1         8
392       407        15         1
393       396         3        12
398       405         7         3
398       404         6         4
402       407         5         1
214       404       190         4
397       406         9         2
208       401       193         7
381       406        25         2
394       401         7         7
41       396       355        12
36       402       366         6
300       407       107         1
41       395       354        13
211       405       194         3
395       397         2        11
401       407         6         1
403       406         3         2
387       407        20         1
392       406        14         2
387       401        14         7
388       398        10        10
393       404        11         4
371       400        29         8
401       402         1         6
295       396       101        12
387       407        20         1
405       407         2         1
42       407       365         1
405       406         1         2
386       403        17         5
400       403         3         5
405       406         1         2
383       399        16         9
393       401         8         7
392       404        12         4
397       407        10         1
399       400         1         8
395       399         4         9
168       405       237         3
171       406       235         2
391       396         5        12
399       400         1         8
383       401        18         7
397       403         6         5
42       404       362         4
401       402         1         6
398       407         9         1
397       400         3         8
286       406       120         2
398       399         1         9
402       407         5         1
401       402         1         6
397       399         2         9
401       404         3         4
400       405         5         3
385       403        18         5
374       397        23        11
386       405        19         3
386       406        20         2
206       407       201         1
393       399         6         9
405       407         2         1
405       406         1         2
392       401         9         7
401       404         3         4
31       406       375         2
391       399         8         9
400       407         7         1
403       407         4         1
391       401        10         7
405       407         2         1
162       406       244         2
397       402         5         6
397       404         7         4
298       398       100        10
397       403         6         5
161       401       240         7
372       400        28         8
391       401        10         7
395       403         8         5
385       404        19         4
283       404       121         4
396       398         2        10
394       407        13         1
293       402       109         6
378       390        12        18
397       406         9         2
394       399         5         9
392       407        15         1
393       406        13         2
390       403        13         5
384       406        22         2
211       406       195         2
392       407        15         1
32       297       265       111
403       404         1         4
398       404         6         4
402       407         5         1
388       401        13         7
383       384         1        24
391       403        12         5
379       390        11        18
399       404         5         4
389       403        14         5
214       374       160        34
403       407         4         1
404       406         2         2
369       406        37         2
399       406         7         2
401       402         1         6
402       407         5         1
388       393         5        15
397       399         2         9
299       390        91        18
385       404        19         4
398       403         5         5
399       401         2         7
400       404         4         4
399       404         5         4
33       400       367         8
159       395       236        13
29       399       370         9
393       407        14         1
387       404        17         4
403       406         3         2
403       406         3         2
399       402         3         6
402       406         4         2
386       404        18         4
396       404         8         4
396       400         4         8
251       404       153         4
401       407         6         1
390       394         4        14
211       382       171        26
35       407       372         1
404       407         3         1
392       399         7         9
395       404         9         4
400       402         2         6
161       400       239         8
382       394        12        14
395       404         9         4
402       407         5         1
405       406         1         2
12       405       393         3
393       407        14         1
395       399         4         9
205       407       202         1
39       400       361         8
395       402         7         6
298       377        79        31
393       401         8         7
247       402       155         6
404       407         3         1
211       406       195         2
367       389        22        19
383       394        11        14
403       404         1         4
392       406        14         2
170       406       236         2
403       407         4         1
406       407         1         1
162       402       240         6
384       400        16         8
403       405         2         3
398       405         7         3
400       406         6         2
38       403       365         5
394       398         4        10
386       392         6        16
400       401         1         7
391       392         1        16
155       405       250         3
252       390       138        18
397       401         4         7
35       254       219       154
387       401        14         7
294       402       108         6
403       405         2         3
398       407         9         1
37       406       369         2
398       405         7         3
401       407         6         1
368       406        38         2
391       401        10         7
38       392       354        16
298       407       109         1
404       406         2         2
382       404        22         4
41       407       366         1
400       401         1         7
202       394       192        14
401       403         2         5
396       399         3         9
370       387        17        21
393       403        10         5
404       406         2         2
401       406         5         2
375       390        15        18
168       392       224        16
403       407         4         1
396       400         4         8
393       400         7         8
388       394         6        14
392       407        15         1
396       406        10         2
255       404       149         4
404       407         3         1
386       400        14         8
373       397        24        11
403       405         2         3
396       399         3         9
390       406        16         2
398       407         9         1
403       407         4         1
404       406         2         2
42       406       364         2
280       383       103        25
402       405         3         3
361       407        46         1
397       400         3         8
405       407         2         1
396       402         6         6
397       404         7         4
42       384       342        24
297       406       109         2
400       404         4         4
395       401         6         7
388       397         9        11
41       405       364         3
395       400         5         8
397       401         4         7
163       403       240         5
398       400         2         8
42       401       359         7
401       402         1         6
393       405        12         3
403       404         1         4
41       257       216       151
395       397         2        11
40       396       356        12
396       400         4         8
399       405         6         3
33       399       366         9
247       403       156         5
212       406       194         2
406       407         1         1
402       403         1         5
254       405       151         3
151       404       253         4
29       404       375         4
397       403         6         5
396       406        10         2
391       394         3        14
41       404       363         4
405       407         2         1
159       405       246         3
398       400         2         8
393       402         9         6
393       406        13         2
171       406       235         2
403       405         2         3
383       399        16         9
163       407       244         1
257       405       148         3
171       388       217        20
404       406         2         2
265       400       135         8
402       406         4         2
397       399         2         9
400       403         3         5
170       400       230         8
402       406         4         2
398       403         5         5
405       406         1         2
33       401       368         7
405       407         2         1
381       401        20         7
393       407        14         1
397       404         7         4
38       400       362         8
169       403       234         5
397       403         6         5
401       403         2         5
387       396         9        12
393       395         2        13
396       405         9         3
385       400        15         8
207       406       199         2
390       406        16         2
42       396       354        12
396       397         1        11
168       407       239         1
402       406         4         2
295       407       112         1
297       406       109         2
387       397        10        11
399       401         2         7
396       404         8         4
396       398         2        10
403       406         3         2
42       387       345        21
36       163       127       245
396       406        10         2
384       405        21         3
405       407         2         1
402       404         2         4
254       401       147         7
34       407       373         1
211       392       181        16
398       407         9         1
405       406         1         2
393       402         9         6
399       403         4         5
384       388         4        20
404       407         3         1
28       407       379         1
380       395        15        13
401       404         3         4
402       405         3         3
402       405         3         3
246       389       143        19
41       406       365         2
401       407         6         1
369       391        22        17
370       405        35         3
400       407         7         1
249       403       154         5
296       406       110         2
154       406       252         2
39       407       368         1
392       407        15         1
384       405        21         3
400       407         7         1
393       404        11         4
29       389       360        19
388       402        14         6
385       399        14         9
391       404        13         4
395       397         2        11
392       405        13         3
8       395       387        13
400       406         6         2
397       400         3         8
396       407        11         1
257       406       149         2
389       407        18         1
253       399       146         9
382       402        20         6
397       405         8         3
40       407       367         1
395       406        11         2
29       397       368        11
400       403         3         5
405       406         1         2
376       407        31         1
214       407       193         1
391       399         8         9
396       399         3         9
38       386       348        22
30       401       371         7
399       406         7         2
224       402       178         6
39       407       368         1
396       401         5         7
20       407       387         1
400       403         3         5
392       393         1        15
397       404         7         4
171       406       235         2
33       406       373         2
401       402         1         6
398       402         4         6
376       402        26         6
393       396         3        12
400       407         7         1
396       401         5         7
374       404        30         4
397       400         3         8
36       399       363         9
36       401       365         7
387       394         7        14
377       399        22         9
381       401        20         7
212       397       185        11
396       407        11         1
208       402       194         6
171       393       222        15
36       407       371         1
396       398         2        10
37       396       359        12
394       395         1        13
384       397        13        11
254       407       153         1
365       400        35         8
401       407         6         1
401       402         1         6
34       404       370         4
396       404         8         4
397       405         8         3
249       405       156         3
399       406         7         2
404       405         1         3
397       402         5         6
394       403         9         5
395       401         6         7
400       406         6         2
39       407       368         1
394       407        13         1
402       406         4         2
399       406         7         2
395       397         2        11
396       405         9         3
396       398         2        10
290       405       115         3
399       400         1         8
402       404         2         4
171       393       222        15
390       402        12         6
397       405         8         3
394       402         8         6
371       402        31         6
388       404        16         4
370       391        21        17
393       407        14         1
390       402        12         6
401       406         5         2
406       407         1         1
387       388         1        20
395       402         7         6
297       397       100        11
381       406        25         2
171       398       227        10
292       406       114         2
386       399        13         9
401       407         6         1
38       400       362         8
39       396       357        12
405       406         1         2
400       405         5         3
389       405        16         3
378       399        21         9
394       401         7         7
351       403        52         5
406       407         1         1
394       397         3        11
390       392         2        16
394       402         8         6
401       402         1         6
402       407         5         1
398       405         7         3
39       403       364         5
396       404         8         4
395       401         6         7
401       402         1         6
34       393       359        15
214       406       192         2
253       297        44       111
391       407        16         1
398       405         7         3
396       407        11         1
400       406         6         2
253       394       141        14
170       294       124       114
367       397        30        11
392       406        14         2
361       401        40         7
406       407         1         1
36       379       343        29
397       400         3         8
396       402         6         6
166       171         5       237
386       405        19         3
395       399         4         9
387       400        13         8
399       400         1         8
404       407         3         1
402       407         5         1
158       401       243         7
35       400       365         8
401       407         6         1
401       407         6         1
388       404        16         4
29       405       376         3
379       397        18        11
248       401       153         7
403       404         1         4
393       396         3        12
16       403       387         5
396       402         6         6
397       405         8         3
385       407        22         1
199       390       191        18
400       405         5         3
252       402       150         6
382       405        23         3
389       400        11         8
396       402         6         6
35       407       372         1
397       407        10         1
396       405         9         3
396       400         4         8
390       402        12         6
389       407        18         1
287       407       120         1
383       396        13        12
398       404         6         4
392       404        12         4
401       403         2         5
391       406        15         2
397       402         5         6
383       403        20         5
40       407       367         1
158       400       242         8
400       406         6         2
398       405         7         3
40       405       365         3
253       404       151         4
395       403         8         5
402       404         2         4
27       392       365        16
396       401         5         7
31       404       373         4
170       397       227        11
394       403         9         5
297       384        87        24
392       393         1        15
39       407       368         1
390       396         6        12
402       407         5         1
397       404         7         4
399       402         3         6
295       407       112         1
255       400       145         8
402       407         5         1
401       405         4         3
403       404         1         4
405       407         2         1
399       406         7         2
403       404         1         4
295       405       110         3
405       406         1         2
376       407        31         1
395       402         7         6
34       363       329        45
38       400       362         8
213       388       175        20
404       405         1         3
32       392       360        16
42       397       355        11
380       400        20         8
397       400         3         8
385       403        18         5
397       407        10         1
41       397       356        11
402       407         5         1
153       404       251         4
400       407         7         1
168       402       234         6
390       401        11         7
405       406         1         2
401       405         4         3
402       407         5         1
42       392       350        16
401       404         3         4
386       401        15         7
27       407       380         1
401       403         2         5
41       404       363         4
