465       469         4         1
465       469         4         1
37       466       429         4
459       469        10         1
35       467       432         3
38       457       419        13
449       467        18         3
449       464        15         6
458       460         2        10
33       467       434         3
459       462         3         8
464       468         4         2
467       468         1         2
443       461        18         9
33       464       431         6
441       449         8        21
465       469         4         1
34       442       408        28
465       469         4         1
461       463         2         7
457       459         2        11
438       469        31         1
15       468       453         2
452       467        15         3
461       463         2         7
453       458         5        12
456       467        11         3
465       469         4         1
36       469       433         1
433       452        19        18
36       469       433         1
440       443         3        27
33        34         1       436
463       468         5         2
37       464       427         6
36       444       408        26
421       451        30        19
36       463       427         7
465       469         4         1
437       467        30         3
448       462        14         8
458       460         2        10
443       467        24         3
457       469        12         1
397       456        59        14
438       466        28         4
450       469        19         1
34       436       402        34
21       465       444         5
446       447         1        23
466       469         3         1
449       460        11        10
463       467         4         3
457       463         6         7
40       469       429         1
436       469        33         1
459       463         4         7
422       465        43         5
36       460       424        10
450       462        12         8
454       458         4        12
23       459       436        11
463       469         6         1
438       469        31         1
435       453        18        17
39       469       430         1
437       467        30         3
31       467       436         3
445       456        11        14
442       460        18        10
465       466         1         4
443       465        22         5
464       469         5         1
452       466        14         4
7       445       438        25
464       468         4         2
36       460       424        10
452       466        14         4
31       467       436         3
453       465        12         5
458       459         1        11
456       466        10         4
437       469        32         1
419       434        15        36
39       412       373        58
460       466         6         4
452       460         8        10
466       469         3         1
450       454         4        16
454       457         3        13
33       468       435         2
456       469        13         1
451       465        14         5
439       445         6        25
11       445       434        25
437       465        28         5
421       464        43         6
454       466        12         4
463       468         5         2
444       469        25         1
468       469         1         1
453       469        16         1
460       468         8         2
450       460        10        10
438       463        25         7
445       457        12        13
35       467       432         3
35       460       425        10
442       464        22         6
429       464        35         6
456       464         8         6
463       469         6         1
28       431       403        39
440       460        20        10
450       462        12         8
459       469        10         1
448       468        20         2
450       469        19         1
37       468       431         2
456       461         5         9
37       459       422        11
455       460         5        10
458       469        11         1
437       469        32         1
425       461        36         9
468       469         1         1
452       458         6        12
437       462        25         8
19       448       429        22
31        36         5       434
448       455         7        15
465       468         3         2
454       466        12         4
459       464         5         6
466       469         3         1
451       468        17         2
457       461         4         9
444       459        15        11
39       468       429         2
440       455        15        15
434       445        11        25
467       468         1         2
461       462         1         8
459       464         5         6
408       442        34        28
443       458        15        12
435       468        33         2
421       465        44         5
468       469         1         1
450       465        15         5
27       460       433        10
462       469         7         1
457       462         5         8
424       425         1        45
426       469        43         1
443       459        16        11
418       462        44         8
449       453         4        17
11       451       440        19
437       465        28         5
448       450         2        20
432       449        17        21
437       463        26         7
441       467        26         3
467       469         2         1
40       459       419        11
457       464         7         6
4        36        32       434
453       459         6        11
34       459       425        11
468       469         1         1
458       459         1        11
411       458        47        12
390       469        79         1
454       463         9         7
431       458        27        12
432       469        37         1
452       469        17         1
463       469         6         1
452       466        14         4
460       463         3         7
39       467       428         3
454       462         8         8
463       469         6         1
445       446         1        24
461       467         6         3
466       468         2         2
401       462        61         8
444       465        21         5
19       442       423        28
33       441       408        29
442       454        12        16
443       448         5        22
464       467         3         3
450       469        19         1
32       467       435         3
465       469         4         1
460       469         9         1
40       455       415        15
31       469       438         1
444       463        19         7
451       463        12         7
456       457         1        13
460       469         9         1
16       415       399        55
16       456       440        14
27        38        11       432
448       462        14         8
458       464         6         6
441       446         5        24
463       466         3         4
444       464        20         6
445       469        24         1
454       462         8         8
449       452         3        18
466       469         3         1
459       462         3         8
446       462        16         8
459       461         2         9
459       464         5         6
39       458       419        12
443       469        26         1
455       468        13         2
443       461        18         9
444       468        24         2
467       468         1         2
463       468         5         2
437       469        32         1
15       469       454         1
452       459         7        11
445       454         9        16
448       449         1        21
427       435         8        35
462       463         1         7
25       454       429        16
454       469        15         1
461       464         3         6
433       467        34         3
428       469        41         1
26       468       442         2
456       459         3        11
25       415       390        55
26       469       443         1
465       467         2         3
446       468        22         2
437       454        17        16
34       456       422        14
424       445        21        25
459       467         8         3
432       455        23        15
34       461       427         9
454       457         3        13
28       445       417        25
29       466       437         4
463       465         2         5
34       458       424        12
446       467        21         3
452       469        17         1
438       466        28         4
450       454         4        16
457       468        11         2
446       462        16         8
32       468       436         2
452       467        15         3
428       443        15        27
38       466       428         4
456       466        10         4
37       467       430         3
466       469         3         1
40       392       352        78
449       468        19         2
429       431         2        39
463       469         6         1
444       453         9        17
446       468        22         2
455       460         5        10
461       469         8         1
436       445         9        25
465       466         1         4
21       467       446         3
467       468         1         2
34       461       427         9
40       463       423         7
33       456       423        14
22       469       447         1
446       467        21         3
390       465        75         5
468       469         1         1
38       456       418        14
448       449         1        21
431       461        30         9
452       466        14         4
450       459         9        11
19       422       403        48
434       442         8        28
467       468         1         2
34       460       426        10
15       461       446         9
450       453         3        17
437       452        15        18
438       454        16        16
445       452         7        18
437       452        15        18
40       455       415        15
465       468         3         2
37       454       417        16
456       458         2        12
445       466        21         4
458       460         2        10
12       465       453         5
385       466        81         4
454       462         8         8
463       468         5         2
16       465       449         5
33       445       412        25
463       467         4         3
24       464       440         6
435       451        16        19
460       468         8         2
454       461         7         9
23       468       445         2
38       439       401        31
451       466        15         4
435       445        10        25
437       466        29         4
39       458       419        12
467       468         1         2
449       467        18         3
452       467        15         3
438       440         2        30
16       467       451         3
441       468        27         2
463       468         5         2
468       469         1         1
458       468        10         2
433       447        14        23
443       450         7        20
26       434       408        36
420       445        25        25
448       462        14         8
458       468        10         2
422       468        46         2
40       459       419        11
465       466         1         4
434       450        16        20
21       456       435        14
465       468         3         2
438       464        26         6
434       453        19        17
34       463       429         7
460       464         4         6
451       455         4        15
436       464        28         6
413       466        53         4
424       449        25        21
453       459         6        11
424       454        30        16
8       467       459         3
28       463       435         7
36        40         4       430
457       462         5         8
459       464         5         6
448       454         6        16
441       468        27         2
429       444        15        26
465       467         2         3
468       469         1         1
462       465         3         5
411       448        37        22
448       453         5        17
435       454        19        16
464       468         4         2
18       438       420        32
14        39        25       431
463       464         1         6
453       469        16         1
451       458         7        12
434       464        30         6
465       469         4         1
37       466       429         4
4       468       464         2
466       468         2         2
35       466       431         4
467       469         2         1
436       453        17        17
39       469       430         1
451       460         9        10
464       466         2         4
465       467         2         3
31       464       433         6
442       454        12        16
23       441       418        29
459       467         8         3
407       469        62         1
465       466         1         4
466       469         3         1
460       467         7         3
456       469        13         1
439       451        12        19
435       467        32         3
452       459         7        11
438       462        24         8
431       450        19        20
465       469         4         1
30       463       433         7
457       464         7         6
36       468       432         2
462       467         5         3
36       448       412        22
11       446       435        24
38       465       427         5
35       451       416        19
462       468         6         2
466       469         3         1
36        37         1       433
442       452        10        18
453       456         3        14
456       462         6         8
433       454        21        16
10        22        12       448
454       465        11         5
453       464        11         6
435       466        31         4
29       468       439         2
414       446        32        24
3       467       464         3
465       466         1         4
459       464         5         6
29       460       431        10
466       468         2         2
461       462         1         8
465       466         1         4
27        28         1       442
420       452        32        18
443       453        10        17
466       469         3         1
389       453        64        17
467       468         1         2
459       465         6         5
447       466        19         4
34       462       428         8
460       469         9         1
38       463       425         7
449       468        19         2
38       462       424         8
435       464        29         6
440       468        28         2
447       458        11        12
448       465        17         5
8       449       441        21
454       468        14         2
461       466         5         4
464       466         2         4
462       465         3         5
447       463        16         7
464       469         5         1
462       469         7         1
437       458        21        12
403       458        55        12
449       465        16         5
40       464       424         6
459       466         7         4
454       461         7         9
395       467        72         3
460       468         8         2
32       466       434         4
462       468         6         2
450       466        16         4
443       453        10        17
20       459       439        11
445       452         7        18
8       461       453         9
444       469        25         1
448       456         8        14
450       460        10        10
431       455        24        15
465       466         1         4
461       465         4         5
453       462         9         8
443       467        24         3
452       454         2        16
431       463        32         7
39       453       414        17
456       467        11         3
435       458        23        12
462       467         5         3
33       457       424        13
463       468         5         2
450       469        19         1
10       466       456         4
464       468         4         2
431       438         7        32
424       465        41         5
34       437       403        33
22       427       405        43
450       460        10        10
430       462        32         8
15       449       434        21
429       463        34         7
39       444       405        26
3       462       459         8
453       469        16         1
24       466       442         4
453       468        15         2
446       469        23         1
457       465         8         5
440       445         5        25
16       469       453         1
439       467        28         3
425       429         4        41
3       468       465         2
26       466       440         4
442       462        20         8
406       460        54        10
458       462         4         8
437       466        29         4
433       465        32         5
463       465         2         5
22       462       440         8
467       469         2         1
455       469        14         1
452       455         3        15
450       455         5        15
428       438        10        32
466       469         3         1
450       456         6        14
437       454        17        16
399       468        69         2
443       450         7        20
441       444         3        26
14       457       443        13
456       469        13         1
426       458        32        12
462       467         5         3
467       469         2         1
467       468         1         2
452       468        16         2
466       468         2         2
461       468         7         2
468       469         1         1
466       468         2         2
467       469         2         1
463       469         6         1
38       442       404        28
466       467         1         3
415       428        13        42
466       468         2         2
464       469         5         1
439       456        17        14
460       463         3         7
374       376         2        94
31       437       406        33
459       463         4         7
38       451       413        19
439       467        28         3
459       465         6         5
433       442         9        28
456       469        13         1
440       464        24         6
443       454        11        16
467       469         2         1
446       467        21         3
464       467         3         3
448       460        12        10
461       465         4         5
36       467       431         3
446       456        10        14
431       458        27        12
39       436       397        34
455       469        14         1
450       466        16         4
453       455         2        15
431       456        25        14
434       456        22        14
459       464         5         6
462       468         6         2
447       454         7        16
18       469       451         1
439       460        21        10
439       447         8        23
438       459        21        11
15       469       454         1
424       450        26        20
37       462       425         8
465       466         1         4
10       425       415        45
460       469         9         1
448       456         8        14
440       462        22         8
456       468        12         2
442       454        12        16
459       461         2         9
454       462         8         8
441       469        28         1
458       469        11         1
459       461         2         9
439       468        29         2
458       468        10         2
458       465         7         5
454       456         2        14
34       469       435         1
464       467         3         3
440       443         3        27
445       462        17         8
467       468         1         2
32        34         2       436
458       461         3         9
453       467        14         3
436       462        26         8
462       468         6         2
440       460        20        10
465       468         3         2
458       464         6         6
465       469         4         1
449       459        10        11
450       460        10        10
39       466       427         4
352       462       110         8
18       468       450         2
460       463         3         7
452       465        13         5
418       452        34        18
444       466        22         4
447       460        13        10
447       467        20         3
395       461        66         9
408       462        54         8
459       465         6         5
452       467        15         3
457       458         1        12
382       461        79         9
440       452        12        18
442       447         5        23
456       459         3        11
426       444        18        26
467       468         1         2
466       468         2         2
417       466        49         4
454       459         5        11
39       459       420        11
35       468       433         2
468       469         1         1
447       451         4        19
30       459       429        11
430       469        39         1
446       462        16         8
447       465        18         5
453       458         5        12
451       456         5        14
430       438         8        32
32       464       432         6
462       469         7         1
437       467        30         3
456       465         9         5
426       468        42         2
440       468        28         2
422       468        46         2
446       466        20         4
39       467       428         3
36       451       415        19
394       469        75         1
434       447        13        23
427       463        36         7
467       469         2         1
468       469         1         1
437       468        31         2
28       455       427        15
465       466         1         4
427       453        26        17
355       455       100        15
448       467        19         3
466       469         3         1
461       462         1         8
451       460         9        10
444       458        14        12
467       468         1         2
33       463       430         7
18       453       435        17
458       461         3         9
441       450         9        20
465       469         4         1
451       468        17         2
411       467        56         3
4       466       462         4
403       455        52        15
456       467        11         3
27       447       420        23
406       465        59         5
443       452         9        18
453       467        14         3
440       447         7        23
463       469         6         1
15        22         7       448
435       460        25        10
35       439       404        31
467       469         2         1
456       464         8         6
451       465        14         5
15       469       454         1
455       467        12         3
459       462         3         8
444       462        18         8
449       469        20         1
461       467         6         3
459       468         9         2
421       466        45         4
458       469        11         1
446       466        20         4
448       469        21         1
404       467        63         3
463       467         4         3
444       462        18         8
448       463        15         7
22       454       432        16
463       467         4         3
459       467         8         3
26       457       431        13
459       460         1        10
417       430        13        40
457       467        10         3
451       465        14         5
406       460        54        10
442       468        26         2
27       462       435         8
451       467        16         3
466       469         3         1
463       466         3         4
13       430       417        40
452       455         3        15
432       455        23        15
431       468        37         2
437       457        20        13
428       439        11        31
461       468         7         2
462       464         2         6
434       446        12        24
18        32        14       438
15       469       454         1
426       462        36         8
21        30         9       440
462       469         7         1
462       469         7         1
431       467        36         3
456       465         9         5
438       460        22        10
37       441       404        29
442       456        14        14
443       468        25         2
446       462        16         8
468       469         1         1
452       458         6        12
468       469         1         1
16        40        24       430
456       462         6         8
435       454        19        16
455       462         7         8
40       468       428         2
417       465        48         5
454       466        12         4
34       435       401        35
33       467       434         3
413       457        44        13
460       463         3         7
450       460        10        10
34       469       435         1
453       462         9         8
33       459       426        11
438       464        26         6
464       469         5         1
446       462        16         8
456       465         9         5
464       467         3         3
26       438       412        32
453       464        11         6
431       468        37         2
423       466        43         4
456       461         5         9
461       468         7         2
446       450         4        20
416       452        36        18
34       460       426        10
445       459        14        11
7       456       449        14
450       466        16         4
431       448        17        22
26       415       389        55
438       463        25         7
463       468         5         2
450       454         4        16
459       468         9         2
19       455       436        15
429       467        38         3
444       456        12        14
410       465        55         5
399       466        67         4
419       462        43         8
441       466        25         4
462       467         5         3
464       465         1         5
421       463        42         7
443       469        26         1
460       469         9         1
427       469        42         1
433       446        13        24
460       461         1         9
459       461         2         9
449       466        17         4
446       463        17         7
27       433       406        37
38       428       390        42
370       433        63        37
457       468        11         2
454       467        13         3
439       461        22         9
466       467         1         3
439       469        30         1
462       467         5         3
451       460         9        10
465       468         3         2
462       465         3         5
443       469        26         1
461       466         5         4
468       469         1         1
442       464        22         6
21       469       448         1
446       458        12        12
435       469        34         1
462       467         5         3
462       469         7         1
446       454         8        16
31       438       407        32
465       467         2         3
390       451        61        19
463       469         6         1
14       459       445        11
38       444       406        26
40       466       426         4
28       426       398        44
11       461       450         9
38       454       416        16
429       453        24        17
464       468         4         2
425       445        20        25
442       459        17        11
453       459         6        11
464       467         3         3
17       455       438        15
457       469        12         1
429       468        39         2
463       468         5         2
32       463       431         7
438       458        20        12
446       459        13        11
465       468         3         2
26       469       443         1
461       465         4         5
35       464       429         6
466       469         3         1
443       455        12        15
13        38        25       432
437       455        18        15
447       455         8        15
23       455       432        15
425       459        34        11
452       457         5        13
444       461        17         9
461       464         3         6
445       461        16         9
464       468         4         2
453       457         4        13
459       461         2         9
454       465        11         5
4       468       464         2
461       466         5         4
440       441         1        29
31       458       427        12
441       458        17        12
449       458         9        12
463       469         6         1
453       464        11         6
458       468        10         2
36       449       413        21
407       437        30        33
447       466        19         4
457       468        11         2
417       438        21        32
466       467         1         3
449       462        13         8
454       469        15         1
39       466       427         4
29       444       415        26
455       460         5        10
460       462         2         8
40       461       421         9
434       443         9        27
39       462       423         8
39       460       421        10
429       460        31        10
452       458         6        12
450       464        14         6
448       452         4        18
450       468        18         2
442       459        17        11
464       465         1         5
431       449        18        21
459       461         2         9
448       459        11        11
461       463         2         7
459       461         2         9
403       452        49        18
445       457        12        13
458       469        11         1
462       469         7         1
447       464        17         6
432       453        21        17
38       462       424         8
423       458        35        12
424       469        45         1
464       469         5         1
429       466        37         4
424       442        18        28
466       469         3         1
28       459       431        11
30       469       439         1
361       452        91        18
415       460        45        10
427       460        33        10
448       457         9        13
441       467        26         3
429       453        24        17
467       468         1         2
460       463         3         7
454       455         1        15
425       449        24        21
421       442        21        28
459       461         2         9
442       466        24         4
450       466        16         4
465       466         1         4
37       464       427         6
458       460         2        10
463       466         3         4
421       462        41         8
456       464         8         6
458       467         9         3
22       450       428        20
426       461        35         9
439       447         8        23
455       466        11         4
388       457        69        13
455       459         4        11
6       452       446        18
452       463        11         7
39       468       429         2
452       459         7        11
11       439       428        31
451       458         7        12
460       465         5         5
35       469       434         1
39       451       412        19
1       469       468         1
27        35         8       435
404       448        44        22
447       460        13        10
396       464        68         6
459       464         5         6
444       455        11        15
462       466         4         4
417       442        25        28
453       469        16         1
442       467        25         3
449       458         9        12
455       463         8         7
463       469         6         1
456       462         6         8
431       466        35         4
439       468        29         2
450       452         2        18
9       385       376        85
437       467        30         3
456       457         1        13
454       469        15         1
429       468        39         2
456       460         4        10
450       451         1        19
444       468        24         2
10       469       459         1
443       465        22         5
2       419       417        51
1       468       467         2
463       467         4         3
455       468        13         2
436       451        15        19
38       455       417        15
5       461       456         9
454       468        14         2
462       467         5         3
437       450        13        20
14        28        14       442
35       442       407        28
