275       277         2         3
250       278        28         2
241       276        35         4
273       278         5         2
273       279         6         1
265       278        13         2
262       279        17         1
275       278         3         2
269       272         3         8
248       271        23         9
276       278         2         2
267       272         5         8
270       274         4         6
10       275       265         5
270       275         5         5
243       264        21        16
266       267         1        13
250       253         3        27
255       264         9        16
263       273        10         7
261       268         7        12
265       277        12         3
240       275        35         5
242       278        36         2
277       278         1         2
19       267       248        13
265       277        12         3
232       278        46         2
269       273         4         7
278       279         1         1
270       277         7         3
277       279         2         1
256       262         6        18
245       269        24        11
260       269         9        11
18       272       254         8
263       267         4        13
261       265         4        15
266       273         7         7
11       274       263         6
275       277         2         3
226       260        34        20
272       273         1         7
267       270         3        10
17       277       260         3
255       271        16         9
260       265         5        15
15       277       262         3
16       258       242        22
275       279         4         1
270       278         8         2
271       275         4         5
266       271         5         9
267       272         5         8
243       272        29         8
265       269         4        11
249       271        22         9
242       271        29         9
267       268         1        12
19       277       258         3
255       277        22         3
267       272         5         8
259       268         9        12
19       275       256         5
272       279         7         1
246       275        29         5
259       275        16         5
278       279         1         1
276       278         2         2
276       279         3         1
255       263         8        17
7       274       267         6
261       269         8        11
271       277         6         3
259       276        17         4
251       273        22         7
14       272       258         8
266       273         7         7
254       277        23         3
244       257        13        23
276       277         1         3
272       277         5         3
277       279         2         1
274       275         1         5
277       278         1         2
261       269         8        11
253       277        24         3
268       278        10         2
262       265         3        15
267       272         5         8
269       274         5         6
264       273         9         7
225       279        54         1
251       274        23         6
263       266         3        14
252       267        15        13
251       273        22         7
272       278         6         2
12       276       264         4
258       276        18         4
271       274         3         6
10       261       251        19
265       269         4        11
254       275        21         5
16       273       257         7
265       268         3        12
265       275        10         5
247       271        24         9
275       278         3         2
262       278        16         2
267       279        12         1
258       261         3        19
266       274         8         6
272       279         7         1
15       275       260         5
263       277        14         3
272       277         5         3
272       277         5         3
206       275        69         5
240       277        37         3
276       277         1         3
19       261       242        19
254       273        19         7
274       275         1         5
257       273        16         7
3       278       275         2
266       267         1        13
266       269         3        11
272       273         1         7
265       275        10         5
274       275         1         5
5       260       255        20
272       273         1         7
267       271         4         9
265       279        14         1
268       278        10         2
246       272        26         8
276       277         1         3
257       272        15         8
257       272        15         8
271       276         5         4
277       279         2         1
248       260        12        20
276       278         2         2
270       277         7         3
266       278        12         2
16       258       242        22
268       270         2        10
275       278         3         2
247       266        19        14
269       272         3         8
11       259       248        21
261       279        18         1
276       278         2         2
275       276         1         4
271       274         3         6
200       259        59        21
264       275        11         5
268       277         9         3
269       272         3         8
256       276        20         4
266       278        12         2
251       277        26         3
18       254       236        26
262       273        11         7
258       274        16         6
251       265        14        15
270       272         2         8
262       266         4        14
246       273        27         7
247       261        14        19
271       279         8         1
266       278        12         2
261       268         7        12
260       277        17         3
270       278         8         2
272       279         7         1
268       277         9         3
242       268        26        12
257       262         5        18
12       267       255        13
256       277        21         3
260       272        12         8
277       278         1         2
255       277        22         3
13       243       230        37
273       278         5         2
272       274         2         6
270       277         7         3
245       274        29         6
268       273         5         7
271       273         2         7
257       258         1        22
249       272        23         8
265       278        13         2
278       279         1         1
268       276         8         4
13        18         5       262
255       278        23         2
263       269         6        11
256       261         5        19
270       278         8         2
270       274         4         6
270       271         1         9
264       270         6        10
270       278         8         2
2       272       270         8
3       279       276         1
272       277         5         3
264       274        10         6
273       275         2         5
260       269         9        11
272       274         2         6
275       279         4         1
255       256         1        24
278       279         1         1
278       279         1         1
263       275        12         5
272       273         1         7
261       271        10         9
273       274         1         6
249       257         8        23
243       244         1        36
267       272         5         8
14       275       261         5
271       279         8         1
274       275         1         5
247       254         7        26
268       272         4         8
273       278         5         2
268       269         1        11
250       270        20        10
255       279        24         1
257       279        22         1
267       271         4         9
249       279        30         1
268       279        11         1
13       277       264         3
259       260         1        20
276       278         2         2
236       278        42         2
278       279         1         1
275       279         4         1
238       241         3        39
275       276         1         4
265       279        14         1
275       276         1         4
248       278        30         2
263       278        15         2
17       264       247        16
253       267        14        13
267       277        10         3
269       279        10         1
272       276         4         4
266       276        10         4
275       277         2         3
277       278         1         2
262       278        16         2
257       275        18         5
251       269        18        11
272       279         7         1
276       278         2         2
272       277         5         3
253       269        16        11
277       278         1         2
256       265         9        15
11       265       254        15
255       257         2        23
14       278       264         2
265       277        12         3
258       263         5        17
278       279         1         1
270       273         3         7
249       258         9        22
266       277        11         3
1       261       260        19
254       265        11        15
256       276        20         4
261       269         8        11
260       276        16         4
278       279         1         1
254       275        21         5
268       273         5         7
275       279         4         1
276       278         2         2
263       266         3        14
255       260         5        20
268       278        10         2
16       266       250        14
249       277        28         3
266       276        10         4
267       279        12         1
222       278        56         2
272       277         5         3
272       279         7         1
274       278         4         2
265       279        14         1
262       269         7        11
259       273        14         7
275       278         3         2
237       278        41         2
268       273         5         7
255       278        23         2
257       271        14         9
248       267        19        13
19       275       256         5
271       279         8         1
241       246         5        34
267       276         9         4
274       276         2         4
246       274        28         6
271       274         3         6
17       276       259         4
17       276       259         4
247       263        16        17
251       277        26         3
270       277         7         3
269       275         6         5
7       278       271         2
268       275         7         5
271       272         1         8
8       270       262        10
268       279        11         1
269       274         5         6
259       266         7        14
277       278         1         2
255       275        20         5
252       268        16        12
278       279         1         1
19       255       236        25
11       274       263         6
262       279        17         1
270       278         8         2
275       276         1         4
273       278         5         2
249       256         7        24
263       273        10         7
263       276        13         4
277       279         2         1
271       276         5         4
11       269       258        11
258       262         4        18
12       270       258        10
266       270         4        10
262       265         3        15
10       279       269         1
267       278        11         2
275       277         2         3
269       276         7         4
265       270         5        10
244       279        35         1
277       278         1         2
278       279         1         1
12       275       263         5
13       265       252        15
273       274         1         6
261       278        17         2
278       279         1         1
276       278         2         2
249       274        25         6
277       278         1         2
275       276         1         4
239       279        40         1
257       277        20         3
277       279         2         1
269       274         5         6
270       272         2         8
268       273         5         7
238       269        31        11
251       256         5        24
247       263        16        17
262       277        15         3
272       277         5         3
241       268        27        12
269       271         2         9
271       277         6         3
277       278         1         2
271       273         2         7
275       279         4         1
276       279         3         1
239       273        34         7
249       264        15        16
270       273         3         7
260       274        14         6
264       273         9         7
245       278        33         2
263       279        16         1
272       279         7         1
271       279         8         1
270       273         3         7
247       277        30         3
253       262         9        18
10       260       250        20
269       274         5         6
265       267         2        13
269       276         7         4
254       265        11        15
269       270         1        10
255       273        18         7
268       278        10         2
274       275         1         5
270       278         8         2
266       269         3        11
272       277         5         3
270       279         9         1
264       266         2        14
243       260        17        20
261       278        17         2
232       279        47         1
274       275         1         5
270       273         3         7
267       275         8         5
5       256       251        24
5       244       239        36
272       279         7         1
8       267       259        13
272       275         3         5
10       271       261         9
270       277         7         3
275       279         4         1
265       279        14         1
271       275         4         5
19       279       260         1
270       272         2         8
240       279        39         1
275       278         3         2
277       278         1         2
264       275        11         5
277       279         2         1
273       277         4         3
265       268         3        12
259       274        15         6
267       274         7         6
261       277        16         3
273       275         2         5
276       279         3         1
268       273         5         7
269       275         6         5
264       267         3        13
260       276        16         4
9       263       254        17
272       279         7         1
192       250        58        30
255       265        10        15
244       267        23        13
263       276        13         4
16       270       254        10
258       266         8        14
275       277         2         3
270       275         5         5
268       273         5         7
239       264        25        16
259       265         6        15
269       270         1        10
277       278         1         2
278       279         1         1
269       271         2         9
251       277        26         3
253       263        10        17
241       270        29        10
262       279        17         1
269       276         7         4
263       275        12         5
275       277         2         3
273       275         2         5
262       272        10         8
255       273        18         7
271       278         7         2
240       275        35         5
264       274        10         6
19       256       237        24
248       270        22        10
265       273         8         7
263       266         3        14
244       276        32         4
276       279         3         1
273       275         2         5
11       261       250        19
274       278         4         2
249       279        30         1
267       279        12         1
273       275         2         5
268       271         3         9
243       275        32         5
246       278        32         2
17       272       255         8
260       267         7        13
278       279         1         1
18       274       256         6
265       275        10         5
269       271         2         9
275       278         3         2
268       270         2        10
263       275        12         5
267       272         5         8
266       278        12         2
250       274        24         6
243       267        24        13
4        18        14       262
246       274        28         6
265       270         5        10
264       278        14         2
17       265       248        15
276       277         1         3
15       271       256         9
265       272         7         8
269       278         9         2
9       279       270         1
275       279         4         1
253       279        26         1
268       278        10         2
277       279         2         1
261       277        16         3
254       278        24         2
260       275        15         5
274       278         4         2
271       274         3         6
271       275         4         5
268       270         2        10
265       279        14         1
264       278        14         2
5       275       270         5
269       279        10         1
272       279         7         1
259       261         2        19
273       278         5         2
19       268       249        12
262       278        16         2
261       278        17         2
272       273         1         7
258       259         1        21
268       269         1        11
264       278        14         2
265       275        10         5
250       274        24         6
15       268       253        12
262       272        10         8
276       277         1         3
268       279        11         1
268       270         2        10
258       272        14         8
16       259       243        21
266       273         7         7
260       268         8        12
19       244       225        36
259       267         8        13
248       274        26         6
275       279         4         1
262       266         4        14
274       277         3         3
254       265        11        15
2       274       272         6
256       272        16         8
272       277         5         3
16       249       233        31
15       256       241        24
256       273        17         7
256       278        22         2
277       279         2         1
277       279         2         1
269       276         7         4
226       260        34        20
275       279         4         1
273       279         6         1
276       277         1         3
17       269       252        11
272       275         3         5
243       263        20        17
262       275        13         5
272       277         5         3
19       265       246        15
255       270        15        10
226       278        52         2
268       278        10         2
265       270         5        10
274       279         5         1
248       279        31         1
270       271         1         9
275       277         2         3
268       271         3         9
252       279        27         1
258       264         6        16
16       272       256         8
256       276        20         4
266       268         2        12
271       274         3         6
263       274        11         6
245       252         7        28
242       266        24        14
275       277         2         3
271       274         3         6
273       279         6         1
263       277        14         3
223       266        43        14
253       261         8        19
267       271         4         9
277       279         2         1
268       271         3         9
237       262        25        18
273       276         3         4
277       279         2         1
12       277       265         3
268       275         7         5
266       270         4        10
248       275        27         5
264       279        15         1
271       279         8         1
261       272        11         8
277       278         1         2
271       278         7         2
257       262         5        18
271       272         1         8
262       265         3        15
16       274       258         6
273       276         3         4
236       239         3        41
8       279       271         1
253       264        11        16
272       273         1         7
267       271         4         9
265       276        11         4
248       275        27         5
275       277         2         3
252       266        14        14
268       276         8         4
263       272         9         8
273       276         3         4
265       270         5        10
251       254         3        26
243       272        29         8
258       273        15         7
262       277        15         3
19       264       245        16
266       269         3        11
225       265        40        15
255       279        24         1
254       255         1        25
261       279        18         1
245       246         1        34
256       276        20         4
250       258         8        22
277       278         1         2
247       260        13        20
240       270        30        10
270       275         5         5
242       258        16        22
251       269        18        11
264       279        15         1
249       279        30         1
267       271         4         9
276       279         3         1
264       277        13         3
262       270         8        10
268       272         4         8
274       279         5         1
248       275        27         5
272       277         5         3
271       277         6         3
277       278         1         2
227       279        52         1
271       277         6         3
13       276       263         4
266       276        10         4
278       279         1         1
276       279         3         1
268       273         5         7
263       278        15         2
269       270         1        10
249       274        25         6
235       271        36         9
253       257         4        23
263       270         7        10
274       278         4         2
230       270        40        10
264       272         8         8
236       276        40         4
274       277         3         3
260       278        18         2
269       271         2         9
272       278         6         2
271       278         7         2
260       278        18         2
267       270         3        10
15       275       260         5
259       274        15         6
259       260         1        20
269       278         9         2
275       279         4         1
273       276         3         4
273       276         3         4
245       263        18        17
268       271         3         9
257       273        16         7
2       267       265        13
266       275         9         5
237       266        29        14
260       268         8        12
260       268         8        12
264       271         7         9
247       254         7        26
257       270        13        10
269       272         3         8
268       277         9         3
261       271        10         9
278       279         1         1
268       271         3         9
266       270         4        10
272       276         4         4
271       276         5         4
19       242       223        38
264       266         2        14
264       267         3        13
275       279         4         1
263       278        15         2
260       269         9        11
275       279         4         1
15       279       264         1
245       276        31         4
263       268         5        12
254       272        18         8
4       277       273         3
243       276        33         4
263       266         3        14
276       279         3         1
254       272        18         8
240       275        35         5
277       279         2         1
275       277         2         3
5       279       274         1
257       272        15         8
267       278        11         2
274       278         4         2
270       274         4         6
265       275        10         5
266       278        12         2
257       278        21         2
271       276         5         4
263       279        16         1
273       275         2         5
271       273         2         7
266       278        12         2
250       258         8        22
271       278         7         2
273       274         1         6
271       278         7         2
11       261       250        19
250       269        19        11
241       264        23        16
256       276        20         4
271       273         2         7
256       267        11        13
252       269        17        11
255       268        13        12
15       273       258         7
274       279         5         1
257       279        22         1
269       272         3         8
18       266       248        14
263       273        10         7
276       279         3         1
250       261        11        19
256       275        19         5
272       273         1         7
15       264       249        16
242       273        31         7
263       278        15         2
233       273        40         7
268       276         8         4
255       274        19         6
273       276         3         4
273       277         4         3
15       270       255        10
15       279       264         1
258       270        12        10
269       278         9         2
272       275         3         5
259       275        16         5
270       272         2         8
16       275       259         5
268       269         1        11
273       274         1         6
265       272         7         8
272       279         7         1
271       278         7         2
262       272        10         8
258       266         8        14
256       267        11        13
253       259         6        21
272       273         1         7
269       277         8         3
262       278        16         2
264       268         4        12
244       261        17        19
254       268        14        12
236       239         3        41
265       277        12         3
260       278        18         2
245       270        25        10
248       268        20        12
277       279         2         1
255       277        22         3
243       256        13        24
272       277         5         3
264       266         2        14
17       272       255         8
268       275         7         5
258       261         3        19
259       277        18         3
274       279         5         1
260       261         1        19
264       277        13         3
267       275         8         5
256       272        16         8
259       265         6        15
11       275       264         5
258       260         2        20
256       279        23         1
269       272         3         8
226       277        51         3
270       277         7         3
256       274        18         6
8       271       263         9
228       255        27        25
249       256         7        24
16       276       260         4
277       278         1         2
261       276        15         4
265       269         4        11
258       265         7        15
251       259         8        21
19       258       239        22
272       278         6         2
268       275         7         5
264       278        14         2
13       229       216        51
275       279         4         1
268       277         9         3
245       248         3        32
266       278        12         2
263       271         8         9
8       264       256        16
258       275        17         5
258       273        15         7
276       278         2         2
275       279         4         1
259       276        17         4
13       277       264         3
270       278         8         2
274       278         4         2
276       278         2         2
13       257       244        23
233       274        41         6
9       278       269         2
263       267         4        13
269       276         7         4
12       276       264         4
255       272        17         8
271       277         6         3
272       273         1         7
258       274        16         6
270       272         2         8
278       279         1         1
234       278        44         2
243       259        16        21
263       271         8         9
231       277        46         3
268       272         4         8
275       277         2         3
273       274         1         6
267       270         3        10
266       271         5         9
262       274        12         6
263       279        16         1
270       271         1         9
15       276       261         4
258       259         1        21
265       273         8         7
262       274        12         6
276       278         2         2
259       268         9        12
272       275         3         5
271       276         5         4
3       277       274         3
267       279        12         1
253       275        22         5
235       276        41         4
257       277        20         3
244       261        17        19
271       279         8         1
259       264         5        16
277       279         2         1
259       268         9        12
268       272         4         8
270       271         1         9
262       277        15         3
276       279         3         1
257       278        21         2
278       279         1         1
257       273        16         7
271       272         1         8
254       269        15        11
270       273         3         7
241       275        34         5
260       276        16         4
276       278         2         2
277       279         2         1
257       262         5        18
4       256       252        24
269       273         4         7
267       274         7         6
266       275         9         5
274       275         1         5
272       274         2         6
276       278         2         2
265       270         5        10
274       279         5         1
262       278        16         2
248       260        12        20
271       276         5         4
258       279        21         1
268       272         4         8
254       260         6        20
269       279        10         1
262       265         3        15
257       272        15         8
275       279         4         1
258       270        12        10
12        19         7       261
251       268        17        12
273       274         1         6
247       277        30         3
270       275         5         5
259       272        13         8
257       273        16         7
273       279         6         1
256       276        20         4
273       279         6         1
277       279         2         1
276       278         2         2
268       279        11         1
266       275         9         5
10       272       262         8
266       279        13         1
267       276         9         4
264       278        14         2
274       275         1         5
278       279         1         1
269       278         9         2
268       279        11         1
266       275         9         5
266       270         4        10
262       273        11         7
250       276        26         4
268       271         3         9
276       278         2         2
236       265        29        15
259       271        12         9
265       268         3        12
274       279         5         1
19       257       238        23
234       273        39         7
273       274         1         6
268       277         9         3
267       279        12         1
16        18         2       262
264       275        11         5
270       271         1         9
250       273        23         7
239       269        30        11
270       275         5         5
241       275        34         5
15       247       232        33
248       277        29         3
275       278         3         2
270       277         7         3
268       278        10         2
268       276         8         4
259       277        18         3
271       274         3         6
277       278         1         2
270       278         8         2
255       261         6        19
258       263         5        17
259       276        17         4
18       277       259         3
264       268         4        12
238       271        33         9
251       279        28         1
265       278        13         2
267       268         1        12
271       275         4         5
259       266         7        14
17       277       260         3
265       266         1        14
256       271        15         9
241       247         6        33
267       277        10         3
267       274         7         6
278       279         1         1
265       275        10         5
