340       344         4         1
340       341         1         4
326       329         3        16
316       338        22         7
342       344         2         1
225       341       116         4
319       331        12        14
159       342       183         3
342       344         2         1
216       339       123         6
330       342        12         3
334       342         8         3
336       343         7         2
196       326       130        19
342       343         1         2
148       336       188         9
303       344        41         1
20       342       322         3
321       343        22         2
334       339         5         6
2       340       338         5
1       340       339         5
314       336        22         9
307       334        27        11
338       339         1         6
326       341        15         4
309       333        24        12
320       343        23         2
330       339         9         6
321       343        22         2
195       327       132        18
338       343         5         2
337       343         6         2
338       342         4         3
335       337         2         8
329       344        15         1
314       339        25         6
312       334        22        11
317       338        21         7
341       343         2         2
340       343         3         2
337       342         5         3
335       343         8         2
339       342         3         3
321       337        16         8
339       341         2         4
20       342       322         3
332       337         5         8
327       336         9         9
326       335         9        10
326       336        10         9
339       344         5         1
328       343        15         2
335       344         9         1
327       344        17         1
331       343        12         2
322       329         7        16
327       336         9         9
336       344         8         1
341       344         3         1
343       344         1         1
343       344         1         1
333       344        11         1
7       315       308        30
333       335         2        10
23       331       308        14
227       340       113         5
330       336         6         9
338       344         6         1
337       338         1         7
32       343       311         2
322       337        15         8
28       336       308         9
187       332       145        13
327       337        10         8
340       341         1         4
331       337         6         8
227       339       112         6
341       344         3         1
332       333         1        12
324       329         5        16
230       314        84        31
309       344        35         1
338       343         5         2
334       337         3         8
306       316        10        29
323       344        21         1
27       343       316         2
306       341        35         4
336       337         1         8
334       341         7         4
332       344        12         1
184       344       160         1
322       334        12        11
331       340         9         5
337       344         7         1
334       343         9         2
342       343         1         2
322       344        22         1
224       339       115         6
32       338       306         7
334       344        10         1
319       343        24         2
192       322       130        23
326       336        10         9
331       341        10         4
30       341       311         4
338       341         3         4
326       344        18         1
227       344       117         1
159       324       165        21
18       335       317        10
341       344         3         1
336       339         3         6
327       342        15         3
334       344        10         1
339       340         1         5
211       331       120        14
226       336       110         9
334       343         9         2
328       343        15         2
324       339        15         6
338       344         6         1
339       344         5         1
29       344       315         1
329       342        13         3
16       331       315        14
337       344         7         1
336       344         8         1
338       344         6         1
325       334         9        11
308       315         7        30
27       344       317         1
340       344         4         1
336       343         7         2
324       331         7        14
162       328       166        17
324       342        18         3
332       339         7         6
334       336         2         9
319       342        23         3
329       330         1        15
337       343         6         2
313       338        25         7
26       342       316         3
332       342        10         3
336       344         8         1
338       344         6         1
334       337         3         8
339       342         3         3
340       344         4         1
339       342         3         3
335       336         1         9
339       340         1         5
323       341        18         4
337       342         5         3
26       336       310         9
315       340        25         5
328       336         8         9
337       344         7         1
337       343         6         2
328       341        13         4
330       336         6         9
323       328         5        17
329       343        14         2
337       344         7         1
29       321       292        24
15       327       312        18
28       341       313         4
285       328        43        17
192       341       149         4
327       343        16         2
334       336         2         9
158       178        20       167
164       313       149        32
29       320       291        25
336       343         7         2
20       337       317         8
339       343         4         2
31       344       313         1
326       342        16         3
332       343        11         2
335       343         8         2
226       334       108        11
331       338         7         7
342       344         2         1
330       339         9         6
30       336       306         9
15       340       325         5
334       335         1        10
339       344         5         1
30       343       313         2
324       340        16         5
338       343         5         2
333       339         6         6
332       334         2        11
162       340       178         5
330       344        14         1
317       335        18        10
326       343        17         2
332       344        12         1
340       343         3         2
322       342        20         3
337       343         6         2
19       329       310        16
341       344         3         1
23       333       310        12
153       195        42       150
319       338        19         7
301       343        42         2
327       342        15         3
339       340         1         5
329       344        15         1
326       336        10         9
314       341        27         4
32       340       308         5
30       341       311         4
329       338         9         7
330       338         8         7
323       333        10        12
294       340        46         5
217       342       125         3
322       333        11        12
326       330         4        15
320       340        20         5
322       329         7        16
333       343        10         2
333       344        11         1
341       344         3         1
338       344         6         1
161       330       169        15
333       343        10         2
331       339         8         6
341       343         2         2
329       341        12         4
313       338        25         7
27       226       199       119
342       343         1         2
311       331        20        14
337       341         4         4
337       339         2         6
226       330       104        15
306       327        21        18
334       337         3         8
339       342         3         3
31       227       196       118
329       332         3        13
158       333       175        12
341       343         2         2
313       344        31         1
148       336       188         9
342       343         1         2
331       344        13         1
30       230       200       115
332       339         7         6
330       337         7         8
340       343         3         2
331       337         6         8
158       344       186         1
329       344        15         1
335       343         8         2
334       336         2         9
340       344         4         1
326       337        11         8
327       336         9         9
327       335         8        10
335       341         6         4
332       340         8         5
335       344         9         1
331       336         5         9
28       323       295        22
224       344       120         1
322       325         3        20
340       342         2         3
325       328         3        17
343       344         1         1
339       340         1         5
333       338         5         7
336       340         4         5
220       335       115        10
335       342         7         3
32       329       297        16
331       339         8         6
28       328       300        17
323       335        12        10
21       338       317         7
333       341         8         4
4       338       334         7
220       344       124         1
340       343         3         2
32       343       311         2
29       337       308         8
322       338        16         7
221       343       122         2
321       337        16         8
301       344        43         1
342       343         1         2
318       343        25         2
328       330         2        15
21       344       323         1
341       344         3         1
336       341         5         4
330       332         2        13
335       338         3         7
320       344        24         1
21       338       317         7
327       336         9         9
338       344         6         1
227       336       109         9
330       341        11         4
162       332       170        13
308       337        29         8
329       333         4        12
314       331        17        14
31       341       310         4
321       338        17         7
333       341         8         4
305       332        27        13
314       338        24         7
329       341        12         4
325       330         5        15
162       321       159        24
333       344        11         1
24       327       303        18
228       320        92        25
29       344       315         1
328       335         7        10
310       338        28         7
337       339         2         6
317       330        13        15
337       340         3         5
322       343        21         2
333       335         2        10
328       331         3        14
338       339         1         6
328       336         8         9
338       342         4         3
340       342         2         3
334       339         5         6
319       331        12        14
327       344        17         1
333       338         5         7
324       328         4        17
338       343         5         2
316       333        17        12
30       305       275        40
329       334         5        11
328       339        11         6
333       340         7         5
9       337       328         8
331       332         1        13
329       331         2        14
331       335         4        10
13       319       306        26
340       342         2         3
334       341         7         4
343       344         1         1
320       340        20         5
337       342         5         3
188       327       139        18
305       342        37         3
326       332         6        13
325       329         4        16
27       341       314         4
338       343         5         2
332       340         8         5
320       333        13        12
342       343         1         2
333       339         6         6
319       333        14        12
328       336         8         9
333       338         5         7
332       342        10         3
337       342         5         3
324       329         5        16
316       330        14        15
341       344         3         1
326       343        17         2
339       344         5         1
190       335       145        10
328       336         8         9
26       343       317         2
315       321         6        24
327       343        16         2
335       344         9         1
18       339       321         6
339       340         1         5
340       342         2         3
332       339         7         6
334       338         4         7
325       344        19         1
326       342        16         3
173       338       165         7
335       342         7         3
153       344       191         1
343       344         1         1
171       339       168         6
341       343         2         2
197       323       126        22
160       340       180         5
321       337        16         8
339       343         4         2
29       330       301        15
333       336         3         9
339       344         5         1
338       343         5         2
317       344        27         1
324       336        12         9
338       340         2         5
308       344        36         1
30       324       294        21
342       344         2         1
331       334         3        11
328       341        13         4
337       338         1         7
340       341         1         4
334       344        10         1
332       335         3        10
158       336       178         9
342       343         1         2
330       344        14         1
196       340       144         5
158       334       176        11
331       343        12         2
313       317         4        28
321       331        10        14
327       338        11         7
14       343       329         2
158       340       182         5
32       333       301        12
336       340         4         5
326       335         9        10
29       344       315         1
230       311        81        34
340       341         1         4
338       340         2         5
337       342         5         3
340       344         4         1
341       342         1         3
31       343       312         2
153       329       176        16
31       332       301        13
177       336       159         9
342       343         1         2
194       316       122        29
338       340         2         5
9       333       324        12
325       341        16         4
329       338         9         7
324       342        18         3
336       338         2         7
338       342         4         3
324       333         9        12
162       341       179         4
332       343        11         2
153       332       179        13
306       343        37         2
313       336        23         9
163       329       166        16
339       340         1         5
333       339         6         6
313       340        27         5
290       340        50         5
343       344         1         1
320       344        24         1
316       326        10        19
336       342         6         3
340       342         2         3
196       338       142         7
189       339       150         6
336       338         2         7
330       343        13         2
333       338         5         7
333       341         8         4
320       344        24         1
340       341         1         4
325       343        18         2
341       343         2         2
326       333         7        12
327       338        11         7
323       336        13         9
316       343        27         2
329       342        13         3
342       343         1         2
329       332         3        13
338       344         6         1
332       343        11         2
27       344       317         1
340       343         3         2
318       326         8        19
337       343         6         2
341       344         3         1
334       343         9         2
343       344         1         1
335       338         3         7
323       341        18         4
320       339        19         6
312       340        28         5
336       344         8         1
312       342        30         3
323       341        18         4
331       334         3        11
332       342        10         3
294       321        27        24
337       339         2         6
298       341        43         4
338       344         6         1
322       326         4        19
339       343         4         2
325       344        19         1
342       343         1         2
338       339         1         6
331       341        10         4
340       344         4         1
341       344         3         1
334       338         4         7
335       337         2         8
326       330         4        15
336       340         4         5
336       338         2         7
331       332         1        13
337       341         4         4
338       341         3         4
340       344         4         1
324       343        19         2
330       332         2        13
332       342        10         3
342       343         1         2
338       343         5         2
339       342         3         3
342       343         1         2
341       342         1         3
329       341        12         4
341       344         3         1
342       343         1         2
340       343         3         2
342       343         1         2
338       342         4         3
343       344         1         1
318       344        26         1
155       344       189         1
329       333         4        12
29       339       310         6
336       342         6         3
30       339       309         6
325       337        12         8
308       330        22        15
342       344         2         1
335       337         2         8
342       343         1         2
324       340        16         5
336       341         5         4
337       343         6         2
334       343         9         2
314       344        30         1
325       344        19         1
30       344       314         1
323       327         4        18
27       223       196       122
321       339        18         6
340       342         2         3
339       341         2         4
337       343         6         2
332       341         9         4
329       341        12         4
333       338         5         7
331       343        12         2
337       344         7         1
325       332         7        13
342       343         1         2
320       337        17         8
330       333         3        12
324       344        20         1
339       340         1         5
326       337        11         8
337       340         3         5
340       344         4         1
327       332         5        13
312       337        25         8
332       343        11         2
330       341        11         4
335       338         3         7
340       342         2         3
314       325        11        20
339       343         4         2
308       341        33         4
217       342       125         3
336       341         5         4
20       335       315        10
335       343         8         2
318       331        13        14
32       227       195       118
332       343        11         2
326       341        15         4
318       337        19         8
339       344         5         1
29       336       307         9
307       340        33         5
337       344         7         1
341       344         3         1
333       337         4         8
339       342         3         3
153       343       190         2
180       336       156         9
324       334        10        11
342       343         1         2
338       340         2         5
332       338         6         7
326       344        18         1
331       337         6         8
324       331         7        14
154       343       189         2
331       333         2        12
29       337       308         8
335       340         5         5
341       342         1         3
340       342         2         3
336       339         3         6
320       329         9        16
335       344         9         1
329       342        13         3
327       334         7        11
338       343         5         2
31       344       313         1
335       342         7         3
316       319         3        26
20       325       305        20
336       337         1         8
337       343         6         2
334       343         9         2
32       329       297        16
176       342       166         3
326       331         5        14
334       344        10         1
332       341         9         4
326       340        14         5
31       334       303        11
330       331         1        14
336       340         4         5
343       344         1         1
334       338         4         7
333       343        10         2
325       341        16         4
324       327         3        18
330       343        13         2
315       344        29         1
342       344         2         1
327       341        14         4
336       339         3         6
227       336       109         9
206       308       102        37
337       340         3         5
339       344         5         1
164       341       177         4
313       336        23         9
336       341         5         4
324       343        19         2
196       342       146         3
330       343        13         2
335       340         5         5
164       331       167        14
335       339         4         6
339       342         3         3
17       327       310        18
343       344         1         1
227       344       117         1
339       343         4         2
342       344         2         1
322       342        20         3
329       337         8         8
332       335         3        10
330       343        13         2
339       341         2         4
26       341       315         4
340       344         4         1
152       343       191         2
340       342         2         3
327       340        13         5
316       332        16        13
337       340         3         5
333       338         5         7
197       339       142         6
334       341         7         4
32       332       300        13
230       336       106         9
338       344         6         1
339       343         4         2
312       342        30         3
332       338         6         7
317       342        25         3
160       342       182         3
323       342        19         3
226       336       110         9
331       334         3        11
336       341         5         4
328       335         7        10
333       335         2        10
330       341        11         4
321       341        20         4
328       336         8         9
333       343        10         2
335       342         7         3
311       331        20        14
218       339       121         6
154       344       190         1
5       343       338         2
312       344        32         1
28       325       297        20
326       344        18         1
338       341         3         4
332       340         8         5
337       342         5         3
228       327        99        18
163       343       180         2
335       342         7         3
334       337         3         8
343       344         1         1
328       344        16         1
332       340         8         5
324       339        15         6
337       338         1         7
339       340         1         5
185       344       159         1
32       314       282        31
339       341         2         4
327       333         6        12
161       344       183         1
310       327        17        18
311       340        29         5
342       344         2         1
335       336         1         9
317       329        12        16
24       330       306        15
340       341         1         4
336       337         1         8
25       344       319         1
319       341        22         4
319       343        24         2
319       333        14        12
339       340         1         5
336       339         3         6
337       343         6         2
329       344        15         1
340       343         3         2
328       331         3        14
190       344       154         1
153       335       182        10
338       343         5         2
333       339         6         6
338       344         6         1
339       344         5         1
325       339        14         6
229       344       115         1
306       328        22        17
343       344         1         1
332       333         1        12
312       342        30         3
330       338         8         7
332       337         5         8
342       343         1         2
224       330       106        15
19       342       323         3
331       337         6         8
190       334       144        11
341       344         3         1
163       336       173         9
331       337         6         8
338       341         3         4
329       342        13         3
218       338       120         7
330       334         4        11
329       343        14         2
20       339       319         6
164       336       172         9
326       335         9        10
218       344       126         1
319       340        21         5
337       340         3         5
314       344        30         1
338       341         3         4
335       340         5         5
336       337         1         8
328       342        14         3
320       344        24         1
30       340       310         5
334       336         2         9
32       316       284        29
10       341       331         4
334       337         3         8
333       342         9         3
336       343         7         2
322       342        20         3
338       342         4         3
338       341         3         4
26       336       310         9
324       335        11        10
183       318       135        27
330       332         2        13
326       337        11         8
343       344         1         1
342       343         1         2
197       331       134        14
155       344       189         1
23       344       321         1
327       332         5        13
333       338         5         7
330       340        10         5
23       330       307        15
186       338       152         7
323       344        21         1
196       343       147         2
339       342         3         3
338       341         3         4
338       343         5         2
336       340         4         5
332       341         9         4
323       339        16         6
31       333       302        12
323       340        17         5
25       230       205       115
333       340         7         5
324       341        17         4
186       341       155         4
188       333       145        12
339       343         4         2
337       344         7         1
330       337         7         8
224       329       105        16
340       341         1         4
218       341       123         4
333       339         6         6
326       342        16         3
336       338         2         7
15       344       329         1
308       343        35         2
334       342         8         3
332       334         2        11
336       339         3         6
329       341        12         4
27       336       309         9
322       336        14         9
318       344        26         1
315       317         2        28
336       340         4         5
311       344        33         1
332       335         3        10
331       338         7         7
313       325        12        20
187       344       157         1
323       336        13         9
213       336       123         9
340       343         3         2
324       337        13         8
343       344         1         1
338       343         5         2
331       343        12         2
323       329         6        16
335       344         9         1
334       341         7         4
329       341        12         4
27       337       310         8
337       344         7         1
338       340         2         5
340       342         2         3
336       342         6         3
329       334         5        11
164       329       165        16
162       340       178         5
340       342         2         3
315       336        21         9
340       343         3         2
325       342        17         3
330       341        11         4
9       342       333         3
23       305       282        40
327       339        12         6
341       342         1         3
342       344         2         1
335       343         8         2
331       343        12         2
335       343         8         2
339       342         3         3
326       341        15         4
9       333       324        12
221       336       115         9
334       337         3         8
320       341        21         4
338       340         2         5
312       313         1        32
30       321       291        24
340       341         1         4
195       336       141         9
342       344         2         1
14       335       321        10
161       339       178         6
329       330         1        15
224       338       114         7
340       343         3         2
339       340         1         5
341       344         3         1
227       340       113         5
332       334         2        11
193       335       142        10
192       338       146         7
318       321         3        24
340       343         3         2
324       340        16         5
309       343        34         2
326       344        18         1
329       344        15         1
197       341       144         4
326       334         8        11
341       342         1         3
335       336         1         9
332       333         1        12
30       344       314         1
28       340       312         5
338       343         5         2
335       343         8         2
333       335         2        10
335       344         9         1
324       327         3        18
327       343        16         2
306       327        21        18
321       329         8        16
326       332         6        13
230       340       110         5
325       342        17         3
227       343       116         2
334       338         4         7
327       336         9         9
336       344         8         1
322       337        15         8
197       344       147         1
26       339       313         6
341       343         2         2
340       341         1         4
327       341        14         4
325       342        17         3
311       342        31         3
31       340       309         5
159       331       172        14
333       344        11         1
334       337         3         8
328       330         2        15
331       338         7         7
19       338       319         7
340       343         3         2
228       342       114         3
341       342         1         3
335       336         1         9
331       339         8         6
326       342        16         3
312       325        13        20
323       335        12        10
11       339       328         6
227       340       113         5
322       344        22         1
339       340         1         5
342       343         1         2
342       344         2         1
329       341        12         4
338       340         2         5
32       326       294        19
326       335         9        10
334       340         6         5
333       343        10         2
20       337       317         8
343       344         1         1
323       340        17         5
31       337       306         8
195       344       149         1
339       342         3         3
197       340       143         5
340       343         3         2
342       344         2         1
336       344         8         1
30       340       310         5
341       343         2         2
315       327        12        18
336       344         8         1
32       338       306         7
26       336       310         9
330       344        14         1
327       329         2        16
340       342         2         3
297       343        46         2
339       341         2         4
340       341         1         4
339       340         1         5
338       341         3         4
321       337        16         8
334       337         3         8
341       342         1         3
21       344       323         1
336       337         1         8
341       343         2         2
329       336         7         9
334       344        10         1
29       338       309         7
