406       408         2        11
407       414         7         5
412       415         3         4
387       415        28         4
403       417        14         2
397       416        19         3
397       415        18         4
415       417         2         2
407       418        11         1
401       405         4        14
409       413         4         6
403       418        15         1
402       417        15         2
405       410         5         9
408       411         3         8
34       412       378         7
31       417       386         2
220       414       194         5
389       415        26         4
399       405         6        14
412       414         2         5
400       408         8        11
405       414         9         5
269       411       142         8
412       413         1         6
43       415       372         4
404       414        10         5
409       410         1         9
408       415         7         4
410       417         7         2
271       417       146         2
248       417       169         2
410       418         8         1
393       407        14        12
412       417         5         2
398       403         5        16
417       418         1         1
394       407        13        12
409       413         4         6
45       406       361        13
42       409       367        10
402       413        11         6
388       415        27         4
411       418         7         1
415       417         2         2
395       412        17         7
407       410         3         9
409       414         5         5
202       418       216         1
417       418         1         1
225       418       193         1
389       414        25         5
40       415       375         4
43       416       373         3
394       413        19         6
413       414         1         5
42       417       375         2
399       409        10        10
414       416         2         3
258       418       160         1
228       406       178        13
405       417        12         2
391       403        12        16
416       418         2         1
402       417        15         2
416       417         1         2
402       403         1        16
402       411         9         8
199       416       217         3
414       417         3         2
410       411         1         8
411       417         6         2
414       416         2         3
412       418         6         1
417       418         1         1
405       415        10         4
412       414         2         5
410       417         7         2
410       416         6         3
220       412       192         7
271       399       128        20
404       405         1        14
379       406        27        13
411       414         3         5
414       418         4         1
397       413        16         6
38       412       374         7
383       396        13        23
371       407        36        12
388       411        23         8
412       416         4         3
45       393       348        26
400       416        16         3
410       416         6         3
41       412       371         7
404       409         5        10
408       418        10         1
415       417         2         2
42       224       182       195
381       415        34         4
21       404       383        15
402       417        15         2
386       407        21        12
407       418        11         1
400       413        13         6
406       412         6         7
412       414         2         5
407       418        11         1
44       417       373         2
396       418        22         1
415       417         2         2
273       407       134        12
398       416        18         3
380       409        29        10
407       415         8         4
396       412        16         7
403       418        15         1
265       418       153         1
409       410         1         9
401       403         2        16
401       418        17         1
390       410        20         9
397       415        18         4
395       402         7        17
413       415         2         4
408       410         2         9
400       412        12         7
415       417         2         2
395       418        23         1
45       399       354        20
399       417        18         2
417       418         1         1
408       418        10         1
416       418         2         1
39       394       355        25
39       414       375         5
403       418        15         1
416       417         1         2
398       413        15         6
405       409         4        10
32       416       384         3
401       409         8        10
400       416        16         3
415       418         3         1
223       414       191         5
413       418         5         1
403       411         8         8
28       416       388         3
40       410       370         9
406       412         6         7
392       404        12        15
414       417         3         2
399       414        15         5
407       418        11         1
406       414         8         5
220       405       185        14
408       417         9         2
408       411         3         8
407       414         7         5
405       416        11         3
275       412       137         7
413       414         1         5
28       417       389         2
400       412        12         7
400       413        13         6
415       417         2         2
387       414        27         5
411       417         6         2
414       417         3         2
404       413         9         6
33        43        10       376
411       413         2         6
44       364       320        55
405       417        12         2
406       412         6         7
416       418         2         1
386       401        15        18
416       417         1         2
402       418        16         1
405       411         6         8
406       415         9         4
38       416       378         3
401       413        12         6
403       417        14         2
394       418        24         1
271       417       146         2
408       414         6         5
406       416        10         3
273       413       140         6
415       418         3         1
34       411       377         8
416       417         1         2
411       417         6         2
416       417         1         2
19       411       392         8
391       405        14        14
402       403         1        16
395       406        11        13
253       416       163         3
402       410         8         9
407       417        10         2
36       418       382         1
45       416       371         3
393       413        20         6
410       412         2         7
395       403         8        16
398       416        18         3
402       415        13         4
45       406       361        13
413       418         5         1
405       412         7         7
416       417         1         2
405       412         7         7
405       418        13         1
34       417       383         2
225       418       193         1
413       417         4         2
204       417       213         2
40       417       377         2
385       411        26         8
411       417         6         2
411       418         7         1
410       417         7         2
398       403         5        16
417       418         1         1
415       417         2         2
273       410       137         9
415       416         1         3
405       418        13         1
413       416         3         3
417       418         1         1
406       411         5         8
44       416       372         3
411       417         6         2
402       412        10         7
411       415         4         4
405       412         7         7
376       413        37         6
407       414         7         5
21       413       392         6
404       410         6         9
407       413         6         6
406       413         7         6
404       410         6         9
415       417         2         2
38       392       354        27
415       417         2         2
398       413        15         6
387       411        24         8
396       403         7        16
412       416         4         3
411       418         7         1
400       402         2        17
386       405        19        14
409       414         5         5
404       416        12         3
409       411         2         8
412       413         1         6
395       410        15         9
404       415        11         4
40       416       376         3
407       417        10         2
396       402         6        17
393       417        24         2
414       416         2         3
391       418        27         1
414       418         4         1
398       409        11        10
400       409         9        10
412       415         3         4
391       416        25         3
264       394       130        25
407       411         4         8
414       416         2         3
412       415         3         4
18       414       396         5
365       418        53         1
44       408       364        11
404       417        13         2
389       411        22         8
396       418        22         1
417       418         1         1
33       416       383         3
31       408       377        11
417       418         1         1
406       409         3        10
415       416         1         3
412       414         2         5
13       400       387        19
381       410        29         9
411       417         6         2
40       409       369        10
410       418         8         1
39       404       365        15
401       405         4        14
407       413         6         6
272       410       138         9
275       394       119        25
398       415        17         4
402       417        15         2
407       414         7         5
407       416         9         3
402       414        12         5
411       417         6         2
390       418        28         1
414       417         3         2
414       415         1         4
403       410         7         9
416       417         1         2
406       417        11         2
399       415        16         4
407       413         6         6
401       411        10         8
412       416         4         3
401       418        17         1
412       417         5         2
215       412       197         7
409       417         8         2
389       417        28         2
388       409        21        10
416       417         1         2
409       417         8         2
252       407       155        12
44       412       368         7
32       418       386         1
412       416         4         3
402       414        12         5
400       415        15         4
402       407         5        12
228       397       169        22
42       415       373         4
406       417        11         2
403       418        15         1
403       409         6        10
398       418        20         1
414       416         2         3
411       414         3         5
41       388       347        31
225       398       173        21
268       399       131        20
412       413         1         6
273       411       138         8
412       414         2         5
400       410        10         9
396       415        19         4
410       416         6         3
409       417         8         2
210       228        18       191
415       416         1         3
395       418        23         1
262       416       154         3
416       418         2         1
411       414         3         5
410       418         8         1
43        44         1       375
408       415         7         4
399       413        14         6
417       418         1         1
42       415       373         4
392       406        14        13
218       418       200         1
39       218       179       201
414       418         4         1
403       408         5        11
411       418         7         1
45       416       371         3
397       401         4        18
413       414         1         5
45       413       368         6
38       405       367        14
43       418       375         1
412       417         5         2
398       418        20         1
11       417       406         2
202       383       181        36
414       417         3         2
411       418         7         1
410       412         2         7
412       413         1         6
251       415       164         4
413       415         2         4
412       413         1         6
409       413         4         6
402       411         9         8
45       388       343        31
399       418        19         1
406       416        10         3
42       387       345        32
407       416         9         3
402       404         2        15
394       400         6        19
401       409         8        10
275       413       138         6
398       412        14         7
226       406       180        13
406       416        10         3
407       415         8         4
415       416         1         3
414       418         4         1
401       417        16         2
397       408        11        11
39       416       377         3
407       415         8         4
410       417         7         2
409       410         1         9
220       404       184        15
410       414         4         5
238       402       164        17
409       413         4         6
398       414        16         5
395       408        13        11
22       414       392         5
410       411         1         8
398       415        17         4
18        40        22       379
228       413       185         6
409       418         9         1
29       417       388         2
405       414         9         5
397       418        21         1
375       406        31        13
44       367       323        52
410       415         5         4
408       411         3         8
33       417       384         2
409       418         9         1
416       418         2         1
373       392        19        27
415       417         2         2
399       418        19         1
403       418        15         1
383       393        10        26
44       417       373         2
397       402         5        17
407       415         8         4
387       418        31         1
400       408         8        11
377       398        21        21
38       408       370        11
406       410         4         9
409       416         7         3
216       413       197         6
414       418         4         1
400       413        13         6
401       409         8        10
398       405         7        14
411       416         5         3
409       410         1         9
410       412         2         7
414       418         4         1
403       418        15         1
410       416         6         3
260       414       154         5
403       417        14         2
38       416       378         3
415       416         1         3
409       418         9         1
41       410       369         9
372       399        27        20
29       413       384         6
222       418       196         1
391       401        10        18
395       408        13        11
411       412         1         7
1       417       416         2
2       418       416         1
45       418       373         1
411       415         4         4
409       412         3         7
410       418         8         1
272       275         3       144
396       400         4        19
395       416        21         3
412       413         1         6
409       417         8         2
33       391       358        28
389       390         1        29
366       414        48         5
403       415        12         4
412       416         4         3
35       411       376         8
43       411       368         8
44       406       362        13
412       414         2         5
397       414        17         5
395       406        11        13
272       416       144         3
28       416       388         3
413       415         2         4
18       416       398         3
416       417         1         2
399       405         6        14
387       414        27         5
412       416         4         3
374       388        14        31
378       417        39         2
392       417        25         2
395       402         7        17
37       396       359        23
391       409        18        10
43       413       370         6
409       415         6         4
37       407       370        12
42       412       370         7
398       416        18         3
393       415        22         4
26       387       361        32
249       415       166         4
415       417         2         2
36        42         6       377
406       412         6         7
410       417         7         2
402       408         6        11
396       408        12        11
405       413         8         6
269       416       147         3
417       418         1         1
406       414         8         5
408       418        10         1
398       412        14         7
387       417        30         2
404       407         3        12
223       412       189         7
403       415        12         4
45       417       372         2
271       387       116        32
412       416         4         3
40       417       377         2
411       413         2         6
411       418         7         1
401       412        11         7
416       417         1         2
40       404       364        15
394       412        18         7
45       418       373         1
32       397       365        22
406       408         2        11
25       370       345        49
385       397        12        22
400       418        18         1
405       417        12         2
398       414        16         5
415       417         2         2
27       418       391         1
401       417        16         2
403       418        15         1
400       406         6        13
404       414        10         5
411       417         6         2
412       417         5         2
225       415       190         4
408       418        10         1
401       416        15         3
45       417       372         2
415       416         1         3
195       390       195        29
416       418         2         1
407       412         5         7
399       417        18         2
409       413         4         6
399       411        12         8
404       418        14         1
37       408       371        11
30       414       384         5
405       406         1        13
382       418        36         1
215       417       202         2
266       414       148         5
390       418        28         1
400       415        15         4
405       414         9         5
403       416        13         3
408       418        10         1
408       410         2         9
273       418       145         1
410       411         1         8
42       413       371         6
414       418         4         1
45       411       366         8
45       411       366         8
415       418         3         1
382       402        20        17
45       415       370         4
412       414         2         5
394       416        22         3
42       415       373         4
404       407         3        12
410       418         8         1
401       418        17         1
411       414         3         5
413       414         1         5
413       418         5         1
226       408       182        11
403       418        15         1
414       418         4         1
396       407        11        12
414       417         3         2
226       418       192         1
409       417         8         2
39       407       368        12
405       413         8         6
398       418        20         1
414       418         4         1
398       399         1        20
384       407        23        12
403       417        14         2
410       415         5         4
407       417        10         2
412       414         2         5
405       409         4        10
371       410        39         9
385       408        23        11
414       415         1         4
261       391       130        28
412       418         6         1
413       417         4         2
405       416        11         3
410       412         2         7
410       418         8         1
408       411         3         8
386       412        26         7
400       411        11         8
402       418        16         1
406       417        11         2
413       417         4         2
403       416        13         3
42       396       354        23
406       407         1        12
410       418         8         1
404       410         6         9
37       415       378         4
410       412         2         7
411       417         6         2
264       404       140        15
402       408         6        11
413       414         1         5
404       414        10         5
410       416         6         3
413       416         3         3
412       415         3         4
387       405        18        14
412       417         5         2
393       418        25         1
386       404        18        15
391       418        27         1
407       410         3         9
412       418         6         1
412       413         1         6
410       418         8         1
397       414        17         5
416       418         2         1
395       413        18         6
397       413        16         6
408       414         6         5
42       410       368         9
388       412        24         7
404       413         9         6
416       417         1         2
409       414         5         5
414       416         2         3
401       413        12         6
381       384         3        35
405       416        11         3
220       416       196         3
412       418         6         1
405       408         3        11
403       409         6        10
414       417         3         2
414       417         3         2
366       408        42        11
397       400         3        19
407       410         3         9
398       412        14         7
411       417         6         2
41       393       352        26
2       418       416         1
35       409       374        10
401       411        10         8
410       418         8         1
386       416        30         3
404       412         8         7
412       413         1         6
386       418        32         1
401       418        17         1
404       407         3        12
414       416         2         3
402       418        16         1
410       415         5         4
417       418         1         1
407       410         3         9
413       415         2         4
393       401         8        18
405       408         3        11
411       416         5         3
400       413        13         6
379       411        32         8
40       272       232       147
394       413        19         6
398       413        15         6
417       418         1         1
415       418         3         1
390       402        12        17
412       416         4         3
406       413         7         6
408       416         8         3
414       417         3         2
268       413       145         6
408       411         3         8
407       409         2        10
404       414        10         5
413       416         3         3
31       415       384         4
409       418         9         1
42       414       372         5
45       416       371         3
404       417        13         2
43       416       373         3
214       414       200         5
412       418         6         1
400       417        17         2
406       415         9         4
407       417        10         2
36       410       374         9
398       411        13         8
400       417        17         2
415       416         1         3
406       412         6         7
398       404         6        15
415       418         3         1
405       412         7         7
41       410       369         9
16       400       384        19
416       418         2         1
403       410         7         9
408       416         8         3
386       405        19        14
31       411       380         8
404       411         7         8
409       417         8         2
399       410        11         9
409       412         3         7
376       410        34         9
43       414       371         5
45       402       357        17
412       418         6         1
397       410        13         9
412       415         3         4
378       380         2        39
414       416         2         3
408       411         3         8
275       409       134        10
412       413         1         6
391       416        25         3
407       409         2        10
43       413       370         6
398       418        20         1
412       414         2         5
43       417       374         2
414       418         4         1
404       417        13         2
386       405        19        14
226       418       192         1
390       415        25         4
407       414         7         5
376       418        42         1
402       415        13         4
272       411       139         8
399       418        19         1
409       414         5         5
417       418         1         1
403       418        15         1
403       413        10         6
397       410        13         9
408       418        10         1
412       414         2         5
413       414         1         5
407       411         4         8
218       408       190        11
404       416        12         3
405       408         3        11
411       416         5         3
410       417         7         2
413       415         2         4
395       408        13        11
404       417        13         2
406       410         4         9
35       412       377         7
405       416        11         3
365       414        49         5
413       415         2         4
409       417         8         2
411       417         6         2
381       412        31         7
220       418       198         1
415       417         2         2
392       410        18         9
409       417         8         2
219       414       195         5
409       410         1         9
415       418         3         1
412       413         1         6
411       415         4         4
378       417        39         2
413       418         5         1
409       417         8         2
413       415         2         4
404       413         9         6
378       389        11        30
30       413       383         6
411       414         3         5
408       413         5         6
406       417        11         2
410       411         1         8
400       407         7        12
273       414       141         5
405       418        13         1
198       416       218         3
36       416       380         3
37       399       362        20
198       418       220         1
42       413       371         6
379       415        36         4
414       418         4         1
417       418         1         1
409       416         7         3
413       415         2         4
415       416         1         3
377       410        33         9
392       401         9        18
372       414        42         5
42       391       349        28
209       389       180        30
415       417         2         2
19       413       394         6
33       416       383         3
43       415       372         4
392       418        26         1
412       417         5         2
414       417         3         2
410       415         5         4
416       418         2         1
405       411         6         8
411       416         5         3
211       418       207         1
415       417         2         2
19       409       390        10
407       412         5         7
415       416         1         3
414       415         1         4
38       414       376         5
411       415         4         4
412       415         3         4
12       405       393        14
390       410        20         9
400       414        14         5
405       410         5         9
398       418        20         1
398       417        19         2
409       413         4         6
361       414        53         5
410       411         1         8
397       416        19         3
413       418         5         1
391       414        23         5
209       409       200        10
398       408        10        11
41       418       377         1
43       414       371         5
407       412         5         7
413       417         4         2
414       418         4         1
270       417       147         2
408       409         1        10
36       414       378         5
222       410       188         9
397       417        20         2
411       418         7         1
42       415       373         4
30       227       197       192
23       364       341        55
409       417         8         2
412       418         6         1
384       412        28         7
402       406         4        13
40       414       374         5
416       417         1         2
413       418         5         1
407       415         8         4
409       412         3         7
400       416        16         3
404       417        13         2
387       418        31         1
45       409       364        10
410       418         8         1
408       410         2         9
399       415        16         4
405       413         8         6
254       416       162         3
227       409       182        10
396       416        20         3
404       418        14         1
393       405        12        14
410       411         1         8
45       406       361        13
412       418         6         1
386       401        15        18
226       384       158        35
210       405       195        14
31       417       386         2
410       412         2         7
407       418        11         1
406       416        10         3
407       418        11         1
43       418       375         1
36       415       379         4
45       411       366         8
42       418       376         1
389       400        11        19
411       416         5         3
406       410         4         9
406       416        10         3
26       409       383        10
412       416         4         3
385       411        26         8
267       418       151         1
367       414        47         5
407       411         4         8
409       416         7         3
389       400        11        19
387       417        30         2
221       417       196         2
393       411        18         8
391       405        14        14
402       410         8         9
405       409         4        10
411       412         1         7
414       417         3         2
43       413       370         6
400       418        18         1
13       395       382        24
395       411        16         8
43       408       365        11
409       410         1         9
43       418       375         1
413       414         1         5
43       411       368         8
395       408        13        11
264       414       150         5
45       409       364        10
392       408        16        11
393       412        19         7
398       417        19         2
415       417         2         2
413       414         1         5
413       418         5         1
389       403        14        16
416       418         2         1
406       414         8         5
415       418         3         1
410       417         7         2
403       415        12         4
407       408         1        11
404       413         9         6
405       411         6         8
408       413         5         6
248       402       154        17
372       413        41         6
400       405         5        14
414       415         1         4
403       406         3        13
32       417       385         2
414       415         1         4
405       414         9         5
236       401       165        18
374       418        44         1
352       403        51        16
406       414         8         5
210       408       198        11
413       418         5         1
400       414        14         5
11       418       407         1
410       418         8         1
404       416        12         3
412       414         2         5
397       405         8        14
395       400         5        19
405       416        11         3
416       418         2         1
414       417         3         2
394       413        19         6
412       414         2         5
400       416        16         3
408       415         7         4
399       414        15         5
417       418         1         1
403       417        14         2
416       417         1         2
411       416         5         3
404       415        11         4
203       416       213         3
