17       423       406         1
418       423         5         1
417       420         3         4
416       417         1         7
25       417       392         7
397       423        26         1
420       423         3         1
40       230       190       194
373       411        38        13
418       423         5         1
409       418         9         6
404       416        12         8
412       415         3         9
406       412         6        12
417       422         5         2
414       423         9         1
400       417        17         7
407       421        14         3
44       405       361        19
45       412       367        12
36       247       211       177
412       421         9         3
395       411        16        13
415       423         8         1
418       421         3         3
404       406         2        18
420       423         3         1
368       423        55         1
384       422        38         2
406       416        10         8
38       423       385         1
374       419        45         5
422       423         1         1
402       407         5        17
421       422         1         2
395       421        26         3
394       416        22         8
384       415        31         9
414       421         7         3
41       418       377         6
404       408         4        16
411       417         6         7
415       419         4         5
419       422         3         2
411       422        11         2
420       422         2         2
9       394       385        30
388       416        28         8
418       421         3         3
415       416         1         8
421       422         1         2
247       414       167        10
422       423         1         1
419       422         3         2
408       410         2        14
419       421         2         3
414       417         3         7
410       418         8         6
415       422         7         2
403       414        11        10
396       402         6        22
408       417         9         7
414       417         3         7
396       421        25         3
245       413       168        11
224       413       189        11
387       410        23        14
44       415       371         9
390       412        22        12
406       423        17         1
402       416        14         8
404       420        16         4
421       423         2         1
415       416         1         8
416       421         5         3
383       405        22        19
419       421         2         3
409       418         9         6
403       422        19         2
408       423        15         1
386       416        30         8
411       423        12         1
28       416       388         8
381       410        29        14
388       394         6        30
397       419        22         5
394       422        28         2
395       415        20         9
399       414        15        10
394       408        14        16
401       418        17         6
415       416         1         8
419       422         3         2
34        37         3       387
409       412         3        12
421       423         2         1
396       421        25         3
414       420         6         4
410       418         8         6
390       411        21        13
404       421        17         3
415       418         3         6
39       394       355        30
30       423       393         1
410       423        13         1
407       414         7        10
397       420        23         4
389       400        11        24
247       420       173         4
382       417        35         7
416       419         3         5
417       422         5         2
415       420         5         4
392       407        15        17
235       410       175        14
402       410         8        14
243       401       158        23
13        47        34       377
386       406        20        18
405       413         8        11
389       406        17        18
371       421        50         3
417       420         3         4
410       421        11         3
417       423         6         1
406       421        15         3
414       415         1         9
408       411         3        13
39       415       376         9
400       401         1        23
401       406         5        18
404       414        10        10
381       417        36         7
402       422        20         2
26       416       390         8
241       378       137        46
406       418        12         6
401       417        16         7
373       420        47         4
404       423        19         1
249       408       159        16
388       412        24        12
388       404        16        20
408       417         9         7
395       423        28         1
361       398        37        26
395       400         5        24
405       420        15         4
416       418         2         6
418       421         3         3
412       416         4         8
396       419        23         5
416       417         1         7
247       416       169         8
416       421         5         3
420       423         3         1
417       420         3         4
391       423        32         1
394       417        23         7
417       421         4         3
410       420        10         4
407       423        16         1
228       419       191         5
421       422         1         2
417       419         2         5
403       422        19         2
360       412        52        12
403       412         9        12
417       423         6         1
400       415        15         9
48       423       375         1
231       418       187         6
417       421         4         3
405       420        15         4
405       408         3        16
407       422        15         2
421       423         2         1
379       411        32        13
419       422         3         2
421       423         2         1
49       408       359        16
406       410         4        14
407       421        14         3
405       423        18         1
394       419        25         5
413       422         9         2
45       419       374         5
403       408         5        16
245       418       173         6
410       412         2        12
41       423       382         1
408       410         2        14
417       422         5         2
390       417        27         7
422       423         1         1
407       413         6        11
391       423        32         1
248       416       168         8
406       409         3        15
401       414        13        10
308       419       111         5
417       423         6         1
398       421        23         3
397       413        16        11
405       409         4        15
46       421       375         3
385       422        37         2
406       419        13         5
40       394       354        30
46       423       377         1
408       416         8         8
413       421         8         3
411       419         8         5
37       419       382         5
36       419       383         5
370       413        43        11
387       413        26        11
46       417       371         7
420       421         1         3
35       414       379        10
366       422        56         2
45       378       333        46
403       417        14         7
44       381       337        43
419       422         3         2
415       416         1         8
361       421        60         3
398       422        24         2
420       421         1         3
413       420         7         4
411       421        10         3
402       421        19         3
6       417       411         7
407       417        10         7
11       415       404         9
240       422       182         2
418       422         4         2
410       416         6         8
398       404         6        20
401       414        13        10
407       409         2        15
405       419        14         5
411       422        11         2
390       421        31         3
402       413        11        11
402       419        17         5
419       421         2         3
407       417        10         7
357       406        49        18
409       414         5        10
409       411         2        13
398       399         1        25
406       421        15         3
416       420         4         4
49       415       366         9
41       415       374         9
417       419         2         5
418       419         1         5
391       415        24         9
414       417         3         7
380       420        40         4
411       420         9         4
26       409       383        15
26       415       389         9
422       423         1         1
393       415        22         9
232       417       185         7
418       421         3         3
416       423         7         1
408       410         2        14
37       423       386         1
408       419        11         5
245       419       174         5
416       423         7         1
44       396       352        28
32       393       361        31
40       371       331        53
417       422         5         2
16       423       407         1
409       419        10         5
394       419        25         5
240       420       180         4
416       421         5         3
410       423        13         1
397       410        13        14
396       399         3        25
35       423       388         1
396       409        13        15
5       421       416         3
390       419        29         5
407       418        11         6
45       423       378         1
395       402         7        22
412       423        11         1
402       406         4        18
384       423        39         1
407       422        15         2
418       422         4         2
408       417         9         7
47       404       357        20
416       417         1         7
31       422       391         2
28       418       390         6
416       423         7         1
389       419        30         5
405       416        11         8
413       415         2         9
397       413        16        11
406       414         8        10
419       422         3         2
418       422         4         2
402       417        15         7
393       423        30         1
420       421         1         3
408       422        14         2
406       422        16         2
419       423         4         1
35       423       388         1
372       414        42        10
417       422         5         2
42       410       368        14
380       419        39         5
421       422         1         2
412       418         6         6
14       389       375        35
409       411         2        13
44       420       376         4
413       422         9         2
242       420       178         4
246       419       173         5
409       418         9         6
399       400         1        24
402       408         6        16
48       421       373         3
406       410         4        14
413       422         9         2
408       412         4        12
248       421       173         3
22       412       390        12
413       416         3         8
410       412         2        12
42       418       376         6
413       416         3         8
32       415       383         9
419       423         4         1
409       421        12         3
388       417        29         7
412       423        11         1
403       411         8        13
48       417       369         7
248       421       173         3
408       417         9         7
412       423        11         1
49       421       372         3
403       411         8        13
411       414         3        10
401       423        22         1
37       417       380         7
414       415         1         9
416       420         4         4
412       423        11         1
246       421       175         3
387       422        35         2
390       403        13        21
407       421        14         3
420       422         2         2
421       423         2         1
419       422         3         2
419       422         3         2
406       407         1        17
360       419        59         5
413       423        10         1
409       420        11         4
416       419         3         5
396       416        20         8
388       396         8        28
365       403        38        21
45       408       363        16
35       412       377        12
418       423         5         1
403       419        16         5
411       417         6         7
404       417        13         7
414       417         3         7
409       421        12         3
417       422         5         2
405       413         8        11
410       422        12         2
383       417        34         7
416       420         4         4
405       415        10         9
421       422         1         2
406       420        14         4
412       420         8         4
363       412        49        12
414       415         1         9
406       422        16         2
410       419         9         5
413       422         9         2
405       416        11         8
419       420         1         4
362       371         9        53
405       422        17         2
33       417       384         7
248       415       167         9
414       415         1         9
416       419         3         5
417       423         6         1
414       421         7         3
393       410        17        14
403       408         5        16
379       421        42         3
384       408        24        16
29       422       393         2
398       407         9        17
401       406         5        18
247       418       171         6
411       422        11         2
405       417        12         7
41       421       380         3
408       413         5        11
386       409        23        15
47       420       373         4
49       403       354        21
407       408         1        16
387       422        35         2
45       400       355        24
398       402         4        22
46       414       368        10
411       413         2        11
373       398        25        26
395       406        11        18
414       422         8         2
413       419         6         5
411       412         1        12
244       395       151        29
411       417         6         7
419       423         4         1
411       419         8         5
402       414        12        10
413       418         5         6
414       421         7         3
416       422         6         2
418       423         5         1
398       423        25         1
422       423         1         1
409       416         7         8
401       417        16         7
39       375       336        49
415       418         3         6
49       409       360        15
413       421         8         3
49       404       355        20
43       412       369        12
395       397         2        27
400       409         9        15
382       420        38         4
408       423        15         1
401       410         9        14
49       421       372         3
381       385         4        39
1       422       421         2
248       423       175         1
414       416         2         8
408       415         7         9
400       419        19         5
413       422         9         2
407       421        14         3
415       420         5         4
421       423         2         1
48       423       375         1
370       423        53         1
408       421        13         3
48       421       373         3
421       423         2         1
420       423         3         1
385       419        34         5
419       423         4         1
48       423       375         1
411       416         5         8
416       421         5         3
46       422       376         2
395       407        12        17
402       404         2        20
30       414       384        10
395       412        17        12
388       419        31         5
380       422        42         2
390       418        28         6
411       417         6         7
409       423        14         1
411       422        11         2
43       409       366        15
398       422        24         2
379       421        42         3
47       415       368         9
398       418        20         6
382       417        35         7
422       423         1         1
416       421         5         3
410       412         2        12
44       423       379         1
421       423         2         1
249       409       160        15
36       415       379         9
420       421         1         3
418       419         1         5
47       417       370         7
16       423       407         1
409       421        12         3
420       423         3         1
401       422        21         2
392       423        31         1
42       410       368        14
46       419       373         5
41       418       377         6
401       412        11        12
395       413        18        11
413       415         2         9
420       421         1         3
39       404       365        20
394       395         1        29
388       422        34         2
32       423       391         1
15       415       400         9
416       417         1         7
389       414        25        10
415       416         1         8
27       410       383        14
35       393       358        31
402       407         5        17
416       421         5         3
396       400         4        24
395       422        27         2
398       422        24         2
411       413         2        11
49       423       374         1
403       423        20         1
391       401        10        23
415       416         1         8
376       420        44         4
419       422         3         2
418       420         2         4
407       422        15         2
416       418         2         6
422       423         1         1
43       416       373         8
44       238       194       186
396       409        13        15
401       421        20         3
44       420       376         4
396       414        18        10
401       403         2        21
391       412        21        12
410       419         9         5
410       419         9         5
417       423         6         1
48       411       363        13
407       411         4        13
381       408        27        16
416       418         2         6
418       422         4         2
392       409        17        15
39       409       370        15
411       422        11         2
37       420       383         4
400       412        12        12
417       419         2         5
34       419       385         5
412       415         3         9
422       423         1         1
399       409        10        15
417       419         2         5
45       418       373         6
414       417         3         7
402       423        21         1
420       422         2         2
416       423         7         1
48       398       350        26
414       415         1         9
38       412       374        12
412       413         1        11
410       419         9         5
400       415        15         9
388       421        33         3
249       423       174         1
416       420         4         4
403       412         9        12
418       419         1         5
385       419        34         5
47       416       369         8
422       423         1         1
401       409         8        15
414       421         7         3
47       421       374         3
28        29         1       395
409       416         7         8
401       417        16         7
415       423         8         1
420       423         3         1
403       414        11        10
402       412        10        12
393       418        25         6
407       420        13         4
394       421        27         3
385       416        31         8
48       420       372         4
411       416         5         8
420       423         3         1
403       421        18         3
417       422         5         2
411       421        10         3
420       423         3         1
421       422         1         2
412       419         7         5
379       420        41         4
34       419       385         5
411       423        12         1
394       415        21         9
248       416       168         8
405       423        18         1
418       419         1         5
405       423        18         1
402       417        15         7
419       420         1         4
417       418         1         6
406       420        14         4
46       420       374         4
409       423        14         1
399       420        21         4
418       423         5         1
39       418       379         6
392       401         9        23
406       411         5        13
49       421       372         3
27       421       394         3
421       422         1         2
245       413       168        11
247       249         2       175
33       412       379        12
402       421        19         3
393       398         5        26
399       422        23         2
405       415        10         9
245       389       144        35
45       409       364        15
388       420        32         4
41       388       347        36
408       411         3        13
235       423       188         1
420       421         1         3
411       416         5         8
409       423        14         1
409       417         8         7
389       417        28         7
399       414        15        10
411       412         1        12
419       423         4         1
404       417        13         7
407       410         3        14
406       418        12         6
415       419         4         5
422       423         1         1
390       421        31         3
415       420         5         4
44       409       365        15
408       419        11         5
417       418         1         6
416       422         6         2
409       420        11         4
403       408         5        16
398       418        20         6
414       416         2         8
404       413         9        11
410       416         6         8
401       409         8        15
418       419         1         5
406       423        17         1
411       422        11         2
411       421        10         3
401       421        20         3
413       422         9         2
414       420         6         4
417       419         2         5
416       423         7         1
412       423        11         1
45       402       357        22
396       397         1        27
416       418         2         6
418       422         4         2
41       405       364        19
380       385         5        39
420       423         3         1
234       389       155        35
407       416         9         8
391       401        10        23
422       423         1         1
393       405        12        19
414       420         6         4
412       418         6         6
26       410       384        14
48       413       365        11
402       420        18         4
422       423         1         1
408       422        14         2
410       420        10         4
414       423         9         1
396       420        24         4
49       412       363        12
402       421        19         3
417       418         1         6
391       413        22        11
411       417         6         7
417       423         6         1
49       412       363        12
419       423         4         1
412       423        11         1
33       412       379        12
31       414       383        10
401       411        10        13
408       418        10         6
407       413         6        11
403       421        18         3
397       423        26         1
405       417        12         7
412       422        10         2
413       414         1        10
417       423         6         1
414       419         5         5
37       423       386         1
415       418         3         6
395       412        17        12
401       422        21         2
404       419        15         5
34       420       386         4
414       415         1         9
405       418        13         6
414       420         6         4
239       416       177         8
412       423        11         1
420       422         2         2
397       417        20         7
418       421         3         3
46       416       370         8
410       413         3        11
374       397        23        27
414       423         9         1
381       414        33        10
422       423         1         1
396       420        24         4
409       421        12         3
418       419         1         5
387       420        33         4
406       420        14         4
413       421         8         3
385       411        26        13
414       418         4         6
418       421         3         3
376       403        27        21
415       423         8         1
412       417         5         7
411       419         8         5
416       423         7         1
421       423         2         1
411       420         9         4
389       420        31         4
419       423         4         1
410       423        13         1
418       423         5         1
407       423        16         1
44       423       379         1
248       415       167         9
418       422         4         2
401       419        18         5
416       420         4         4
379       422        43         2
404       410         6        14
42       419       377         5
32       409       377        15
15       417       402         7
381       409        28        15
39       408       369        16
416       420         4         4
407       413         6        11
415       423         8         1
29       422       393         2
378       416        38         8
405       423        18         1
419       422         3         2
413       423        10         1
242       380       138        44
16       391       375        33
27       422       395         2
400       420        20         4
411       420         9         4
399       417        18         7
365       416        51         8
46       418       372         6
39       416       377         8
48       408       360        16
242       420       178         4
41        43         2       381
403       414        11        10
417       421         4         3
398       410        12        14
385       397        12        27
414       422         8         2
417       421         4         3
387       412        25        12
410       411         1        13
407       412         5        12
224       416       192         8
414       421         7         3
419       420         1         4
410       423        13         1
401       419        18         5
237       415       178         9
414       421         7         3
403       404         1        20
411       418         7         6
41       415       374         9
415       423         8         1
238       421       183         3
43       406       363        18
415       422         7         2
400       417        17         7
31       406       375        18
414       421         7         3
414       418         4         6
382       420        38         4
371       406        35        18
402       411         9        13
47        48         1       376
34       392       358        32
418       420         2         4
414       417         3         7
405       411         6        13
394       405        11        19
48       401       353        23
396       422        26         2
22       412       390        12
415       419         4         5
417       422         5         2
399       421        22         3
27       416       389         8
418       422         4         2
396       421        25         3
419       420         1         4
405       411         6        13
45       422       377         2
399       408         9        16
24       419       395         5
393       420        27         4
402       420        18         4
41       421       380         3
377       423        46         1
48       422       374         2
405       423        18         1
401       423        22         1
399       421        22         3
419       420         1         4
415       420         5         4
394       421        27         3
406       419        13         5
40       407       367        17
45       398       353        26
241       416       175         8
413       416         3         8
412       423        11         1
418       419         1         5
409       423        14         1
420       421         1         3
402       420        18         4
414       421         7         3
28       397       369        27
4       422       418         2
416       420         4         4
392       401         9        23
420       423         3         1
417       421         4         3
391       408        17        16
408       413         5        11
418       419         1         5
399       423        24         1
16       423       407         1
408       420        12         4
371       400        29        24
397       420        23         4
418       420         2         4
229       423       194         1
411       422        11         2
412       420         8         4
420       423         3         1
45       422       377         2
383       421        38         3
38       413       375        11
409       423        14         1
413       415         2         9
421       422         1         2
414       423         9         1
29        46        17       378
407       415         8         9
419       420         1         4
370       418        48         6
383       400        17        24
45       420       375         4
411       420         9         4
399       420        21         4
44       422       378         2
398       417        19         7
421       423         2         1
412       420         8         4
414       423         9         1
413       422         9         2
412       415         3         9
19       412       393        12
420       422         2         2
416       423         7         1
413       418         5         6
384       418        34         6
13       402       389        22
37       421       384         3
402       416        14         8
415       423         8         1
44       410       366        14
408       411         3        13
371       422        51         2
406       423        17         1
416       419         3         5
418       421         3         3
359       383        24        41
422       423         1         1
400       414        14        10
422       423         1         1
402       421        19         3
416       421         5         3
406       421        15         3
412       422        10         2
390       417        27         7
406       421        15         3
403       405         2        19
403       422        19         2
412       416         4         8
418       419         1         5
412       423        11         1
418       419         1         5
44       422       378         2
404       406         2        18
419       422         3         2
405       411         6        13
418       419         1         5
410       413         3        11
413       420         7         4
406       411         5        13
414       423         9         1
44       419       375         5
26       411       385        13
406       415         9         9
414       416         2         8
390       395         5        29
406       413         7        11
419       423         4         1
411       417         6         7
413       416         3         8
412       419         7         5
416       419         3         5
417       418         1         6
419       422         3         2
414       416         2         8
418       422         4         2
420       421         1         3
32       422       390         2
45       411       366        13
381       421        40         3
405       417        12         7
387       420        33         4
403       421        18         3
414       423         9         1
418       423         5         1
416       417         1         7
388       413        25        11
416       421         5         3
390       421        31         3
409       410         1        14
391       402        11        22
413       419         6         5
401       406         5        18
403       422        19         2
22       421       399         3
409       416         7         8
414       423         9         1
401       418        17         6
47       415       368         9
415       416         1         8
415       422         7         2
418       423         5         1
410       420        10         4
412       421         9         3
411       412         1        12
405       417        12         7
