410       419         9        21
400       425        25        15
411       424        13        16
426       439        13         1
411       432        21         8
438       439         1         1
433       434         1         6
423       438        15         2
431       438         7         2
427       429         2        11
246       433       187         7
434       439         5         1
437       439         2         1
435       437         2         3
426       437        11         3
393       438        45         2
433       435         2         5
437       439         2         1
411       432        21         8
426       432         6         8
31       430       399        10
438       439         1         1
431       438         7         2
27       439       412         1
20       426       406        14
425       431         6         9
429       439        10         1
409       426        17        14
417       436        19         4
430       436         6         4
411       430        19        10
20       426       406        14
428       437         9         3
417       439        22         1
427       437        10         3
432       439         7         1
436       438         2         2
37       433       396         7
436       437         1         3
435       436         1         4
429       437         8         3
419       423         4        17
423       424         1        16
421       438        17         2
433       439         6         1
411       431        20         9
398       418        20        22
422       431         9         9
239       423       184        17
420       439        19         1
37       430       393        10
419       439        20         1
409       437        28         3
418       421         3        19
425       437        12         3
410       428        18        12
30       433       403         7
419       436        17         4
414       439        25         1
431       438         7         2
34       422       388        18
433       438         5         2
28       438       410         2
18       260       242       180
416       427        11        13
430       437         7         3
428       439        11         1
429       432         3         8
421       432        11         8
428       435         7         5
261       436       175         4
434       438         4         2
407       437        30         3
433       435         2         5
413       436        23         4
13       438       425         2
436       438         2         2
21       434       413         6
418       432        14         8
410       438        28         2
405       422        17        18
37       439       402         1
437       438         1         2
26       433       407         7
421       439        18         1
415       439        24         1
432       435         3         5
431       434         3         6
413       436        23         4
422       427         5        13
433       434         1         6
437       439         2         1
431       433         2         7
420       438        18         2
427       435         8         5
430       435         5         5
426       439        13         1
37       432       395         8
427       437        10         3
432       436         4         4
425       435        10         5
403       439        36         1
419       421         2        19
253       435       182         5
428       436         8         4
392       436        44         4
430       439         9         1
255       426       171        14
435       438         3         2
30       436       406         4
415       438        23         2
254       433       179         7
30       242       212       198
390       433        43         7
434       436         2         4
427       439        12         1
34       427       393        13
262       430       168        10
426       428         2        12
427       431         4         9
434       439         5         1
427       436         9         4
413       437        24         3
432       437         5         3
436       438         2         2
21       427       406        13
35       437       402         3
423       436        13         4
33        37         4       403
29       427       398        13
428       435         7         5
436       439         3         1
422       423         1        17
259       439       180         1
437       438         1         2
33       421       388        19
29       427       398        13
416       439        23         1
24       428       404        12
265       419       154        21
424       431         7         9
420       433        13         7
436       438         2         2
9       437       428         3
418       424         6        16
436       439         3         1
404       437        33         3
435       437         2         3
424       435        11         5
28       439       411         1
434       437         3         3
424       438        14         2
390       434        44         6
19       425       406        15
1       396       395        44
438       439         1         1
416       418         2        22
436       437         1         3
31       436       405         4
427       428         1        12
415       435        20         5
35       439       404         1
414       426        12        14
422       437        15         3
435       439         4         1
389       427        38        13
28       439       411         1
416       430        14        10
419       438        19         2
430       439         9         1
408       433        25         7
422       430         8        10
23       431       408         9
433       438         5         2
418       429        11        11
29       436       407         4
432       437         5         3
410       428        18        12
37       421       384        19
431       432         1         8
36       422       386        18
423       426         3        14
434       435         1         5
377       427        50        13
435       437         2         3
436       438         2         2
13       437       424         3
390       432        42         8
420       439        19         1
398       431        33         9
6       437       431         3
396       430        34        10
407       435        28         5
425       432         7         8
425       438        13         2
409       435        26         5
437       438         1         2
412       428        16        12
394       438        44         2
414       432        18         8
35       432       397         8
10       430       420        10
402       418        16        22
433       439         6         1
434       437         3         3
31       421       390        19
426       439        13         1
432       436         4         4
18       438       420         2
263       437       174         3
417       434        17         6
431       438         7         2
429       437         8         3
12       427       415        13
430       437         7         3
426       433         7         7
32       426       394        14
430       431         1         9
428       436         8         4
433       438         5         2
430       432         2         8
424       429         5        11
260       438       178         2
28       428       400        12
430       433         3         7
433       439         6         1
256       438       182         2
419       434        15         6
431       437         6         3
427       430         3        10
422       427         5        13
27       436       409         4
436       438         2         2
262       433       171         7
419       429        10        11
422       431         9         9
36       430       394        10
417       432        15         8
403       434        31         6
215       439       224         1
426       432         6         8
425       439        14         1
424       436        12         4
435       437         2         3
27       425       398        15
401       424        23        16
425       431         6         9
430       436         6         4
37       439       402         1
33       439       406         1
396       432        36         8
437       439         2         1
435       439         4         1
262       434       172         6
428       436         8         4
424       437        13         3
420       434        14         6
31       438       407         2
427       434         7         6
423       427         4        13
245       428       183        12
437       439         2         1
412       439        27         1
31       424       393        16
429       437         8         3
395       410        15        30
398       431        33         9
10       438       428         2
7       413       406        27
422       435        13         5
22       221       199       219
421       429         8        11
35       435       400         5
425       439        14         1
26       438       412         2
413       430        17        10
429       439        10         1
424       439        15         1
420       431        11         9
433       438         5         2
422       434        12         6
427       429         2        11
415       435        20         5
432       436         4         4
414       430        16        10
408       431        23         9
408       409         1        31
31       439       408         1
395       436        41         4
427       436         9         4
31       431       400         9
34       426       392        14
430       431         1         9
411       428        17        12
437       438         1         2
414       438        24         2
434       438         4         2
434       438         4         2
235       432       197         8
34       426       392        14
429       431         2         9
414       431        17         9
431       436         5         4
436       437         1         3
426       436        10         4
433       438         5         2
426       429         3        11
431       438         7         2
28       423       395        17
225       437       212         3
414       438        24         2
417       434        17         6
226       439       213         1
431       439         8         1
264       427       163        13
25       439       414         1
437       438         1         2
37       436       399         4
398       409        11        31
421       422         1        18
401       411        10        29
409       425        16        15
425       432         7         8
221       425       204        15
425       438        13         2
423       430         7        10
419       428         9        12
406       438        32         2
423       425         2        15
222       433       211         7
392       432        40         8
25       396       371        44
24       434       410         6
436       438         2         2
416       436        20         4
383       425        42        15
34       434       400         6
435       438         3         2
227       438       211         2
437       438         1         2
438       439         1         1
437       439         2         1
215       434       219         6
415       430        15        10
409       418         9        22
433       434         1         6
25       420       395        20
437       438         1         2
433       437         4         3
432       436         4         4
23       422       399        18
252       436       184         4
29       437       408         3
406       418        12        22
420       421         1        19
28       434       406         6
432       439         7         1
420       425         5        15
31       429       398        11
423       433        10         7
426       436        10         4
424       426         2        14
28       437       409         3
422       434        12         6
438       439         1         1
424       437        13         3
216       436       220         4
417       435        18         5
29       418       389        22
437       439         2         1
423       427         4        13
33       426       393        14
432       438         6         2
430       438         8         2
432       437         5         3
436       438         2         2
399       439        40         1
263       432       169         8
420       423         3        17
423       429         6        11
429       435         6         5
431       435         4         5
417       420         3        20
435       436         1         4
425       427         2        13
418       423         5        17
31       425       394        15
22       437       415         3
437       439         2         1
436       439         3         1
419       421         2        19
434       436         2         4
28       393       365        47
423       436        13         4
407       418        11        22
436       438         2         2
433       437         4         3
423       439        16         1
421       436        15         4
22       432       410         8
394       435        41         5
414       426        12        14
419       421         2        19
413       434        21         6
9       434       425         6
28       436       408         4
403       433        30         7
26       425       399        15
36       412       376        28
433       438         5         2
418       430        12        10
29       433       404         7
428       438        10         2
430       435         5         5
431       437         6         3
424       427         3        13
408       430        22        10
413       415         2        25
424       435        11         5
438       439         1         1
431       436         5         4
260       426       166        14
413       419         6        21
16       420       404        20
421       422         1        18
438       439         1         1
428       439        11         1
431       434         3         6
430       438         8         2
407       413         6        27
429       439        10         1
263       437       174         3
430       433         3         7
22       432       410         8
437       438         1         2
265       438       173         2
401       433        32         7
23       426       403        14
435       439         4         1
415       439        24         1
6        28        22       412
438       439         1         1
435       439         4         1
431       438         7         2
21       430       409        10
426       438        12         2
36       419       383        21
432       434         2         6
406       433        27         7
432       438         6         2
422       426         4        14
433       437         4         3
36       429       393        11
422       439        17         1
426       439        13         1
423       431         8         9
434       436         2         4
416       433        17         7
418       430        12        10
405       412         7        28
437       438         1         2
433       437         4         3
425       435        10         5
34       433       399         7
259       429       170        11
32       435       403         5
227       438       211         2
405       428        23        12
428       435         7         5
438       439         1         1
422       435        13         5
423       424         1        16
258       433       175         7
417       439        22         1
422       439        17         1
427       435         8         5
225       438       213         2
419       437        18         3
423       438        15         2
427       433         6         7
9       430       421        10
430       436         6         4
35       416       381        24
424       430         6        10
20       426       406        14
407       421        14        19
22       431       409         9
23       386       363        54
429       439        10         1
416       438        22         2
418       421         3        19
23       397       374        43
259       436       177         4
413       438        25         2
425       434         9         6
438       439         1         1
381       427        46        13
428       438        10         2
37       412       375        28
437       439         2         1
412       435        23         5
422       428         6        12
37       438       401         2
261       438       177         2
426       439        13         1
424       426         2        14
396       438        42         2
13       409       396        31
414       438        24         2
434       439         5         1
23       421       398        19
437       438         1         2
418       425         7        15
413       435        22         5
35       432       397         8
31       434       403         6
419       430        11        10
433       437         4         3
36       425       389        15
423       429         6        11
433       435         2         5
430       438         8         2
18       439       421         1
428       438        10         2
437       438         1         2
26       432       406         8
434       439         5         1
431       434         3         6
411       438        27         2
265       434       169         6
425       426         1        14
412       420         8        20
21       435       414         5
438       439         1         1
37       437       400         3
436       437         1         3
419       438        19         2
431       437         6         3
416       428        12        12
225       436       211         4
221       436       215         4
423       438        15         2
422       432        10         8
438       439         1         1
424       437        13         3
435       438         3         2
413       435        22         5
429       437         8         3
410       412         2        28
408       435        27         5
428       435         7         5
26       439       413         1
246       425       179        15
434       439         5         1
429       438         9         2
431       434         3         6
431       438         7         2
23       410       387        30
24       399       375        41
33       431       398         9
19       439       420         1
259       411       152        29
418       430        12        10
428       435         7         5
26       434       408         6
426       434         8         6
425       439        14         1
432       439         7         1
400       433        33         7
410       411         1        29
239       436       197         4
33       437       404         3
258       427       169        13
406       431        25         9
233       433       200         7
30       434       404         6
32       408       376        32
213       437       224         3
411       415         4        25
19       432       413         8
418       438        20         2
224       438       214         2
420       429         9        11
9       437       428         3
37       430       393        10
436       439         3         1
25       435       410         5
418       427         9        13
255       435       180         5
410       434        24         6
8       437       429         3
412       429        17        11
432       437         5         3
37       435       398         5
437       438         1         2
416       432        16         8
434       435         1         5
425       435        10         5
435       438         3         2
24       438       414         2
392       439        47         1
431       438         7         2
430       438         8         2
33       414       381        26
409       432        23         8
412       432        20         8
259       436       177         4
427       434         7         6
401       437        36         3
33       435       402         5
425       431         6         9
418       424         6        16
419       426         7        14
22       432       410         8
216       426       210        14
31       436       405         4
436       439         3         1
437       439         2         1
227       418       191        22
425       428         3        12
426       431         5         9
420       434        14         6
430       435         5         5
227       438       211         2
416       439        23         1
421       436        15         4
425       426         1        14
437       438         1         2
414       432        18         8
407       437        30         3
400       439        39         1
24       432       408         8
405       438        33         2
248       423       175        17
437       439         2         1
418       437        19         3
409       418         9        22
424       432         8         8
423       431         8         9
433       439         6         1
432       435         3         5
409       434        25         6
425       439        14         1
420       432        12         8
29       439       410         1
30       420       390        20
437       439         2         1
16       406       390        34
362       431        69         9
422       433        11         7
427       438        11         2
415       437        22         3
430       439         9         1
434       439         5         1
418       434        16         6
425       432         7         8
432       434         2         6
37       422       385        18
422       432        10         8
437       439         2         1
437       439         2         1
382       404        22        36
28       437       409         3
434       439         5         1
430       431         1         9
421       428         7        12
34       431       397         9
418       428        10        12
392       409        17        31
28       425       397        15
409       434        25         6
438       439         1         1
415       427        12        13
35       422       387        18
2       436       434         4
413       438        25         2
436       437         1         3
434       437         3         3
424       436        12         4
409       411         2        29
29       424       395        16
416       436        20         4
430       433         3         7
436       439         3         1
21       438       417         2
34       421       387        19
227       435       208         5
416       437        21         3
17       437       420         3
413       424        11        16
428       437         9         3
414       416         2        24
423       427         4        13
431       434         3         6
23       227       204       213
428       434         6         6
433       439         6         1
31       415       384        25
33       433       400         7
223       438       215         2
434       437         3         3
411       436        25         4
27       430       403        10
426       437        11         3
415       437        22         3
437       438         1         2
431       438         7         2
421       436        15         4
8       418       410        22
420       421         1        19
407       423        16        17
427       431         4         9
419       421         2        19
422       430         8        10
435       438         3         2
217       436       219         4
427       435         8         5
34       434       400         6
224       420       196        20
12       403       391        37
396       428        32        12
429       434         5         6
409       432        23         8
437       438         1         2
217       431       214         9
434       438         4         2
436       439         3         1
417       436        19         4
223       427       204        13
326       422        96        18
419       421         2        19
37       437       400         3
406       432        26         8
426       435         9         5
423       426         3        14
420       429         9        11
431       437         6         3
432       437         5         3
387       403        16        37
377       421        44        19
414       423         9        17
432       439         7         1
229       432       203         8
437       438         1         2
431       433         2         7
424       431         7         9
430       438         8         2
415       429        14        11
264       431       167         9
410       429        19        11
5       423       418        17
265       436       171         4
214       427       213        13
431       438         7         2
19       439       420         1
29       430       401        10
438       439         1         1
437       438         1         2
219       439       220         1
436       439         3         1
381       410        29        30
413       437        24         3
17       407       390        33
23       431       408         9
430       432         2         8
429       437         8         3
415       439        24         1
430       438         8         2
15        30        15       410
372       429        57        11
395       434        39         6
436       438         2         2
11       439       428         1
425       434         9         6
411       433        22         7
426       429         3        11
352       439        87         1
258       427       169        13
16       437       421         3
29       434       405         6
425       435        10         5
436       439         3         1
410       435        25         5
437       438         1         2
434       438         4         2
417       434        17         6
394       422        28        18
36       428       392        12
422       436        14         4
409       439        30         1
426       435         9         5
393       431        38         9
411       435        24         5
36       434       398         6
438       439         1         1
36       436       400         4
415       428        13        12
413       428        15        12
404       429        25        11
34       439       405         1
436       437         1         3
36       438       402         2
408       417         9        23
432       435         3         5
1        16        15       424
438       439         1         1
433       439         6         1
21       413       392        27
416       433        17         7
420       432        12         8
35       420       385        20
227       421       194        19
416       431        15         9
33       436       403         4
226       428       202        12
414       439        25         1
21       438       417         2
434       435         1         5
256       437       181         3
436       437         1         3
424       435        11         5
414       422         8        18
431       438         7         2
431       439         8         1
428       435         7         5
425       431         6         9
230       429       199        11
427       435         8         5
434       436         2         4
421       432        11         8
438       439         1         1
420       438        18         2
429       438         9         2
257       436       179         4
221       433       212         7
18       430       412        10
424       435        11         5
429       438         9         2
428       439        11         1
422       432        10         8
429       433         4         7
36       433       397         7
34       428       394        12
262       435       173         5
432       437         5         3
429       436         7         4
413       418         5        22
401       422        21        18
427       434         7         6
21       409       388        31
419       432        13         8
428       438        10         2
429       436         7         4
432       434         2         6
18       438       420         2
431       435         4         5
421       437        16         3
435       437         2         3
16       438       422         2
423       427         4        13
423       426         3        14
425       437        12         3
216       438       222         2
437       439         2         1
430       431         1         9
36       409       373        31
426       436        10         4
432       433         1         7
438       439         1         1
433       439         6         1
422       438        16         2
431       437         6         3
414       427        13        13
408       423        15        17
416       431        15         9
431       438         7         2
429       432         3         8
220       436       216         4
427       437        10         3
222       439       217         1
226       435       209         5
426       431         5         9
426       428         2        12
433       436         3         4
258       410       152        30
426       439        13         1
423       431         8         9
31       426       395        14
264       438       174         2
37       436       399         4
33       438       405         2
430       434         4         6
17       419       402        21
419       436        17         4
405       427        22        13
434       435         1         5
429       430         1        10
384       433        49         7
384       411        27        29
425       434         9         6
397       438        41         2
407       427        20        13
422       426         4        14
433       435         2         5
420       436        16         4
429       431         2         9
404       438        34         2
437       438         1         2
420       439        19         1
435       438         3         2
434       439         5         1
429       432         3         8
394       436        42         4
403       438        35         2
422       428         6        12
431       438         7         2
406       424        18        16
421       424         3        16
419       435        16         5
417       429        12        11
427       430         3        10
436       437         1         3
394       416        22        24
435       438         3         2
430       431         1         9
423       438        15         2
33       426       393        14
404       438        34         2
422       434        12         6
415       430        15        10
438       439         1         1
425       429         4        11
250       425       175        15
241       432       191         8
426       439        13         1
433       438         5         2
428       431         3         9
422       432        10         8
252       431       179         9
426       428         2        12
437       439         2         1
433       437         4         3
37       434       397         6
402       426        24        14
404       418        14        22
415       429        14        11
418       425         7        15
29       423       394        17
425       437        12         3
431       439         8         1
252       439       187         1
418       439        21         1
15       413       398        27
36       427       391        13
429       433         4         7
22       439       417         1
424       426         2        14
37       425       388        15
417       434        17         6
437       439         2         1
429       435         6         5
26       437       411         3
435       437         2         3
432       435         3         5
432       433         1         7
437       439         2         1
429       436         7         4
433       439         6         1
415       429        14        11
412       416         4        24
429       434         5         6
417       423         6        17
433       434         1         6
8       433       425         7
243       403       160        37
36       434       398         6
226       439       213         1
399       406         7        34
227       433       206         7
434       438         4         2
437       439         2         1
431       438         7         2
434       437         3         3
29       406       377        34
433       439         6         1
438       439         1         1
426       437        11         3
252       419       167        21
435       436         1         4
432       433         1         7
426       439        13         1
405       421        16        19
425       426         1        14
431       437         6         3
410       430        20        10
32       437       405         3
36       439       403         1
424       433         9         7
437       439         2         1
2       429       427        11
