389       672       283         7
13       675       662         4
658       675        17         4
64       674       610         5
349       670       321         9
58       671       613         8
675       678         3         1
674       676         2         3
671       676         5         3
307       672       365         7
668       678        10         1
60       670       610         9
660       678        18         1
655       658         3        21
665       667         2        12
664       674        10         5
631       670        39         9
662       674        12         5
620       660        40        19
627       665        38        14
63       666       603        13
53       671       618         8
627       674        47         5
57       669       612        10
378       655       277        24
41       677       636         2
666       671         5         8
45       678       633         1
640       676        36         3
672       678         6         1
665       667         2        12
451       658       207        21
652       668        16        11
662       675        13         4
661       675        14         4
378       677       299         2
665       667         2        12
669       678         9         1
669       675         6         4
663       676        13         3
53       678       625         1
645       651         6        28
663       666         3        13
659       662         3        17
640       641         1        38
315       650       335        29
673       674         1         5
647       665        18        14
664       676        12         3
364       672       308         7
676       678         2         1
42       678       636         1
674       676         2         3
52       674       622         5
347       666       319        13
622       669        47        10
21       676       655         3
669       670         1         9
676       678         2         1
448       670       222         9
665       677        12         2
672       673         1         6
42       655       613        24
663       664         1        15
370       671       301         8
58       361       303       318
53       670       617         9
672       673         1         6
657       677        20         2
672       673         1         6
667       678        11         1
659       678        19         1
594       676        82         3
675       676         1         3
653       662         9        17
16       677       661         2
35       668       633        11
376       667       291        12
53       666       613        13
671       678         7         1
670       677         7         2
64       668       604        11
669       678         9         1
650       667        17        12
623       667        44        12
673       676         3         3
660       677        17         2
668       674         6         5
25       671       646         8
32       674       642         5
644       655        11        24
48       660       612        19
646       658        12        21
658       675        17         4
655       678        23         1
658       666         8        13
663       675        12         4
676       678         2         1
649       670        21         9
619       647        28        32
662       675        13         4
664       673         9         6
668       671         3         8
673       677         4         2
626       669        43        10
641       666        25        13
642       667        25        12
57       667       610        12
652       674        22         5
676       678         2         1
421       672       251         7
656       678        22         1
637       674        37         5
315       677       362         2
645       677        32         2
657       676        19         3
627       650        23        29
379       675       296         4
675       677         2         2
626       670        44         9
668       677         9         2
669       672         3         7
314       673       359         6
34       672       638         7
30       652       622        27
666       677        11         2
663       676        13         3
653       658         5        21
39       669       630        10
638       678        40         1
42       676       634         3
664       667         3        12
35       647       612        32
674       678         4         1
665       675        10         4
660       678        18         1
648       670        22         9
17       678       661         1
60       657       597        22
388       677       289         2
44       672       628         7
624       656        32        23
636       657        21        22
665       678        13         1
671       674         3         5
674       677         3         2
378       678       300         1
676       678         2         1
675       678         3         1
650       676        26         3
317       656       339        23
671       672         1         7
668       677         9         2
444       671       227         8
656       674        18         5
674       677         3         2
635       673        38         6
662       668         6        11
667       678        11         1
672       675         3         4
50       667       617        12
633       654        21        25
314       673       359         6
64       668       604        11
674       678         4         1
656       664         8        15
52       677       625         2
663       678        15         1
647       670        23         9
664       675        11         4
58       674       616         5
452       622       170        57
656       670        14         9
655       675        20         4
35       677       642         2
664       674        10         5
673       676         3         3
4        22        18       657
673       676         3         3
666       667         1        12
653       665        12        14
58       672       614         7
636       674        38         5
64       677       613         2
651       659         8        20
58       669       611        10
310       672       362         7
55       653       598        26
660       673        13         6
33       669       636        10
657       668        11        11
646       656        10        23
621       662        41        17
667       674         7         5
50       676       626         3
635       638         3        41
647       669        22        10
23        57        34       622
43       674       631         5
641       677        36         2
656       663         7        16
609       660        51        19
653       673        20         6
32       677       645         2
671       673         2         6
36       324       288       355
643       677        34         2
324       677       353         2
663       677        14         2
323       674       351         5
388       678       290         1
31       671       640         8
660       673        13         6
56       659       603        20
56       672       616         7
657       662         5        17
11       645       634        34
667       676         9         3
666       675         9         4
665       674         9         5
39       678       639         1
663       677        14         2
672       674         2         5
389       672       283         7
656       677        21         2
324       678       354         1
658       665         7        14
663       678        15         1
674       678         4         1
651       673        22         6
26       665       639        14
30       641       611        38
59       643       584        36
668       675         7         4
672       673         1         6
662       666         4        13
642       650         8        29
657       673        16         6
652       678        26         1
669       672         3         7
660       670        10         9
661       678        17         1
644       677        33         2
61       675       614         4
441       672       231         7
55       678       623         1
656       658         2        21
324       674       350         5
668       669         1        10
646       647         1        32
619       678        59         1
673       676         3         3
13       678       665         1
665       676        11         3
37       653       616        26
661       674        13         5
648       678        30         1
663       676        13         3
438       674       236         5
651       666        15        13
655       677        22         2
34       676       642         3
646       678        32         1
51       652       601        27
666       667         1        12
663       673        10         6
668       673         5         6
640       647         7        32
56       673       617         6
656       674        18         5
668       672         4         7
660       676        16         3
625       662        37        17
669       678         9         1
438       673       235         6
40       660       620        19
631       671        40         8
649       656         7        23
647       678        31         1
46       663       617        16
661       667         6        12
40       677       637         2
648       675        27         4
17       674       657         5
661       675        14         4
650       677        27         2
52       670       618         9
652       677        25         2
305       674       369         5
58       675       617         4
621       661        40        18
441       454        13       225
668       670         2         9
638       666        28        13
657       674        17         5
627       677        50         2
26       669       643        10
661       676        15         3
672       674         2         5
386       619       233        60
641       678        37         1
646       658        12        21
664       670         6         9
63       671       608         8
674       678         4         1
655       676        21         3
54       669       615        10
35       662       627        17
661       676        15         3
60       677       617         2
663       673        10         6
645       671        26         8
59       672       613         7
57       674       617         5
662       666         4        13
654       672        18         7
662       673        11         6
627       665        38        14
29       661       632        18
637       658        21        21
660       661         1        18
32       641       609        38
675       676         1         3
635       678        43         1
660       673        13         6
40        58        18       621
54       676       622         3
663       672         9         7
661       671        10         8
55       678       623         1
55       662       607        17
617       672        55         7
344       678       334         1
655       656         1        23
648       673        25         6
47       632       585        47
453       678       225         1
672       675         3         4
673       677         4         2
669       673         4         6
314       675       361         4
57       675       618         4
318       675       357         4
60       637       577        42
384       678       294         1
378       677       299         2
672       674         2         5
63       667       604        12
647       672        25         7
665       668         3        11
657       670        13         9
652       672        20         7
673       677         4         2
49       676       627         3
610       645        35        34
638       678        40         1
656       678        22         1
656       659         3        20
61       675       614         4
669       673         4         6
666       678        12         1
653       668        15        11
43       423       380       256
666       667         1        12
671       675         4         4
672       677         5         2
57       660       603        19
675       677         2         2
649       675        26         4
662       674        12         5
675       678         3         1
651       660         9        19
669       677         8         2
44       675       631         4
636       661        25        18
664       669         5        10
430       670       240         9
64       674       610         5
672       677         5         2
645       678        33         1
630       659        29        20
670       675         5         4
645       675        30         4
61       674       613         5
41       626       585        53
59       674       615         5
58       675       617         4
669       677         8         2
375       670       295         9
676       678         2         1
663       678        15         1
677       678         1         1
677       678         1         1
628       677        49         2
668       671         3         8
317       676       359         3
668       675         7         4
665       674         9         5
43       656       613        23
632       658        26        21
664       666         2        13
53       676       623         3
652       672        20         7
19        49        30       630
670       678         8         1
32       647       615        32
651       652         1        27
667       678        11         1
657       676        19         3
643       652         9        27
669       674         5         5
662       678        16         1
45       655       610        24
51       676       625         3
641       663        22        16
672       674         2         5
667       678        11         1
388       676       288         3
654       669        15        10
667       675         8         4
645       668        23        11
641       671        30         8
652       669        17        10
22       670       648         9
61       649       588        30
645       666        21        13
385       671       286         8
649       678        29         1
643       677        34         2
671       678         7         1
671       677         6         2
671       678         7         1
668       677         9         2
48        64        16       615
58       667       609        12
660       676        16         3
60       673       613         6
62       362       300       317
664       678        14         1
416       669       253        10
592       652        60        27
57       669       612        10
62       626       564        53
645       676        31         3
676       678         2         1
666       674         8         5
646       655         9        24
630       675        45         4
31       676       645         3
636       661        25        18
58       656       598        23
440       657       217        22
648       677        29         2
662       678        16         1
631       635         4        44
652       667        15        12
672       676         4         3
667       671         4         8
656       673        17         6
57       676       619         3
649       668        19        11
659       668         9        11
50       676       626         3
365       664       299        15
47       667       620        12
671       676         5         3
670       676         6         3
668       678        10         1
18       665       647        14
64       673       609         6
673       678         5         1
431       676       245         3
638       659        21        20
364       666       302        13
644       677        33         2
663       672         9         7
663       671         8         8
659       667         8        12
662       664         2        15
63       662       599        17
674       675         1         4
431       678       247         1
64       668       604        11
644       675        31         4
436       676       240         3
654       658         4        21
653       660         7        19
51       671       620         8
668       670         2         9
636       654        18        25
669       671         2         8
61       453       392       226
55       666       611        13
662       676        14         3
633       677        44         2
654       655         1        24
372       654       282        25
652       665        13        14
612       648        36        31
51       669       618        10
666       677        11         2
53       665       612        14
447       676       229         3
638       662        24        17
55       674       619         5
64       660       596        19
51        61        10       618
676       677         1         2
56       648       592        31
597       674        77         5
673       677         4         2
55        56         1       623
677       678         1         1
46       673       627         6
656       678        22         1
668       677         9         2
675       678         3         1
643       668        25        11
659       671        12         8
323       641       318        38
667       675         8         4
652       676        24         3
49       671       622         8
667       670         3         9
674       676         2         3
672       675         3         4
654       659         5        20
18       665       647        14
62       674       612         5
648       661        13        18
636       674        38         5
317       666       349        13
64       672       608         7
662       675        13         4
64       674       610         5
637       662        25        17
659       676        17         3
11       655       644        24
671       675         4         4
671       677         6         2
606       669        63        10
378       657       279        22
59       417       358       262
675       676         1         3
660       669         9        10
56       653       597        26
669       676         7         3
614       667        53        12
650       660        10        19
63       669       606        10
632       677        45         2
634       677        43         2
386       666       280        13
304       675       371         4
668       674         6         5
59       671       612         8
61       677       616         2
673       675         2         4
7       678       671         1
667       670         3         9
665       671         6         8
603       678        75         1
636       675        39         4
655       669        14        10
307       672       365         7
448       655       207        24
667       678        11         1
648       667        19        12
448       660       212        19
641       667        26        12
56       664       608        15
14       678       664         1
633       635         2        44
56       645       589        34
38       675       637         4
666       678        12         1
442       664       222        15
673       677         4         2
672       676         4         3
657       676        19         3
665       669         4        10
619       676        57         3
41        47         6       632
677       678         1         1
55       671       616         8
645       674        29         5
672       674         2         5
655       674        19         5
659       675        16         4
658       668        10        11
671       672         1         7
645       669        24        10
648       673        25         6
651       657         6        22
441       671       230         8
670       673         3         6
31       659       628        20
3       672       669         7
641       644         3        35
651       659         8        20
673       674         1         5
659       671        12         8
626       652        26        27
626       649        23        30
450       669       219        10
669       671         2         8
64       377       313       302
660       677        17         2
653       676        23         3
28       654       626        25
656       677        21         2
633       650        17        29
422       663       241        16
620       674        54         5
319       674       355         5
654       663         9        16
669       675         6         4
55       451       396       228
56       677       621         2
62       657       595        22
673       677         4         2
365       672       307         7
615       677        62         2
664       676        12         3
670       677         7         2
57       672       615         7
663       664         1        15
656       674        18         5
656       678        22         1
664       675        11         4
636       671        35         8
640       657        17        22
661       664         3        15
57       672       615         7
37       674       637         5
381       665       284        14
656       677        21         2
63       672       609         7
661       678        17         1
673       677         4         2
670       673         3         6
653       668        15        11
660       675        15         4
425       678       253         1
656       675        19         4
673       677         4         2
51       659       608        20
672       676         4         3
377       675       298         4
676       677         1         2
668       675         7         4
669       672         3         7
642       673        31         6
664       677        13         2
50       675       625         4
644       668        24        11
656       660         4        19
669       678         9         1
669       677         8         2
677       678         1         1
64       674       610         5
641       671        30         8
673       677         4         2
668       678        10         1
64       665       601        14
421       665       244        14
663       673        10         6
4        54        50       625
614       675        61         4
612       678        66         1
658       662         4        17
654       655         1        24
672       675         3         4
653       672        19         7
64       645       581        34
652       675        23         4
672       676         4         3
52       678       626         1
7       673       666         6
64       676       612         3
671       675         4         4
3       674       671         5
670       674         4         5
651       676        25         3
655       663         8        16
31       431       400       248
658       660         2        19
669       677         8         2
645       667        22        12
639       649        10        30
453       671       218         8
61       657       596        22
61       675       614         4
31       678       647         1
321       596       275        83
650       671        21         8
655       664         9        15
673       678         5         1
651       655         4        24
633       670        37         9
656       664         8        15
661       664         3        15
621       677        56         2
676       678         2         1
671       676         5         3
658       671        13         8
650       662        12        17
64       676       612         3
677       678         1         1
651       678        27         1
319       666       347        13
381       644       263        35
668       677         9         2
58       645       587        34
611       665        54        14
653       676        23         3
659       670        11         9
646       665        19        14
431       677       246         2
357       661       304        18
676       678         2         1
623       667        44        12
55       660       605        19
34       678       644         1
61       629       568        50
62       657       595        22
671       677         6         2
631       677        46         2
59       669       610        10
319       646       327        33
649       654         5        25
57       674       617         5
666       667         1        12
357       665       308        14
673       676         3         3
663       675        12         4
373       663       290        16
378       674       296         5
302       607       305        72
656       667        11        12
437       675       238         4
661       666         5        13
675       677         2         2
650       655         5        24
656       671        15         8
641       662        21        17
660       668         8        11
659       661         2        18
660       675        15         4
666       668         2        11
446       663       217        16
666       674         8         5
48       678       630         1
62       668       606        11
672       675         3         4
661       667         6        12
640       669        29        10
663       668         5        11
50       677       627         2
59       678       619         1
64       667       603        12
649       673        24         6
62       626       564        53
51       659       608        20
664       667         3        12
663       669         6        10
671       675         4         4
668       674         6         5
49       656       607        23
57       674       617         5
653       672        19         7
661       676        15         3
656       670        14         9
666       672         6         7
55       678       623         1
654       665        11        14
378       677       299         2
446       677       231         2
661       674        13         5
672       675         3         4
641       662        21        17
61       669       608        10
663       667         4        12
665       671         6         8
661       677        16         2
380       674       294         5
607       662        55        17
675       678         3         1
659       677        18         2
29        44        15       635
672       677         5         2
291       677       386         2
375       676       301         3
673       677         4         2
659       675        16         4
63       659       596        20
645       669        24        10
670       671         1         8
307       674       367         5
451       666       215        13
658       678        20         1
671       675         4         4
320       658       338        21
47       678       631         1
666       676        10         3
385       672       287         7
667       673         6         6
673       675         2         4
60       674       614         5
665       669         4        10
40       664       624        15
664       672         8         7
624       667        43        12
620       678        58         1
32       385       353       294
663       674        11         5
44       661       617        18
662       665         3        14
664       675        11         4
620       677        57         2
668       677         9         2
647       677        30         2
665       675        10         4
646       673        27         6
668       673         5         6
446       674       228         5
37       675       638         4
62       655       593        24
658       661         3        18
677       678         1         1
660       678        18         1
664       665         1        14
46        55         9       624
647       677        30         2
658       661         3        18
675       678         3         1
661       676        15         3
668       676         8         3
38       657       619        22
17       673       656         6
320       655       335        24
63       664       601        15
669       670         1         9
47       642       595        37
673       677         4         2
670       672         2         7
35       672       637         7
17       650       633        29
52       660       608        19
673       674         1         5
660       677        17         2
648       661        13        18
26       643       617        36
352       651       299        28
665       678        13         1
674       676         2         3
659       675        16         4
649       678        29         1
665       678        13         1
664       678        14         1
42       647       605        32
49       653       604        26
647       656         9        23
667       668         1        11
654       668        14        11
660       675        15         4
633       677        44         2
58       673       615         6
60       674       614         5
644       654        10        25
654       677        23         2
652       669        17        10
56       672       616         7
667       669         2        10
659       661         2        18
31       667       636        12
30       665       635        14
9       676       667         3
674       676         2         3
641       658        17        21
668       676         8         3
677       678         1         1
673       678         5         1
55       658       603        21
668       675         7         4
618       637        19        42
662       677        15         2
674       676         2         3
63       658       595        21
669       670         1         9
648       677        29         2
44       662       618        17
667       670         3         9
663       669         6        10
35       678       643         1
650       664        14        15
665       667         2        12
51       676       625         3
650       654         4        25
658       674        16         5
676       678         2         1
443       673       230         6
662       678        16         1
659       678        19         1
366       676       310         3
665       677        12         2
60       656       596        23
27       666       639        13
661       663         2        16
651       668        17        11
364       662       298        17
380       645       265        34
659       676        17         3
379       632       253        47
34       660       626        19
672       673         1         6
660       674        14         5
661       672        11         7
43       677       634         2
383       678       295         1
324       674       350         5
369       678       309         1
63       428       365       251
673       674         1         5
673       678         5         1
677       678         1         1
19        58        39       621
54       675       621         4
46       678       632         1
59       676       617         3
26       671       645         8
55       670       615         9
653       672        19         7
652       677        25         2
38       674       636         5
38        47         9       632
677       678         1         1
32       677       645         2
53       678       625         1
50       668       618        11
648       671        23         8
636       657        21        22
661       678        17         1
661       673        12         6
454       674       220         5
46       674       628         5
656       674        18         5
669       671         2         8
617       666        49        13
396       673       277         6
443       652       209        27
52       674       622         5
19       664       645        15
669       674         5         5
664       666         2        13
673       677         4         2
656       678        22         1
316       666       350        13
438       641       203        38
663       668         5        11
673       678         5         1
52        58         6       621
22       665       643        14
662       676        14         3
55       672       617         7
656       677        21         2
43       667       624        12
637       676        39         3
387       675       288         4
38       664       626        15
676       678         2         1
55       678       623         1
627       668        41        11
10       662       652        17
665       678        13         1
641       678        37         1
450       678       228         1
649       667        18        12
650       665        15        14
359       658       299        21
667       676         9         3
663       665         2        14
350       648       298        31
669       671         2         8
63       321       258       358
670       678         8         1
672       676         4         3
670       673         3         6
660       666         6        13
645       664        19        15
663       676        13         3
645       659        14        20
616       678        62         1
667       677        10         2
61       671       610         8
12       673       661         6
670       678         8         1
665       674         9         5
52       454       402       225
40       671       631         8
