328       330         2        11
326       340        14         1
237       332        95         9
327       339        12         2
30       324       294        17
321       331        10        10
330       334         4         7
27       322       295        19
323       337        14         4
32       339       307         2
328       340        12         1
318       334        16         7
233       336       103         5
322       325         3        16
339       340         1         1
197       339       142         2
328       340        12         1
325       337        12         4
333       336         3         5
337       339         2         2
329       340        11         1
328       333         5         8
325       329         4        12
319       337        18         4
335       339         4         2
334       338         4         3
325       340        15         1
196       338       142         3
305       332        27         9
328       339        11         2
324       338        14         3
328       335         7         6
167       339       172         2
334       339         5         2
333       339         6         2
33       339       306         2
335       340         5         1
334       340         6         1
326       338        12         3
336       338         2         3
321       337        16         4
327       338        11         3
337       340         3         1
327       339        12         2
337       340         3         1
332       339         7         2
331       335         4         6
315       338        23         3
310       326        16        15
337       340         3         1
329       336         7         5
332       334         2         7
332       338         6         3
32       336       304         5
334       335         1         6
331       340         9         1
324       332         8         9
325       339        14         2
318       340        22         1
336       340         4         1
321       331        10        10
326       330         4        11
332       339         7         2
326       337        11         4
317       335        18         6
325       338        13         3
333       340         7         1
331       338         7         3
323       324         1        17
320       338        18         3
331       334         3         7
338       339         1         2
329       330         1        11
336       339         3         2
165       320       155        21
337       338         1         3
325       330         5        11
334       338         4         3
166       340       174         1
330       336         6         5
335       340         5         1
203       339       136         2
331       339         8         2
328       329         1        12
325       327         2        14
199       337       138         4
337       339         2         2
31       339       308         2
324       336        12         5
339       340         1         1
331       339         8         2
338       339         1         2
326       340        14         1
334       335         1         6
319       327         8        14
327       334         7         7
326       339        13         2
202       337       135         4
33       326       293        15
320       340        20         1
330       339         9         2
339       340         1         1
330       333         3         8
148       309       161        32
159       339       180         2
157       329       172        12
168       338       170         3
332       338         6         3
332       336         4         5
30       339       309         2
332       337         5         4
313       334        21         7
334       336         2         5
318       336        18         5
321       338        17         3
194       338       144         3
339       340         1         1
327       331         4        10
336       337         1         4
193       338       145         3
333       337         4         4
324       332         8         9
231       320        89        21
235       336       101         5
329       336         7         5
319       339        20         2
233       335       102         6
337       340         3         1
30       327       297        14
229       332       103         9
339       340         1         1
330       340        10         1
321       326         5        15
336       340         4         1
337       339         2         2
15       339       324         2
320       336        16         5
311       337        26         4
339       340         1         1
339       340         1         1
317       322         5        19
338       340         2         1
338       340         2         1
325       337        12         4
334       338         4         3
323       334        11         7
335       338         3         3
330       339         9         2
322       338        16         3
337       340         3         1
326       340        14         1
334       336         2         5
339       340         1         1
331       339         8         2
231       334       103         7
311       332        21         9
165       337       172         4
325       328         3        13
338       340         2         1
335       338         3         3
326       338        12         3
31       340       309         1
25       335       310         6
169       317       148        24
327       332         5         9
327       332         5         9
310       326        16        15
332       334         2         7
18       328       310        13
30       336       306         5
320       339        19         2
322       338        16         3
169       338       169         3
200       339       139         2
332       334         2         7
310       332        22         9
235       339       104         2
153       339       186         2
320       336        16         5
324       335        11         6
333       336         3         5
325       332         7         9
331       333         2         8
231       337       106         4
314       335        21         6
335       337         2         4
337       340         3         1
329       335         6         6
226       338       112         3
201       337       136         4
330       335         5         6
316       339        23         2
323       324         1        17
333       336         3         5
227       332       105         9
321       328         7        13
322       335        13         6
28       169       141       172
152       316       164        25
324       340        16         1
328       329         1        12
320       335        15         6
336       340         4         1
297       337        40         4
339       340         1         1
25       332       307         9
308       331        23        10
326       332         6         9
336       340         4         1
336       337         1         4
233       339       106         2
334       338         4         3
314       339        25         2
334       338         4         3
336       339         3         2
335       338         3         3
160       333       173         8
335       339         4         2
155       333       178         8
338       340         2         1
329       338         9         3
193       328       135        13
329       337         8         4
230       337       107         4
328       333         5         8
316       339        23         2
314       333        19         8
231       339       108         2
333       337         4         4
312       336        24         5
162       334       172         7
324       337        13         4
337       338         1         3
309       335        26         6
147       339       192         2
336       338         2         3
326       330         4        11
292       319        27        22
321       330         9        11
321       340        19         1
334       339         5         2
337       338         1         3
326       335         9         6
338       339         1         2
325       330         5        11
321       332        11         9
336       338         2         3
323       339        16         2
326       336        10         5
202       339       137         2
302       315        13        26
323       339        16         2
317       335        18         6
321       339        18         2
332       334         2         7
168       333       165         8
322       333        11         8
334       339         5         2
339       340         1         1
231       332       101         9
326       332         6         9
334       340         6         1
200       334       134         7
199       340       141         1
30       203       173       138
328       334         6         7
163       336       173         5
32       201       169       140
315       336        21         5
324       332         8         9
324       327         3        14
323       335        12         6
301       324        23        17
336       337         1         4
152       340       188         1
32       338       306         3
315       334        19         7
336       337         1         4
312       324        12        17
335       339         4         2
329       332         3         9
334       335         1         6
323       337        14         4
26       339       313         2
200       339       139         2
29       340       311         1
302       333        31         8
323       339        16         2
324       327         3        14
329       337         8         4
235       333        98         8
330       336         6         5
325       339        14         2
327       330         3        11
328       335         7         6
203       333       130         8
328       331         3        10
327       334         7         7
196       340       144         1
337       340         3         1
311       338        27         3
336       339         3         2
338       340         2         1
323       338        15         3
318       327         9        14
330       339         9         2
338       340         2         1
29       334       305         7
203       326       123        15
300       338        38         3
31       335       304         6
334       335         1         6
186       333       147         8
163       339       176         2
31       338       307         3
337       340         3         1
33       338       305         3
337       339         2         2
337       339         2         2
333       335         2         6
334       335         1         6
327       337        10         4
319       331        12        10
329       333         4         8
323       340        17         1
335       337         2         4
334       339         5         2
333       335         2         6
319       340        21         1
327       332         5         9
332       334         2         7
308       334        26         7
332       338         6         3
229       339       110         2
321       329         8        12
327       328         1        13
19       340       321         1
31       340       309         1
326       339        13         2
322       325         3        16
320       339        19         2
320       323         3        18
331       336         5         5
191       317       126        24
330       334         4         7
335       338         3         3
330       337         7         4
316       339        23         2
33       335       302         6
202       339       137         2
330       337         7         4
330       340        10         1
322       337        15         4
31       340       309         1
336       337         1         4
237       312        75        29
9       330       321        11
227       340       113         1
336       339         3         2
334       335         1         6
327       331         4        10
26       324       298        17
328       336         8         5
325       333         8         8
322       340        18         1
321       340        19         1
326       336        10         5
332       336         4         5
337       340         3         1
334       336         2         5
330       338         8         3
328       339        11         2
329       335         6         6
334       340         6         1
332       333         1         8
33       335       302         6
329       340        11         1
329       340        11         1
327       330         3        11
328       337         9         4
327       331         4        10
332       335         3         6
327       332         5         9
332       339         7         2
323       340        17         1
302       334        32         7
335       340         5         1
316       331        15        10
29       335       306         6
326       333         7         8
324       331         7        10
336       340         4         1
326       339        13         2
324       330         6        11
333       336         3         5
31       336       305         5
337       338         1         3
202       338       136         3
321       330         9        11
199       321       122        20
332       340         8         1
332       336         4         5
326       338        12         3
330       331         1        10
331       335         4         6
31       337       306         4
305       337        32         4
200       339       139         2
329       330         1        11
19       333       314         8
328       338        10         3
330       339         9         2
339       340         1         1
337       340         3         1
328       338        10         3
235       340       105         1
337       339         2         2
337       340         3         1
324       335        11         6
334       337         3         4
330       336         6         5
318       335        17         6
327       336         9         5
336       338         2         3
331       336         5         5
328       337         9         4
337       339         2         2
332       338         6         3
337       338         1         3
327       339        12         2
329       338         9         3
324       340        16         1
333       338         5         3
334       339         5         2
339       340         1         1
316       337        21         4
314       333        19         8
301       335        34         6
334       335         1         6
335       340         5         1
323       332         9         9
324       329         5        12
324       340        16         1
155       340       185         1
32       339       307         2
338       339         1         2
338       340         2         1
339       340         1         1
29       338       309         3
330       339         9         2
329       336         7         5
25       330       305        11
339       340         1         1
331       338         7         3
168       327       159        14
30       338       308         3
190       338       148         3
338       339         1         2
330       336         6         5
3       337       334         4
333       338         5         3
32       327       295        14
337       338         1         3
337       338         1         3
32       335       303         6
319       331        12        10
329       333         4         8
32       311       279        30
332       335         3         6
330       340        10         1
335       339         4         2
330       339         9         2
328       340        12         1
334       339         5         2
326       338        12         3
169       338       169         3
26       336       310         5
335       340         5         1
324       336        12         5
322       334        12         7
331       340         9         1
332       338         6         3
337       338         1         3
320       339        19         2
327       332         5         9
32       339       307         2
311       335        24         6
337       340         3         1
328       335         7         6
319       326         7        15
301       336        35         5
335       340         5         1
322       330         8        11
19       339       320         2
316       319         3        22
32       330       298        11
183       201        18       140
334       337         3         4
322       335        13         6
330       336         6         5
333       338         5         3
322       338        16         3
237       337       100         4
331       334         3         7
316       317         1        24
330       336         6         5
333       337         4         4
338       339         1         2
328       331         3        10
338       339         1         2
19       315       296        26
321       338        17         3
321       331        10        10
27       339       312         2
325       328         3        13
325       337        12         4
15       328       313        13
33       340       307         1
313       315         2        26
333       335         2         6
319       334        15         7
327       340        13         1
339       340         1         1
169       326       157        15
162       332       170         9
321       337        16         4
169       322       153        19
338       340         2         1
327       329         2        12
328       336         8         5
333       335         2         6
329       337         8         4
323       331         8        10
329       339        10         2
337       340         3         1
167       336       169         5
321       336        15         5
315       339        24         2
332       340         8         1
325       333         8         8
336       337         1         4
328       339        11         2
320       340        20         1
324       328         4        13
192       340       148         1
315       340        25         1
330       338         8         3
332       340         8         1
322       325         3        16
327       339        12         2
335       338         3         3
326       337        11         4
335       338         3         3
33       336       303         5
333       338         5         3
337       340         3         1
191       338       147         3
329       334         5         7
27        32         5       309
325       330         5        11
326       334         8         7
321       335        14         6
326       340        14         1
330       332         2         9
329       330         1        11
334       340         6         1
31       333       302         8
29       335       306         6
337       340         3         1
324       338        14         3
322       326         4        15
32       337       305         4
335       337         2         4
339       340         1         1
329       331         2        10
292       311        19        30
235       337       102         4
332       340         8         1
323       326         3        15
322       332        10         9
20        33        13       308
175       331       156        10
328       340        12         1
331       339         8         2
202       339       137         2
333       340         7         1
322       339        17         2
322       329         7        12
315       340        25         1
329       337         8         4
328       334         6         7
333       340         7         1
329       339        10         2
27       335       308         6
32       333       301         8
319       331        12        10
332       338         6         3
317       321         4        20
318       332        14         9
327       334         7         7
235       330        95        11
148       340       192         1
26       200       174       141
337       339         2         2
218       340       122         1
336       338         2         3
338       340         2         1
334       335         1         6
338       340         2         1
335       337         2         4
337       340         3         1
335       338         3         3
325       336        11         5
199       330       131        11
328       338        10         3
338       340         2         1
325       336        11         5
328       340        12         1
336       339         3         2
333       336         3         5
329       336         7         5
335       337         2         4
338       339         1         2
234       338       104         3
337       338         1         3
32       339       307         2
329       339        10         2
32       340       308         1
318       339        21         2
320       331        11        10
335       339         4         2
329       330         1        11
323       331         8        10
332       339         7         2
335       340         5         1
324       329         5        12
329       340        11         1
336       339         3         2
314       322         8        19
332       334         2         7
331       335         4         6
335       340         5         1
327       339        12         2
161       340       179         1
338       339         1         2
339       340         1         1
334       335         1         6
327       333         6         8
328       334         6         7
320       331        11        10
323       340        17         1
236       339       103         2
203       337       134         4
230       327        97        14
329       334         5         7
335       337         2         4
32       316       284        25
29       338       309         3
316       338        22         3
329       338         9         3
195       333       138         8
28       337       309         4
235       340       105         1
319       338        19         3
330       340        10         1
323       332         9         9
326       338        12         3
337       338         1         3
327       336         9         5
322       340        18         1
324       340        16         1
169       330       161        11
29       328       299        13
160       332       172         9
336       338         2         3
328       339        11         2
317       337        20         4
339       340         1         1
326       337        11         4
338       340         2         1
337       340         3         1
202       335       133         6
332       337         5         4
328       333         5         8
327       336         9         5
331       337         6         4
334       338         4         3
329       333         4         8
334       337         3         4
322       332        10         9
330       331         1        10
330       336         6         5
21       331       310        10
326       327         1        14
325       336        11         5
153       340       187         1
328       340        12         1
334       340         6         1
334       338         4         3
338       340         2         1
335       339         4         2
317       340        23         1
332       336         4         5
335       336         1         5
321       331        10        10
333       334         1         7
31       339       308         2
336       337         1         4
29       339       310         2
328       340        12         1
330       332         2         9
328       330         2        11
323       327         4        14
185       313       128        28
320       339        19         2
330       332         2         9
322       338        16         3
337       340         3         1
190       327       137        14
237       328        91        13
333       340         7         1
201       339       138         2
333       338         5         3
33       328       295        13
160       336       176         5
324       336        12         5
320       321         1        20
317       337        20         4
320       325         5        16
329       332         3         9
319       320         1        21
331       332         1         9
330       339         9         2
338       339         1         2
335       338         3         3
337       339         2         2
325       337        12         4
326       330         4        11
329       339        10         2
328       333         5         8
315       336        21         5
330       337         7         4
331       334         3         7
330       336         6         5
324       340        16         1
30       340       310         1
202       324       122        17
330       336         6         5
317       334        17         7
332       334         2         7
318       324         6        17
32       333       301         8
329       331         2        10
313       325        12        16
325       339        14         2
32       333       301         8
330       338         8         3
323       327         4        14
331       333         2         8
317       333        16         8
201       338       137         3
29       340       311         1
328       336         8         5
332       333         1         8
325       330         5        11
334       338         4         3
316       331        15        10
235       327        92        14
312       330        18        11
329       340        11         1
336       338         2         3
329       331         2        10
336       339         3         2
330       337         7         4
330       334         4         7
325       337        12         4
164       337       173         4
199       332       133         9
330       339         9         2
318       333        15         8
307       340        33         1
18       338       320         3
333       335         2         6
328       334         6         7
317       339        22         2
195       336       141         5
18       318       300        23
23       334       311         7
335       338         3         3
336       340         4         1
313       325        12        16
324       325         1        16
336       337         1         4
160       326       166        15
33       332       299         9
19       339       320         2
198       338       140         3
227       337       110         4
329       338         9         3
196       339       143         2
337       338         1         3
333       335         2         6
325       339        14         2
321       339        18         2
317       326         9        15
319       340        21         1
168       330       162        11
228       336       108         5
327       339        12         2
336       340         4         1
331       338         7         3
338       340         2         1
327       336         9         5
339       340         1         1
335       338         3         3
334       340         6         1
326       328         2        13
335       339         4         2
29       327       298        14
324       325         1        16
33       337       304         4
196       336       140         5
322       338        16         3
29       339       310         2
330       334         4         7
330       337         7         4
335       337         2         4
330       339         9         2
327       332         5         9
338       340         2         1
224       330       106        11
328       340        12         1
334       335         1         6
328       335         7         6
338       339         1         2
321       327         6        14
331       334         3         7
338       340         2         1
333       335         2         6
337       339         2         2
313       340        27         1
331       336         5         5
332       336         4         5
329       333         4         8
322       327         5        14
326       340        14         1
339       340         1         1
32       316       284        25
315       336        21         5
29       317       288        24
33       333       300         8
335       337         2         4
234       340       106         1
338       340         2         1
328       329         1        12
315       328        13        13
32       338       306         3
338       340         2         1
329       330         1        11
321       339        18         2
21       340       319         1
165       336       171         5
335       338         3         3
331       336         5         5
237       327        90        14
326       336        10         5
323       331         8        10
328       338        10         3
160       335       175         6
335       336         1         5
323       332         9         9
294       339        45         2
191       197         6       144
26       332       306         9
317       320         3        21
333       340         7         1
330       334         4         7
325       339        14         2
309       340        31         1
327       335         8         6
160       322       162        19
160       336       176         5
12       330       318        11
334       338         4         3
332       334         2         7
30       340       310         1
331       338         7         3
332       333         1         8
169       339       170         2
325       340        15         1
321       334        13         7
203       332       129         9
336       339         3         2
331       336         5         5
192       314       122        27
12       322       310        19
337       339         2         2
328       338        10         3
338       339         1         2
23       326       303        15
332       337         5         4
328       340        12         1
14       325       311        16
290       322        32        19
336       338         2         3
334       340         6         1
324       337        13         4
331       337         6         4
300       331        31        10
186       339       153         2
333       338         5         3
327       331         4        10
319       339        20         2
236       323        87        18
321       340        19         1
212       340       128         1
30       334       304         7
167       337       170         4
320       339        19         2
215       340       125         1
321       335        14         6
33       187       154       154
335       337         2         4
195       319       124        22
329       337         8         4
338       340         2         1
321       331        10        10
318       334        16         7
29       340       311         1
33       340       307         1
321       324         3        17
337       338         1         3
183       325       142        16
24       335       311         6
328       339        11         2
318       331        13        10
331       333         2         8
335       338         3         3
329       339        10         2
319       333        14         8
338       339         1         2
234       324        90        17
200       331       131        10
334       335         1         6
333       338         5         3
200       318       118        23
33       335       302         6
330       337         7         4
335       340         5         1
331       340         9         1
339       340         1         1
338       339         1         2
335       338         3         3
327       338        11         3
33       332       299         9
337       338         1         3
326       329         3        12
318       324         6        17
29       337       308         4
325       333         8         8
337       340         3         1
162       321       159        20
199       316       117        25
326       335         9         6
325       328         3        13
332       337         5         4
203       340       137         1
336       338         2         3
337       340         3         1
167       337       170         4
331       337         6         4
317       337        20         4
237       339       102         2
334       337         3         4
329       339        10         2
334       339         5         2
330       337         7         4
337       338         1         3
332       340         8         1
200       331       131        10
30       336       306         5
226       336       110         5
322       338        16         3
335       340         5         1
288       330        42        11
324       333         9         8
237       324        87        17
166       338       172         3
331       337         6         4
237       334        97         7
329       337         8         4
329       333         4         8
325       338        13         3
338       340         2         1
317       324         7        17
335       340         5         1
334       340         6         1
166       340       174         1
165       339       174         2
339       340         1         1
