318       336        18        10
335       345        10         1
28       338       310         8
327       332         5        14
167       340       173         6
340       341         1         5
341       343         2         3
329       333         4        13
341       345         4         1
333       343        10         3
340       343         3         3
204       345       141         1
196       341       145         5
318       342        24         4
315       342        27         4
203       343       140         3
333       344        11         2
32       339       307         7
342       344         2         2
335       341         6         5
139       340       201         6
342       343         1         3
331       338         7         8
203       345       142         1
333       334         1        12
336       343         7         3
327       339        12         7
331       341        10         5
332       344        12         2
340       342         2         4
28       338       310         8
340       344         4         2
343       344         1         2
27       338       311         8
339       341         2         5
194       336       142        10
138       344       206         2
331       344        13         2
333       335         2        11
236       343       107         3
342       345         3         1
197       338       141         8
335       342         7         4
340       341         1         5
342       345         3         1
332       335         3        11
328       332         4        14
327       338        11         8
342       344         2         2
202       344       142         2
338       344         6         2
332       334         2        12
342       344         2         2
200       345       145         1
332       339         7         7
335       341         6         5
330       344        14         2
341       344         3         2
312       326        14        20
336       343         7         3
340       343         3         3
344       345         1         1
327       334         7        12
139       334       195        12
341       345         4         1
309       345        36         1
342       345         3         1
341       343         2         3
340       345         5         1
338       345         7         1
324       329         5        17
340       344         4         2
173       345       172         1
342       344         2         2
334       335         1        11
328       338        10         8
340       342         2         4
331       333         2        13
330       336         6        10
305       344        39         2
32       242       210       104
331       337         6         9
335       336         1        10
331       342        11         4
153       334       181        12
336       338         2         8
343       344         1         2
320       344        24         2
344       345         1         1
341       345         4         1
332       338         6         8
24       345       321         1
335       344         9         2
335       344         9         2
174       344       170         2
34       340       306         6
336       343         7         3
327       340        13         6
343       345         2         1
337       340         3         6
333       337         4         9
332       340         8         6
335       345        10         1
337       345         8         1
320       343        23         3
322       345        23         1
158       339       181         7
28       216       188       130
206       325       119        21
339       343         4         3
31       336       305        10
341       345         4         1
334       341         7         5
337       343         6         3
237       342       105         4
339       344         5         2
334       341         7         5
327       337        10         9
338       339         1         7
244       335        91        11
6       344       338         2
336       337         1         9
16       345       329         1
207       335       128        11
330       345        15         1
330       343        13         3
336       344         8         2
231       344       113         2
331       345        14         1
329       333         4        13
328       333         5        13
322       338        16         8
334       345        11         1
334       341         7         5
333       339         6         7
339       340         1         6
344       345         1         1
324       344        20         2
139       343       204         3
342       345         3         1
174       342       168         4
333       341         8         5
330       339         9         7
328       345        17         1
12       326       314        20
321       340        19         6
335       341         6         5
335       345        10         1
304       341        37         5
336       343         7         3
328       341        13         5
340       343         3         3
327       341        14         5
342       345         3         1
316       329        13        17
343       344         1         2
171       345       174         1
335       344         9         2
208       342       134         4
323       345        22         1
338       342         4         4
138       333       195        13
337       339         2         7
324       334        10        12
331       345        14         1
339       344         5         2
342       345         3         1
336       344         8         2
334       336         2        10
326       334         8        12
334       337         3         9
339       342         3         4
325       338        13         8
242       344       102         2
342       343         1         3
203       344       141         2
34       339       305         7
341       345         4         1
337       341         4         5
335       342         7         4
331       345        14         1
32       339       307         7
321       344        23         2
339       340         1         6
341       343         2         3
332       341         9         5
337       344         7         2
332       343        11         3
334       340         6         6
341       342         1         4
341       345         4         1
333       344        11         2
330       332         2        14
344       345         1         1
312       335        23        11
327       337        10         9
234       318        84        28
323       339        16         7
335       341         6         5
333       337         4         9
21       337       316         9
208       330       122        16
343       345         2         1
317       326         9        20
331       332         1        14
320       322         2        24
342       343         1         3
139       328       189        18
340       345         5         1
335       343         8         3
335       337         2         9
338       339         1         7
205       344       139         2
329       344        15         2
338       340         2         6
207       341       134         5
322       336        14        10
331       340         9         6
208       329       121        17
340       343         3         3
341       344         3         2
341       344         3         2
314       345        31         1
320       343        23         3
341       342         1         4
330       335         5        11
336       342         6         4
21       331       310        15
317       319         2        27
342       344         2         2
332       345        13         1
319       343        24         3
342       345         3         1
324       345        21         1
332       338         6         8
338       343         5         3
335       338         3         8
330       336         6        10
333       342         9         4
342       343         1         3
337       345         8         1
330       339         9         7
344       345         1         1
332       343        11         3
329       333         4        13
339       343         4         3
18       332       314        14
34       342       308         4
332       339         7         7
136       345       209         1
229       315        86        31
338       345         7         1
27       342       315         4
327       342        15         4
314       339        25         7
331       337         6         9
336       337         1         9
337       345         8         1
209       343       134         3
33       331       298        15
340       343         3         3
328       343        15         3
319       329        10        17
333       345        12         1
337       339         2         7
334       336         2        10
335       345        10         1
202       344       142         2
333       342         9         4
232       334       102        12
169       345       176         1
330       344        14         2
242       343       101         3
344       345         1         1
334       339         5         7
338       344         6         2
302       337        35         9
339       343         4         3
170       337       167         9
168       344       176         2
344       345         1         1
337       342         5         4
342       344         2         2
339       340         1         6
341       345         4         1
336       340         4         6
237       341       104         5
336       342         6         4
328       342        14         4
136       343       207         3
326       345        19         1
336       338         2         8
156       326       170        20
342       345         3         1
238       344       106         2
336       345         9         1
332       335         3        11
337       341         4         5
161       333       172        13
338       345         7         1
342       343         1         3
328       339        11         7
169       337       168         9
325       342        17         4
33       323       290        23
340       343         3         3
335       339         4         7
335       336         1        10
29       340       311         6
341       345         4         1
337       344         7         2
206       345       139         1
287       336        49        10
233       345       112         1
205       334       129        12
139       329       190        17
343       344         1         2
332       337         5         9
340       344         4         2
341       344         3         2
327       334         7        12
158       208        50       138
339       340         1         6
208       327       119        19
340       345         5         1
335       344         9         2
238       329        91        17
333       335         2        11
338       345         7         1
338       341         3         5
336       338         2         8
209       340       131         6
196       342       146         4
337       342         5         4
326       343        17         3
339       345         6         1
332       338         6         8
337       345         8         1
344       345         1         1
330       344        14         2
335       345        10         1
33       345       312         1
324       341        17         5
341       344         3         2
343       345         2         1
34       345       311         1
335       342         7         4
336       341         5         5
31       340       309         6
31       340       309         6
324       344        20         2
335       343         8         3
324       327         3        19
25       332       307        14
340       344         4         2
164       328       164        18
341       344         3         2
329       342        13         4
340       342         2         4
8       329       321        17
342       344         2         2
205       345       140         1
208       337       129         9
331       343        12         3
314       340        26         6
335       344         9         2
328       345        17         1
33       165       132       181
324       330         6        16
330       342        12         4
333       340         7         6
331       344        13         2
318       337        19         9
330       335         5        11
319       342        23         4
331       340         9         6
22       344       322         2
331       344        13         2
328       341        13         5
203       339       136         7
331       344        13         2
342       343         1         3
324       344        20         2
330       339         9         7
341       343         2         3
335       345        10         1
34       341       307         5
339       342         3         4
331       344        13         2
24       345       321         1
337       342         5         4
328       342        14         4
329       332         3        14
205       338       133         8
173       345       172         1
331       336         5        10
336       340         4         6
219       333       114        13
342       344         2         2
341       343         2         3
335       340         5         6
331       343        12         3
34       332       298        14
329       342        13         4
331       334         3        12
337       341         4         5
197       333       136        13
30       344       314         2
338       340         2         6
331       334         3        12
338       339         1         7
243       345       102         1
322       342        20         4
333       338         5         8
343       345         2         1
333       343        10         3
333       344        11         2
166       343       177         3
334       338         4         8
341       342         1         4
332       340         8         6
335       344         9         2
341       342         1         4
31       337       306         9
326       342        16         4
342       343         1         3
339       342         3         4
337       339         2         7
24       342       318         4
32       234       202       112
337       343         6         3
343       345         2         1
317       342        25         4
335       341         6         5
344       345         1         1
159       342       183         4
137       330       193        16
204       345       141         1
342       343         1         3
330       341        11         5
243       345       102         1
201       344       143         2
337       340         3         6
244       344       100         2
335       344         9         2
19       343       324         3
339       342         3         4
320       343        23         3
329       345        16         1
340       344         4         2
342       343         1         3
337       341         4         5
330       339         9         7
26       139       113       207
11       335       324        11
337       338         1         8
328       335         7        11
323       343        20         3
331       343        12         3
343       345         2         1
336       344         8         2
316       344        28         2
336       340         4         6
340       345         5         1
342       343         1         3
31       340       309         6
342       343         1         3
339       344         5         2
209       345       136         1
343       344         1         2
338       341         3         5
338       344         6         2
336       342         6         4
325       343        18         3
333       343        10         3
163       332       169        14
328       337         9         9
236       344       108         2
331       341        10         5
329       343        14         3
332       345        13         1
208       344       136         2
332       345        13         1
344       345         1         1
243       331        88        15
340       344         4         2
208       340       132         6
328       331         3        15
331       340         9         6
325       340        15         6
332       340         8         6
137       345       208         1
30       335       305        11
338       342         4         4
329       339        10         7
338       345         7         1
173       341       168         5
335       344         9         2
29       342       313         4
328       329         1        17
340       343         3         3
318       329        11        17
339       345         6         1
335       344         9         2
339       342         3         4
339       344         5         2
332       342        10         4
323       344        21         2
244       337        93         9
344       345         1         1
335       341         6         5
329       341        12         5
206       328       122        18
341       344         3         2
332       345        13         1
28        32         4       314
332       345        13         1
320       343        23         3
341       344         3         2
340       342         2         4
217       342       125         4
334       338         4         8
244       310        66        36
333       337         4         9
340       345         5         1
338       339         1         7
337       345         8         1
163       345       182         1
334       338         4         8
336       341         5         5
34       324       290        22
320       325         5        21
300       341        41         5
31       327       296        19
337       339         2         7
308       342        34         4
334       336         2        10
342       345         3         1
339       342         3         4
343       345         2         1
11       344       333         2
315       345        30         1
165       335       170        11
241       344       103         2
332       337         5         9
239       328        89        18
325       327         2        19
321       340        19         6
244       339        95         7
243       338        95         8
341       342         1         4
320       339        19         7
138       331       193        15
334       345        11         1
333       342         9         4
188       341       153         5
340       342         2         4
181       223        42       123
335       340         5         6
326       329         3        17
330       332         2        14
343       345         2         1
336       345         9         1
341       345         4         1
196       345       149         1
342       344         2         2
334       335         1        11
333       337         4         9
335       339         4         7
343       345         2         1
168       344       176         2
174       340       166         6
340       341         1         5
339       344         5         2
207       325       118        21
318       344        26         2
333       338         5         8
336       338         2         8
341       343         2         3
231       343       112         3
332       341         9         5
329       335         6        11
324       336        12        10
326       344        18         2
343       344         1         2
321       336        15        10
236       341       105         5
335       343         8         3
339       345         6         1
340       344         4         2
322       340        18         6
30       342       312         4
338       342         4         4
329       330         1        16
332       339         7         7
336       345         9         1
340       342         2         4
21       339       318         7
333       339         6         7
334       345        11         1
320       329         9        17
339       344         5         2
326       345        19         1
337       339         2         7
342       345         3         1
198       342       144         4
338       342         4         4
341       344         3         2
338       342         4         4
31       337       306         9
320       325         5        21
338       340         2         6
326       335         9        11
333       334         1        12
341       344         3         2
341       344         3         2
204       338       134         8
23       325       302        21
316       345        29         1
324       342        18         4
336       342         6         4
340       341         1         5
341       342         1         4
324       343        19         3
333       340         7         6
333       336         3        10
325       336        11        10
341       342         1         4
30       342       312         4
322       332        10        14
314       334        20        12
332       335         3        11
172       336       164        10
332       345        13         1
157       335       178        11
336       337         1         9
31       344       313         2
337       344         7         2
334       340         6         6
339       340         1         6
321       337        16         9
339       344         5         2
168       338       170         8
341       345         4         1
333       344        11         2
334       336         2        10
333       343        10         3
334       345        11         1
340       341         1         5
233       337       104         9
340       343         3         3
337       339         2         7
331       345        14         1
333       341         8         5
318       325         7        21
31       341       310         5
314       316         2        30
339       344         5         2
328       329         1        17
339       343         4         3
330       331         1        15
337       344         7         2
21       340       319         6
341       344         3         2
343       344         1         2
335       344         9         2
334       342         8         4
337       338         1         8
336       337         1         9
333       340         7         6
329       345        16         1
329       335         6        11
340       345         5         1
337       343         6         3
333       339         6         7
339       343         4         3
340       341         1         5
341       345         4         1
342       344         2         2
342       344         2         2
329       335         6        11
333       344        11         2
172       336       164        10
328       334         6        12
243       343       100         3
199       338       139         8
333       345        12         1
336       340         4         6
339       341         2         5
8       344       336         2
322       327         5        19
344       345         1         1
22       340       318         6
337       344         7         2
333       341         8         5
338       344         6         2
29       344       315         2
198       344       146         2
27       345       318         1
238       344       106         2
33       340       307         6
336       340         4         6
335       336         1        10
334       340         6         6
31       341       310         5
31       331       300        15
319       330        11        16
334       338         4         8
341       344         3         2
34       339       305         7
341       345         4         1
200       342       142         4
341       343         2         3
328       341        13         5
136       305       169        41
237       339       102         7
336       339         3         7
334       341         7         5
240       343       103         3
338       344         6         2
343       345         2         1
7       337       330         9
338       342         4         4
312       340        28         6
336       337         1         9
341       343         2         3
336       339         3         7
337       344         7         2
20       344       324         2
313       322         9        24
342       343         1         3
343       345         2         1
328       344        16         2
331       340         9         6
170       344       174         2
171       338       167         8
331       345        14         1
342       345         3         1
333       342         9         4
334       343         9         3
330       335         5        11
344       345         1         1
337       344         7         2
342       345         3         1
316       341        25         5
340       344         4         2
343       345         2         1
337       342         5         4
337       342         5         4
203       336       133        10
331       342        11         4
335       340         5         6
340       342         2         4
338       345         7         1
326       338        12         8
136       240       104       106
202       345       143         1
317       327        10        19
321       342        21         4
325       334         9        12
343       345         2         1
337       341         4         5
332       342        10         4
205       342       137         4
333       345        12         1
170       334       164        12
334       343         9         3
332       344        12         2
136       345       209         1
139       345       206         1
334       336         2        10
139       333       194        13
174       342       168         4
334       337         3         9
32       334       302        12
340       344         4         2
340       341         1         5
343       345         2         1
328       343        15         3
326       333         7        13
339       341         2         5
341       345         4         1
331       339         8         7
324       338        14         8
332       344        12         2
340       345         5         1
319       323         4        23
342       345         3         1
232       342       110         4
339       340         1         6
318       336        18        10
314       345        31         1
324       340        16         6
337       338         1         8
328       345        17         1
334       342         8         4
30       340       310         6
325       335        10        11
340       344         4         2
312       332        20        14
30       345       315         1
322       340        18         6
344       345         1         1
31       330       299        16
319       339        20         7
336       345         9         1
327       338        11         8
327       345        18         1
337       340         3         6
336       341         5         5
19       345       326         1
169       345       176         1
324       332         8        14
340       341         1         5
16       342       326         4
326       335         9        11
337       344         7         2
27       336       309        10
328       334         6        12
344       345         1         1
331       339         8         7
344       345         1         1
23       329       306        17
340       343         3         3
343       345         2         1
337       344         7         2
325       335        10        11
334       344        10         2
314       334        20        12
324       345        21         1
325       327         2        19
333       344        11         2
337       342         5         4
28       339       311         7
32        34         2       312
322       337        15         9
327       331         4        15
339       343         4         3
338       340         2         6
28       345       317         1
336       344         8         2
319       344        25         2
335       341         6         5
336       341         5         5
341       344         3         2
340       342         2         4
318       333        15        13
174       208        34       138
329       341        12         5
24       339       315         7
327       335         8        11
332       345        13         1
334       341         7         5
327       330         3        16
335       345        10         1
31       344       313         2
22       342       320         4
323       344        21         2
198       341       143         5
244       316        72        30
331       344        13         2
336       345         9         1
173       340       167         6
338       345         7         1
173       345       172         1
338       340         2         6
209       328       119        18
322       345        23         1
332       342        10         4
33       345       312         1
333       341         8         5
337       342         5         4
331       345        14         1
203       345       142         1
333       338         5         8
136       338       202         8
323       344        21         2
34       315       281        31
325       330         5        16
167       345       178         1
332       344        12         2
325       336        11        10
332       344        12         2
333       335         2        11
322       345        23         1
240       344       104         2
333       335         2        11
171       324       153        22
170       328       158        18
319       331        12        15
331       342        11         4
332       341         9         5
339       342         3         4
336       338         2         8
343       345         2         1
337       343         6         3
327       343        16         3
28       341       313         5
341       342         1         4
340       341         1         5
342       344         2         2
27       343       316         3
327       336         9        10
324       336        12        10
339       345         6         1
328       332         4        14
328       342        14         4
199       345       146         1
139       336       197        10
336       338         2         8
333       334         1        12
242       342       100         4
202       342       140         4
320       332        12        14
339       345         6         1
20       344       324         2
335       345        10         1
336       345         9         1
335       342         7         4
137       344       207         2
338       344         6         2
316       327        11        19
30       334       304        12
342       344         2         2
328       337         9         9
343       345         2         1
198       345       147         1
29       344       315         2
341       342         1         4
324       338        14         8
343       344         1         2
334       342         8         4
337       338         1         8
337       339         2         7
321       340        19         6
325       332         7        14
343       345         2         1
33       345       312         1
219       240        21       106
327       336         9        10
343       345         2         1
198       343       145         3
321       337        16         9
338       342         4         4
329       344        15         2
344       345         1         1
336       338         2         8
24       344       320         2
340       344         4         2
320       323         3        23
340       342         2         4
337       343         6         3
329       336         7        10
207       340       133         6
137       333       196        13
328       338        10         8
327       344        17         2
243       330        87        16
337       339         2         7
339       342         3         4
332       340         8         6
341       342         1         4
34       345       311         1
316       345        29         1
239       333        94        13
316       337        21         9
174       344       170         2
34       343       309         3
328       341        13         5
343       345         2         1
339       341         2         5
335       337         2         9
340       345         5         1
335       344         9         2
139       345       206         1
318       334        16        12
324       345        21         1
30       343       313         3
330       334         4        12
321       339        18         7
26       343       317         3
244       345       101         1
332       342        10         4
343       344         1         2
344       345         1         1
174       342       168         4
338       344         6         2
334       345        11         1
319       332        13        14
342       344         2         2
339       344         5         2
320       345        25         1
328       343        15         3
337       340         3         6
173       342       169         4
208       340       132         6
31       325       294        21
32       343       311         3
138       338       200         8
244       333        89        13
