412       439        27         1
422       426         4        14
411       420         9        20
433       438         5         2
434       438         4         2
428       433         5         7
38       431       393         9
435       437         2         3
410       419         9        21
436       437         1         3
438       439         1         1
39       438       399         2
235       436       201         4
284       435       151         5
423       426         3        14
34       439       405         1
408       437        29         3
38       433       395         7
436       438         2         2
281       426       145        14
412       425        13        15
402       427        25        13
435       439         4         1
401       432        31         8
34       436       402         4
26       433       407         7
238       414       176        26
405       435        30         5
414       431        17         9
416       421         5        19
285       424       139        16
409       410         1        30
430       438         8         2
403       431        28         9
411       436        25         4
282       433       151         7
3       413       410        27
283       439       156         1
428       431         3         9
408       417         9        23
436       438         2         2
29       436       407         4
427       433         6         7
203       424       221        16
411       422        11        18
410       436        26         4
435       437         2         3
427       429         2        11
433       439         6         1
406       438        32         2
430       431         1         9
410       436        26         4
40       420       380        20
435       438         3         2
433       438         5         2
426       439        13         1
419       420         1        20
425       430         5        10
424       432         8         8
437       439         2         1
432       435         3         5
415       430        15        10
427       437        10         3
418       432        14         8
422       439        17         1
423       439        16         1
37       428       391        12
431       432         1         8
18       438       420         2
435       436         1         4
244       433       189         7
418       437        19         3
429       438         9         2
428       438        10         2
20       426       406        14
415       435        20         5
428       430         2        10
428       429         1        11
424       437        13         3
436       437         1         3
427       432         5         8
40       435       395         5
38       438       400         2
432       433         1         7
425       438        13         2
231       435       204         5
432       436         4         4
24       429       405        11
435       438         3         2
286       436       150         4
195       438       243         2
405       435        30         5
431       439         8         1
221       433       212         7
412       424        12        16
415       436        21         4
422       431         9         9
436       438         2         2
429       432         3         8
435       436         1         4
38       431       393         9
413       434        21         6
424       439        15         1
229       437       208         3
411       427        16        13
415       419         4        21
427       438        11         2
434       439         5         1
437       438         1         2
426       431         5         9
422       430         8        10
433       438         5         2
426       430         4        10
13       439       426         1
435       439         4         1
425       439        14         1
28       425       397        15
427       439        12         1
222       438       216         2
235       428       193        12
26       419       393        21
414       426        12        14
436       439         3         1
35       438       403         2
40       437       397         3
30       432       402         8
414       438        24         2
39       431       392         9
405       433        28         7
238       434       196         6
421       436        15         4
430       437         7         3
430       435         5         5
427       430         3        10
412       426        14        14
36       424       388        16
40       438       398         2
403       431        28         9
418       438        20         2
402       435        33         5
429       433         4         7
422       426         4        14
385       439        54         1
426       435         9         5
394       438        44         2
419       434        15         6
415       419         4        21
39       431       392         9
436       439         3         1
407       435        28         5
23       429       406        11
435       436         1         4
266       438       172         2
427       435         8         5
266       435       169         5
430       436         6         4
430       435         5         5
410       421        11        19
419       421         2        19
413       430        17        10
406       435        29         5
426       427         1        13
433       434         1         6
278       439       161         1
31       437       406         3
38       422       384        18
420       430        10        10
431       438         7         2
427       429         2        11
408       437        29         3
39       439       400         1
437       439         2         1
20       437       417         3
413       434        21         6
36       429       393        11
428       429         1        11
434       438         4         2
31       415       384        25
244       433       189         7
430       433         3         7
426       431         5         9
416       438        22         2
269       438       169         2
408       432        24         8
429       437         8         3
425       428         3        12
428       439        11         1
419       429        10        11
40       408       368        32
277       410       133        30
32       427       395        13
418       427         9        13
408       437        29         3
417       429        12        11
434       435         1         5
401       426        25        14
431       433         2         7
433       438         5         2
422       427         5        13
421       437        16         3
427       435         8         5
404       431        27         9
416       436        20         4
235       439       204         1
436       439         3         1
240       439       199         1
29       432       403         8
434       435         1         5
380       395        15        45
406       433        27         7
5       424       419        16
436       439         3         1
418       439        21         1
431       439         8         1
437       439         2         1
434       438         4         2
426       437        11         3
407       423        16        17
203       286        83       154
230       436       206         4
405       431        26         9
406       434        28         6
32       420       388        20
196       432       236         8
196       438       242         2
427       432         5         8
409       429        20        11
425       436        11         4
436       439         3         1
412       423        11        17
432       434         2         6
424       428         4        12
412       414         2        26
425       430         5        10
405       438        33         2
33       439       406         1
410       412         2        28
432       433         1         7
426       435         9         5
402       423        21        17
229       436       207         4
419       424         5        16
437       439         2         1
437       439         2         1
27       435       408         5
16       438       422         2
427       428         1        12
432       437         5         3
425       436        11         4
432       436         4         4
429       431         2         9
410       429        19        11
425       439        14         1
34       421       387        19
30       439       409         1
400       438        38         2
385       434        49         6
419       439        20         1
424       433         9         7
414       434        20         6
18       435       417         5
201       438       237         2
429       437         8         3
428       437         9         3
407       436        29         4
426       439        13         1
436       437         1         3
432       434         2         6
37       436       399         4
431       434         3         6
430       435         5         5
40       423       383        17
432       433         1         7
432       434         2         6
37       414       377        26
434       435         1         5
423       434        11         6
435       438         3         2
431       439         8         1
433       435         2         5
434       436         2         4
431       433         2         7
435       439         4         1
407       423        16        17
415       421         6        19
430       435         5         5
421       439        18         1
274       427       153        13
197       439       242         1
438       439         1         1
38       436       398         4
407       431        24         9
432       433         1         7
436       438         2         2
432       436         4         4
423       428         5        12
16       439       423         1
30       434       404         6
434       436         2         4
413       433        20         7
412       420         8        20
412       435        23         5
414       421         7        19
430       438         8         2
422       430         8        10
39       435       396         5
429       437         8         3
414       427        13        13
418       439        21         1
412       436        24         4
37       439       402         1
196       438       242         2
202       433       231         7
226       438       212         2
414       429        15        11
33       422       389        18
431       439         8         1
428       433         5         7
412       430        18        10
435       436         1         4
417       436        19         4
428       436         8         4
419       436        17         4
286       424       138        16
426       432         6         8
428       438        10         2
428       436         8         4
427       433         6         7
393       414        21        26
427       435         8         5
409       429        20        11
419       431        12         9
422       426         4        14
437       438         1         2
436       439         3         1
438       439         1         1
424       437        13         3
417       430        13        10
428       436         8         4
433       437         4         3
419       423         4        17
26       432       406         8
204       425       221        15
418       433        15         7
405       431        26         9
433       435         2         5
390       428        38        12
430       432         2         8
434       438         4         2
429       439        10         1
422       426         4        14
433       436         3         4
429       436         7         4
432       434         2         6
436       438         2         2
37       265       228       175
433       434         1         6
40       433       393         7
22       432       410         8
431       433         2         7
437       439         2         1
408       428        20        12
236       439       203         1
423       432         9         8
422       436        14         4
424       437        13         3
264       438       174         2
420       425         5        15
282       439       157         1
433       436         3         4
244       437       193         3
404       439        35         1
36       434       398         6
277       439       162         1
421       430         9        10
419       433        14         7
38       412       374        28
435       436         1         4
428       433         5         7
426       428         2        12
435       438         3         2
427       433         6         7
419       426         7        14
436       439         3         1
407       427        20        13
425       431         6         9
195       439       244         1
37       420       383        20
415       417         2        23
415       430        15        10
407       436        29         4
436       438         2         2
9       418       409        22
31       430       399        10
234       437       203         3
263       421       158        19
431       435         4         5
281       426       145        14
428       434         6         6
437       439         2         1
428       437         9         3
243       432       189         8
275       439       164         1
422       438        16         2
32       416       384        24
244       404       160        36
415       437        22         3
413       431        18         9
241       426       185        14
7       421       414        19
30       435       405         5
438       439         1         1
428       437         9         3
230       438       208         2
432       438         6         2
420       436        16         4
414       428        14        12
418       438        20         2
426       439        13         1
429       436         7         4
386       416        30        24
427       439        12         1
429       433         4         7
434       437         3         3
394       434        40         6
423       436        13         4
428       433         5         7
432       436         4         4
419       423         4        17
420       432        12         8
435       437         2         3
434       437         3         3
433       439         6         1
35       437       402         3
281       423       142        17
433       438         5         2
423       435        12         5
425       435        10         5
416       431        15         9
420       432        12         8
431       432         1         8
201       439       238         1
437       439         2         1
426       437        11         3
386       400        14        40
34       421       387        19
419       438        19         2
410       436        26         4
198       422       224        18
419       434        15         6
403       419        16        21
438       439         1         1
422       430         8        10
437       439         2         1
38       426       388        14
418       435        17         5
435       436         1         4
430       432         2         8
204       428       224        12
432       433         1         7
400       423        23        17
409       433        24         7
14       421       407        19
37       438       401         2
422       425         3        15
431       434         3         6
433       435         2         5
427       429         2        11
416       435        19         5
423       428         5        12
409       436        27         4
421       431        10         9
419       438        19         2
423       435        12         5
436       439         3         1
276       426       150        14
428       435         7         5
433       439         6         1
419       433        14         7
199       421       222        19
411       425        14        15
408       438        30         2
31       439       408         1
408       428        20        12
432       433         1         7
415       437        22         3
18       437       419         3
419       431        12         9
411       418         7        22
428       434         6         6
40       434       394         6
406       421        15        19
40       437       397         3
416       421         5        19
436       439         3         1
435       437         2         3
431       432         1         8
435       438         3         2
430       433         3         7
29       393       364        47
436       439         3         1
24       438       414         2
426       436        10         4
427       439        12         1
229       428       199        12
426       430         4        10
40       428       388        12
26       420       394        20
434       436         2         4
40       434       394         6
435       439         4         1
35       428       393        12
430       437         7         3
433       437         4         3
35       439       404         1
430       439         9         1
426       436        10         4
204       405       201        35
434       437         3         3
428       436         8         4
404       409         5        31
432       436         4         4
427       439        12         1
417       421         4        19
424       436        12         4
428       433         5         7
424       429         5        11
419       421         2        19
424       433         9         7
231       436       205         4
415       431        16         9
429       437         8         3
413       436        23         4
244       400       156        40
424       434        10         6
400       410        10        30
40       433       393         7
38       438       400         2
373       437        64         3
413       436        23         4
438       439         1         1
412       430        18        10
37       437       400         3
396       420        24        20
242       411       169        29
429       437         8         3
436       437         1         3
412       438        26         2
423       426         3        14
433       435         2         5
427       439        12         1
436       438         2         2
423       424         1        16
423       432         9         8
414       433        19         7
424       439        15         1
415       418         3        22
414       433        19         7
23       439       416         1
424       432         8         8
421       438        17         2
429       430         1        10
428       438        10         2
410       439        29         1
423       439        16         1
437       438         1         2
422       438        16         2
422       425         3        15
38        40         2       400
429       439        10         1
434       437         3         3
411       420         9        20
423       431         8         9
435       438         3         2
430       431         1         9
434       439         5         1
429       439        10         1
413       439        26         1
24       432       408         8
194       434       240         6
437       438         1         2
436       439         3         1
9       431       422         9
402       439        37         1
31       417       386        23
420       424         4        16
433       434         1         6
431       433         2         7
412       434        22         6
436       437         1         3
415       420         5        20
424       431         7         9
373       434        61         6
429       432         3         8
427       434         7         6
423       434        11         6
425       436        11         4
429       430         1        10
406       429        23        11
34       416       382        24
421       439        18         1
420       430        10        10
432       438         6         2
428       435         7         5
432       434         2         6
36       438       402         2
422       439        17         1
377       424        47        16
431       435         4         5
421       434        13         6
263       431       168         9
425       436        11         4
402       415        13        25
32       438       406         2
401       423        22        17
37       427       390        13
239       439       200         1
420       436        16         4
244       438       194         2
423       438        15         2
232       425       193        15
425       426         1        14
428       436         8         4
436       438         2         2
425       439        14         1
426       429         3        11
28       435       407         5
437       439         2         1
431       435         4         5
424       432         8         8
409       423        14        17
430       432         2         8
433       439         6         1
434       439         5         1
426       436        10         4
271       409       138        31
435       437         2         3
438       439         1         1
30       419       389        21
414       436        22         4
40       420       380        20
425       430         5        10
392       424        32        16
432       435         3         5
424       437        13         3
428       437         9         3
438       439         1         1
407       436        29         4
407       418        11        22
420       421         1        19
423       426         3        14
429       432         3         8
419       421         2        19
429       435         6         5
237       439       202         1
284       428       144        12
405       435        30         5
428       438        10         2
427       437        10         3
244       431       187         9
434       437         3         3
360       425        65        15
425       435        10         5
37       422       385        18
418       438        20         2
411       432        21         8
429       434         5         6
38       433       395         7
393       436        43         4
433       437         4         3
412       437        25         3
437       439         2         1
435       439         4         1
421       422         1        18
284       423       139        17
435       438         3         2
411       426        15        14
405       416        11        24
416       418         2        22
437       438         1         2
228       424       196        16
387       416        29        24
416       421         5        19
274       433       159         7
391       426        35        14
420       439        19         1
436       438         2         2
415       426        11        14
390       429        39        11
431       438         7         2
430       439         9         1
232       437       205         3
433       435         2         5
412       413         1        27
400       428        28        12
418       432        14         8
37       198       161       242
424       438        14         2
242       429       187        11
428       431         3         9
421       430         9        10
284       411       127        29
417       424         7        16
430       432         2         8
437       438         1         2
437       438         1         2
434       439         5         1
39       434       395         6
34       434       400         6
35       429       394        11
425       438        13         2
406       408         2        32
420       428         8        12
402       438        36         2
420       437        17         3
217       424       207        16
427       432         5         8
421       430         9        10
415       434        19         6
380       429        49        11
203       427       224        13
438       439         1         1
234       437       203         3
432       439         7         1
433       436         3         4
426       439        13         1
435       439         4         1
398       438        40         2
438       439         1         1
199       426       227        14
424       438        14         2
427       434         7         6
408       432        24         8
403       434        31         6
424       434        10         6
428       429         1        11
411       431        20         9
421       423         2        17
419       435        16         5
418       439        21         1
435       439         4         1
427       433         6         7
411       432        21         8
428       434         6         6
27       438       411         2
412       417         5        23
195       393       198        47
431       438         7         2
424       428         4        12
420       436        16         4
420       427         7        13
418       439        21         1
428       437         9         3
422       433        11         7
430       431         1         9
424       427         3        13
285       438       153         2
427       437        10         3
410       434        24         6
245       436       191         4
427       438        11         2
430       434         4         6
6       438       432         2
36       439       403         1
431       438         7         2
409       439        30         1
194       438       244         2
421       432        11         8
243       414       171        26
436       439         3         1
425       430         5        10
276       434       158         6
434       435         1         5
40       431       391         9
438       439         1         1
427       433         6         7
1        38        37       402
423       427         4        13
280       439       159         1
423       434        11         6
36       362       326        78
280       433       153         7
436       439         3         1
429       438         9         2
420       436        16         4
413       436        23         4
420       426         6        14
435       437         2         3
416       439        23         1
241       420       179        20
406       432        26         8
426       438        12         2
417       439        22         1
430       439         9         1
28       439       411         1
427       438        11         2
38       439       401         1
436       439         3         1
40       431       391         9
433       437         4         3
436       438         2         2
421       433        12         7
435       436         1         4
419       436        17         4
407       424        17        16
6       410       404        30
435       438         3         2
413       437        24         3
37       406       369        34
437       438         1         2
420       429         9        11
410       437        27         3
29       427       398        13
196       434       238         6
416       427        11        13
432       437         5         3
405       439        34         1
428       437         9         3
420       435        15         5
37       428       391        12
433       439         6         1
418       421         3        19
404       439        35         1
226       436       210         4
429       431         2         9
425       438        13         2
34       434       400         6
28       432       404         8
423       438        15         2
397       426        29        14
37       388       351        52
428       431         3         9
411       438        27         2
34       438       404         2
420       428         8        12
433       437         4         3
414       432        18         8
411       431        20         9
429       431         2         9
429       434         5         6
426       438        12         2
435       436         1         4
427       439        12         1
36       412       376        28
434       438         4         2
404       427        23        13
422       434        12         6
431       435         4         5
423       431         8         9
418       439        21         1
433       437         4         3
434       438         4         2
408       424        16        16
394       430        36        10
431       437         6         3
407       433        26         7
422       428         6        12
413       434        21         6
413       431        18         9
40       431       391         9
415       416         1        24
435       436         1         4
427       439        12         1
276       438       162         2
273       427       154        13
422       435        13         5
397       435        38         5
431       438         7         2
431       439         8         1
428       436         8         4
430       437         7         3
39       425       386        15
436       438         2         2
414       429        15        11
423       428         5        12
404       437        33         3
32       435       403         5
436       439         3         1
400       405         5        35
416       428        12        12
201       430       229        10
429       432         3         8
29       428       399        12
423       438        15         2
428       429         1        11
414       435        21         5
428       435         7         5
418       426         8        14
430       435         5         5
431       432         1         8
423       428         5        12
276       435       159         5
28       439       411         1
422       431         9         9
429       432         3         8
424       435        11         5
412       416         4        24
432       439         7         1
410       414         4        26
431       436         5         4
438       439         1         1
412       438        26         2
241       436       195         4
26       439       413         1
418       437        19         3
434       438         4         2
429       432         3         8
433       434         1         6
432       437         5         3
425       437        12         3
281       428       147        12
426       438        12         2
24       433       409         7
37       437       400         3
414       437        23         3
436       439         3         1
19       433       414         7
420       421         1        19
393       431        38         9
403       430        27        10
424       428         4        12
418       430        12        10
432       435         3         5
425       438        13         2
426       436        10         4
434       437         3         3
22       433       411         7
433       438         5         2
394       430        36        10
374       430        56        10
438       439         1         1
433       439         6         1
431       439         8         1
17       417       400        23
424       437        13         3
424       427         3        13
425       436        11         4
195       426       231        14
394       437        43         3
415       439        24         1
427       429         2        11
438       439         1         1
406       428        22        12
413       434        21         6
432       436         4         4
407       438        31         2
433       437         4         3
435       436         1         4
433       439         6         1
424       434        10         6
385       433        48         7
429       437         8         3
438       439         1         1
423       439        16         1
392       427        35        13
239       431       192         9
433       439         6         1
413       419         6        21
419       436        17         4
414       436        22         4
433       437         4         3
35       436       401         4
416       419         3        21
32       432       400         8
427       432         5         8
203       431       228         9
431       433         2         7
38       437       399         3
30       429       399        11
412       422        10        18
422       430         8        10
430       431         1         9
38       429       391        11
429       434         5         6
420       427         7        13
423       437        14         3
25       406       381        34
424       433         9         7
40       430       390        10
414       436        22         4
429       431         2         9
419       430        11        10
433       439         6         1
408       434        26         6
427       438        11         2
425       439        14         1
426       438        12         2
411       439        28         1
416       437        21         3
36       427       391        13
433       437         4         3
435       439         4         1
240       424       184        16
424       434        10         6
424       433         9         7
235       426       191        14
36       439       403         1
412       413         1        27
424       434        10         6
423       435        12         5
