451       463        12         1
410       455        45         9
449       454         5        10
404       443        39        21
426       460        34         4
437       447        10        17
452       454         2        10
434       456        22         8
407       441        34        23
41       462       421         2
447       462        15         2
437       443         6        21
414       416         2        48
460       463         3         1
458       460         2         4
37       459       422         5
454       459         5         5
25       440       415        24
440       463        23         1
443       461        18         3
6       451       445        13
461       462         1         2
455       460         5         4
423       461        38         3
33       461       428         3
35       457       422         7
452       463        11         1
454       462         8         2
42       458       416         6
455       462         7         2
438       454        16        10
19       463       444         1
37       462       425         2
441       462        21         2
43       455       412         9
461       462         1         2
459       463         4         1
446       463        17         1
38       463       425         1
444       460        16         4
401       461        60         3
11       463       452         1
428       444        16        20
427       428         1        36
355       439        84        25
427       461        34         3
443       463        20         1
427       429         2        35
427       431         4        33
42       463       421         1
456       462         6         2
442       451         9        13
453       461         8         3
39       443       404        21
430       461        31         3
251       460       209         4
28       433       405        31
443       448         5        16
458       461         3         3
36       447       411        17
43       460       417         4
462       463         1         1
449       458         9         6
450       453         3        11
32       454       422        10
442       459        17         5
430       441        11        23
444       462        18         2
416       443        27        21
35       459       424         5
452       457         5         7
442       460        18         4
433       462        29         2
409       444        35        20
8       452       444        12
429       463        34         1
28       458       430         6
38       428       390        36
449       451         2        13
15       439       424        25
452       453         1        11
435       439         4        25
439       447         8        17
417       463        46         1
426       444        18        20
455       458         3         6
23       462       439         2
440       459        19         5
246       462       216         2
456       462         6         2
34       456       422         8
422       426         4        38
442       449         7        15
453       455         2         9
29       461       432         3
435       462        27         2
433       437         4        27
439       447         8        17
457       458         1         6
453       462         9         2
448       459        11         5
428       429         1        35
436       457        21         7
23       455       432         9
453       458         5         6
428       431         3        33
425       455        30         9
432       463        31         1
421       454        33        10
447       457        10         7
252       454       202        10
448       461        13         3
431       440         9        24
440       455        15         9
422       458        36         6
450       462        12         2
249       436       187        28
37       455       418         9
446       459        13         5
455       462         7         2
408       443        35        21
459       462         3         2
247       449       202        15
408       443        35        21
440       458        18         6
446       452         6        12
461       462         1         2
256       457       201         7
440       451        11        13
445       446         1        18
40       402       362        62
458       462         4         2
456       461         5         3
450       451         1        13
450       453         3        11
25       443       418        21
429       441        12        23
379       457        78         7
443       459        16         5
455       458         3         6
429       451        22        13
35       451       416        13
425       461        36         3
42       459       417         5
441       456        15         8
424       463        39         1
40       435       395        29
456       463         7         1
428       441        13        23
443       451         8        13
454       459         5         5
449       459        10         5
457       460         3         4
460       463         3         1
443       451         8        13
258       461       203         3
443       457        14         7
33       451       418        13
31       458       427         6
459       461         2         3
419       445        26        19
261       461       200         3
434       455        21         9
396       431        35        33
29       455       426         9
448       463        15         1
428       430         2        34
259       457       198         7
40       448       408        16
251       458       207         6
432       446        14        18
40       248       208       216
407       460        53         4
429       451        22        13
36       462       426         2
40       430       390        34
445       451         6        13
446       462        16         2
452       462        10         2
21       463       442         1
434       440         6        24
461       463         2         1
446       454         8        10
440       459        19         5
457       459         2         5
456       462         6         2
452       458         6         6
438       446         8        18
43       411       368        53
450       458         8         6
25       423       398        41
461       463         2         1
458       461         3         3
448       449         1        15
454       457         3         7
430       462        32         2
453       459         6         5
435       445        10        19
459       462         3         2
432       456        24         8
250       461       211         3
37       457       420         7
437       456        19         8
442       454        12        10
43       461       418         3
41       423       382        41
433       455        22         9
42       456       414         8
404       429        25        35
462       463         1         1
443       458        15         6
434       457        23         7
443       445         2        19
443       446         3        18
453       462         9         2
447       448         1        16
449       458         9         6
425       440        15        24
15       462       447         2
41       431       390        33
42       438       396        26
455       460         5         4
436       456        20         8
424       460        36         4
453       457         4         7
411       457        46         7
426       435         9        29
457       463         6         1
438       448        10        16
455       463         8         1
416       453        37        11
424       451        27        13
444       445         1        19
454       458         4         6
38       458       420         6
432       440         8        24
429       463        34         1
403       461        58         3
361       451        90        13
451       461        10         3
40       454       414        10
433       445        12        19
38       448       410        16
39       441       402        23
450       454         4        10
456       462         6         2
452       457         5         7
439       448         9        16
459       463         4         1
439       451        12        13
454       455         1         9
443       461        18         3
407       429        22        35
439       457        18         7
458       461         3         3
454       456         2         8
442       463        21         1
460       462         2         2
382       424        42        40
451       454         3        10
456       460         4         4
455       461         6         3
423       439        16        25
454       458         4         6
450       452         2        12
454       463         9         1
458       461         3         3
398       462        64         2
460       462         2         2
37       449       412        15
30       448       418        16
458       461         3         3
430       461        31         3
33       442       409        22
419       463        44         1
452       458         6         6
40       444       404        20
429       463        34         1
451       463        12         1
430       463        33         1
423       426         3        38
40       434       394        30
446       449         3        15
435       451        16        13
456       460         4         4
445       455        10         9
435       446        11        18
35       460       425         4
422       454        32        10
448       456         8         8
459       461         2         3
433       462        29         2
395       418        23        46
449       461        12         3
261       452       191        12
456       461         5         3
434       461        27         3
460       463         3         1
458       463         5         1
439       457        18         7
41       415       374        49
455       460         5         4
43       462       419         2
7       414       407        50
459       463         4         1
430       453        23        11
441       442         1        22
433       449        16        15
459       462         3         2
440       453        13        11
452       454         2        10
455       457         2         7
404       434        30        30
457       459         2         5
461       463         2         1
422       434        12        30
36       461       425         3
402       457        55         7
43       461       418         3
34       443       409        21
460       462         2         2
442       459        17         5
440       454        14        10
453       462         9         2
446       454         8        10
458       463         5         1
453       457         4         7
441       460        19         4
458       463         5         1
452       461         9         3
42       458       416         6
28       450       422        14
430       439         9        25
448       463        15         1
431       434         3        30
436       443         7        21
459       463         4         1
444       451         7        13
37       453       416        11
426       430         4        34
33       459       426         5
447       448         1        16
437       459        22         5
440       456        16         8
435       446        11        18
456       458         2         6
456       459         3         5
42       449       407        15
435       446        11        18
451       463        12         1
415       459        44         5
446       462        16         2
453       462         9         2
443       449         6        15
454       462         8         2
453       463        10         1
405       448        43        16
434       458        24         6
451       452         1        12
455       463         8         1
441       460        19         4
411       425        14        39
451       458         7         6
39       460       421         4
454       459         5         5
445       447         2        17
450       462        12         2
460       463         3         1
420       429         9        35
447       458        11         6
455       462         7         2
456       460         4         4
456       461         5         3
459       462         3         2
431       456        25         8
399       463        64         1
459       463         4         1
430       451        21        13
39       415       376        49
429       430         1        34
443       462        19         2
256       454       198        10
459       460         1         4
448       450         2        14
435       456        21         8
41       448       407        16
459       463         4         1
455       456         1         8
446       460        14         4
459       460         1         4
41       457       416         7
435       445        10        19
445       450         5        14
34       463       429         1
33       455       422         9
425       461        36         3
455       460         5         4
445       450         5        14
29       455       426         9
444       460        16         4
32       451       419        13
450       463        13         1
446       458        12         6
459       462         3         2
251       453       202        11
445       463        18         1
448       463        15         1
7       459       452         5
396       457        61         7
459       462         3         2
430       432         2        32
37       448       411        16
38       391       353        73
444       450         6        14
420       462        42         2
456       460         4         4
446       462        16         2
430       443        13        21
39       456       417         8
440       463        23         1
434       462        28         2
29       248       219       216
455       461         6         3
447       456         9         8
461       463         2         1
442       451         9        13
433       452        19        12
442       446         4        18
447       451         4        13
459       461         2         3
449       455         6         9
449       462        13         2
437       462        25         2
39       463       424         1
436       457        21         7
400       453        53        11
254       257         3       207
456       458         2         6
431       443        12        21
457       461         4         3
454       463         9         1
35       447       412        17
443       454        11        10
454       460         6         4
450       456         6         8
9       462       453         2
454       457         3         7
434       458        24         6
431       452        21        12
455       462         7         2
11       462       451         2
31       453       422        11
31       456       425         8
427       459        32         5
457       461         4         3
450       453         3        11
456       460         4         4
444       456        12         8
411       429        18        35
449       461        12         3
4       450       446        14
425       444        19        20
453       456         3         8
459       462         3         2
41       463       422         1
458       463         5         1
457       459         2         5
459       460         1         4
415       458        43         6
449       451         2        13
455       460         5         4
451       454         3        10
402       432        30        32
432       463        31         1
38       457       419         7
452       460         8         4
456       458         2         6
450       463        13         1
457       459         2         5
35       461       426         3
452       463        11         1
461       463         2         1
446       453         7        11
440       451        11        13
462       463         1         1
424       463        39         1
41       462       421         2
442       451         9        13
447       454         7        10
435       458        23         6
43       450       407        14
459       460         1         4
442       455        13         9
449       451         2        13
255       446       191        18
444       461        17         3
457       458         1         6
447       458        11         6
16       458       442         6
406       416        10        48
455       462         7         2
459       463         4         1
457       460         3         4
460       461         1         3
448       456         8         8
392       420        28        44
454       460         6         4
461       462         1         2
453       463        10         1
438       461        23         3
36       450       414        14
43       460       417         4
43       413       370        51
457       460         3         4
33       453       420        11
260       429       169        35
446       452         6        12
459       461         2         3
455       463         8         1
30       443       413        21
460       461         1         3
259       461       202         3
443       459        16         5
432       457        25         7
457       463         6         1
449       458         9         6
427       454        27        10
449       458         9         6
454       461         7         3
43       452       409        12
454       463         9         1
460       462         2         2
37       417       380        47
442       454        12        10
454       463         9         1
435       463        28         1
459       463         4         1
411       463        52         1
441       452        11        12
31       462       431         2
431       444        13        20
438       458        20         6
43       436       393        28
443       462        19         2
254       450       196        14
30       426       396        38
387       408        21        56
426       453        27        11
433       462        29         2
413       427        14        37
437       447        10        17
448       463        15         1
441       463        22         1
451       453         2        11
433       450        17        14
438       463        25         1
459       462         3         2
423       456        33         8
462       463         1         1
406       434        28        30
435       461        26         3
427       461        34         3
443       453        10        11
405       462        57         2
441       442         1        22
442       455        13         9
451       456         5         8
21       440       419        24
443       450         7        14
455       457         2         7
262       460       198         4
415       459        44         5
457       462         5         2
438       460        22         4
28       423       395        41
458       463         5         1
429       461        32         3
449       461        12         3
451       457         6         7
257       414       157        50
43       456       413         8
453       459         6         5
459       463         4         1
436       439         3        25
257       450       193        14
461       463         2         1
416       431        15        33
455       463         8         1
440       457        17         7
444       459        15         5
423       449        26        15
432       441         9        23
423       454        31        10
26       461       435         3
447       458        11         6
430       458        28         6
439       447         8        17
36       461       425         3
462       463         1         1
451       455         4         9
457       461         4         3
28       456       428         8
422       431         9        33
396       444        48        20
454       460         6         4
435       453        18        11
460       461         1         3
447       450         3        14
43       458       415         6
398       446        48        18
425       463        38         1
422       452        30        12
406       443        37        21
434       440         6        24
433       458        25         6
447       449         2        15
435       460        25         4
42       460       418         4
461       462         1         2
428       436         8        28
454       457         3         7
456       457         1         7
455       456         1         8
457       463         6         1
430       444        14        20
441       453        12        11
452       460         8         4
459       460         1         4
450       457         7         7
440       450        10        14
450       454         4        10
429       447        18        17
460       463         3         1
434       457        23         7
461       463         2         1
457       462         5         2
437       460        23         4
437       451        14        13
433       438         5        26
450       456         6         8
459       462         3         2
459       463         4         1
443       454        11        10
404       440        36        24
416       423         7        41
442       453        11        11
37       442       405        22
440       463        23         1
33       431       398        33
448       450         2        14
442       460        18         4
452       457         5         7
444       448         4        16
436       448        12        16
407       452        45        12
442       459        17         5
445       463        18         1
442       460        18         4
425       439        14        25
437       461        24         3
403       460        57         4
441       455        14         9
430       458        28         6
449       458         9         6
431       462        31         2
430       432         2        32
401       446        45        18
428       463        35         1
461       462         1         2
451       458         7         6
446       457        11         7
433       462        29         2
453       459         6         5
448       453         5        11
457       458         1         6
458       462         4         2
450       459         9         5
41       430       389        34
452       458         6         6
444       448         4        16
455       459         4         5
460       463         3         1
417       460        43         4
444       446         2        18
457       458         1         6
451       461        10         3
442       463        21         1
444       452         8        12
391       462        71         2
423       461        38         3
454       459         5         5
454       462         8         2
452       460         8         4
31       455       424         9
422       451        29        13
447       460        13         4
430       432         2        32
39       421       382        43
418       433        15        31
445       462        17         2
423       446        23        18
453       455         2         9
33       450       417        14
448       453         5        11
436       447        11        17
450       451         1        13
451       459         8         5
447       458        11         6
439       461        22         3
441       461        20         3
422       463        41         1
456       460         4         4
461       463         2         1
437       453        16        11
440       461        21         3
431       456        25         8
433       460        27         4
405       423        18        41
33       443       410        21
450       463        13         1
441       443         2        21
10       460       450         4
451       460         9         4
33       405       372        59
432       437         5        27
458       460         2         4
459       463         4         1
452       456         4         8
451       454         3        10
446       454         8        10
259       443       184        21
37       415       378        49
443       453        10        11
446       457        11         7
458       463         5         1
7       452       445        12
454       456         2         8
459       463         4         1
461       462         1         2
441       451        10        13
436       460        24         4
438       452        14        12
457       463         6         1
367       438        71        26
442       454        12        10
39       457       418         7
406       447        41        17
436       453        17        11
446       452         6        12
433       438         5        26
455       458         3         6
426       453        27        11
415       460        45         4
439       452        13        12
388       459        71         5
422       458        36         6
452       455         3         9
461       462         1         2
9        43        34       421
457       458         1         6
39       461       422         3
16       459       443         5
440       463        23         1
29       456       427         8
425       440        15        24
255       458       203         6
447       459        12         5
461       462         1         2
453       457         4         7
438       460        22         4
425       449        24        15
462       463         1         1
438       459        21         5
458       460         2         4
459       460         1         4
30       458       428         6
247       453       206        11
449       452         3        12
440       460        20         4
441       449         8        15
454       460         6         4
460       461         1         3
454       456         2         8
428       459        31         5
416       442        26        22
37       459       422         5
434       457        23         7
17       457       440         7
43       462       419         2
449       460        11         4
42       439       397        25
458       460         2         4
439       446         7        18
450       453         3        11
250       454       204        10
455       463         8         1
445       447         2        17
450       461        11         3
447       463        16         1
451       458         7         6
420       460        40         4
445       455        10         9
449       459        10         5
455       461         6         3
459       462         3         2
455       463         8         1
261       440       179        24
459       462         3         2
445       460        15         4
41       454       413        10
431       449        18        15
415       459        44         5
400       454        54        10
438       440         2        24
437       460        23         4
32       460       428         4
434       456        22         8
438       450        12        14
412       415         3        49
450       457         7         7
15       461       446         3
460       463         3         1
38       463       425         1
413       457        44         7
457       462         5         2
455       461         6         3
457       461         4         3
449       457         8         7
440       462        22         2
434       444        10        20
446       462        16         2
433       437         4        27
37       460       423         4
441       461        20         3
451       463        12         1
455       462         7         2
430       451        21        13
460       462         2         2
444       448         4        16
414       441        27        23
462       463         1         1
446       458        12         6
258       454       196        10
441       462        21         2
461       463         2         1
420       421         1        43
449       460        11         4
456       463         7         1
423       441        18        23
455       457         2         7
440       443         3        21
413       430        17        34
438       459        21         5
425       440        15        24
426       463        37         1
398       447        49        17
260       437       177        27
458       462         4         2
458       460         2         4
460       461         1         3
450       459         9         5
252       461       209         3
455       461         6         3
433       452        19        12
452       459         7         5
424       457        33         7
434       455        21         9
456       459         3         5
427       445        18        19
442       446         4        18
450       454         4        10
462       463         1         1
36       458       422         6
458       459         1         5
431       462        31         2
458       463         5         1
460       462         2         2
17       463       446         1
451       459         8         5
446       458        12         6
457       463         6         1
432       457        25         7
456       462         6         2
453       463        10         1
459       462         3         2
388       458        70         6
23       431       408        33
39       459       420         5
458       459         1         5
398       454        56        10
453       454         1        10
445       446         1        18
439       454        15        10
402       440        38        24
430       462        32         2
435       458        23         6
455       456         1         8
446       461        15         3
435       462        27         2
422       424         2        40
458       459         1         5
456       457         1         7
262       392       130        72
442       452        10        12
409       425        16        39
442       447         5        17
456       463         7         1
41       462       421         2
407       418        11        46
426       459        33         5
435       446        11        18
445       450         5        14
449       459        10         5
352       459       107         5
436       453        17        11
412       413         1        51
460       461         1         3
458       460         2         4
450       455         5         9
459       463         4         1
442       458        16         6
427       441        14        23
459       462         3         2
452       454         2        10
453       454         1        10
458       460         2         4
414       455        41         9
457       460         3         4
36       459       423         5
440       441         1        23
41       462       421         2
415       447        32        17
398       409        11        55
448       462        14         2
440       462        22         2
449       459        10         5
446       462        16         2
41       463       422         1
433       455        22         9
462       463         1         1
456       462         6         2
445       447         2        17
458       463         5         1
445       461        16         3
24       449       425        15
437       441         4        23
451       460         9         4
389       461        72         3
412       444        32        20
453       461         8         3
41       454       413        10
457       460         3         4
446       462        16         2
419       434        15        30
14       432       418        32
448       463        15         1
452       454         2        10
441       450         9        14
457       458         1         6
442       461        19         3
456       457         1         7
40       455       415         9
441       458        17         6
444       447         3        17
436       440         4        24
450       454         4        10
442       453        11        11
456       460         4         4
460       461         1         3
447       463        16         1
429       459        30         5
403       459        56         5
438       440         2        24
41       424       383        40
27       462       435         2
458       461         3         3
422       423         1        41
460       462         2         2
41       463       422         1
454       460         6         4
439       461        22         3
41       435       394        29
28       457       429         7
442       454        12        10
37       430       393        34
459       463         4         1
444       459        15         5
34       459       425         5
21       455       434         9
401       455        54         9
33       452       419        12
401       455        54         9
444       454        10        10
461       462         1         2
423       428         5        36
32       428       396        36
38       456       418         8
441       448         7        16
457       462         5         2
420       457        37         7
