375       376         1         2
345       358        13        20
359       370        11         8
369       376         7         2
350       370        20         8
365       377        12         1
365       373         8         5
370       371         1         7
374       376         2         2
371       374         3         4
195       351       156        27
347       358        11        20
32       376       344         2
331       354        23        24
340       347         7        31
355       377        22         1
362       370         8         8
367       373         6         5
376       377         1         1
357       363         6        15
365       374         9         4
371       373         2         5
371       376         5         2
362       366         4        12
374       376         2         2
205       367       162        11
348       377        29         1
363       366         3        12
376       377         1         1
7       367       360        11
364       370         6         8
33       365       332        13
356       361         5        17
370       375         5         3
362       374        12         4
363       365         2        13
353       369        16         9
361       376        15         2
372       374         2         4
343       363        20        15
375       377         2         1
373       375         2         3
373       374         1         4
372       376         4         2
372       374         2         4
236       374       138         4
199       351       152        27
20       361       341        17
372       376         4         2
368       377         9         1
22       357       335        21
359       366         7        12
365       369         4         9
362       366         4        12
369       376         7         2
344       375        31         3
203       348       145        30
233       377       144         1
366       375         9         3
352       364        12        14
373       374         1         4
237       377       140         1
369       372         3         6
337       371        34         7
364       373         9         5
349       372        23         6
33       377       344         1
366       367         1        11
358       367         9        11
376       377         1         1
32       367       335        11
368       371         3         7
185       366       181        12
370       376         6         2
363       372         9         6
373       376         3         2
373       377         4         1
342       360        18        18
376       377         1         1
360       375        15         3
369       377         8         1
203       370       167         8
30       377       347         1
351       369        18         9
352       374        22         4
376       377         1         1
353       354         1        24
361       375        14         3
370       376         6         2
31       377       346         1
24       377       353         1
364       369         5         9
368       370         2         8
372       377         5         1
369       377         8         1
369       372         3         6
352       376        24         2
356       363         7        15
32       375       343         3
364       377        13         1
339       349        10        29
368       372         4         6
343       373        30         5
368       374         6         4
355       356         1        22
346       357        11        21
373       374         1         4
364       371         7         7
236       366       130        12
367       371         4         7
369       375         6         3
348       377        29         1
355       356         1        22
373       377         4         1
367       369         2         9
374       377         3         1
369       374         5         4
354       374        20         4
33       362       329        16
357       377        20         1
192       374       182         4
364       365         1        13
355       368        13        10
24       377       353         1
375       377         2         1
203       375       172         3
374       377         3         1
361       362         1        16
362       376        14         2
361       377        16         1
332       366        34        12
359       374        15         4
367       372         5         6
365       371         6         7
350       361        11        17
27       362       335        16
212       365       153        13
354       358         4        20
368       373         5         5
225       360       135        18
30       372       342         6
32       376       344         2
32       371       339         7
361       376        15         2
357       376        19         2
366       371         5         7
363       377        14         1
359       370        11         8
363       371         8         7
375       377         2         1
371       376         5         2
364       375        11         3
368       373         5         5
367       375         8         3
367       377        10         1
373       377         4         1
32       377       345         1
353       365        12        13
368       369         1         9
28       363       335        15
371       376         5         2
352       377        25         1
352       372        20         6
33       368       335        10
360       370        10         8
350       372        22         6
33       375       342         3
364       375        11         3
361       369         8         9
367       371         4         7
373       376         3         2
367       373         6         5
372       375         3         3
359       370        11         8
321       354        33        24
368       374         6         4
346       354         8        24
356       373        17         5
334       358        24        20
365       373         8         5
370       374         4         4
359       364         5        14
365       371         6         7
199       376       177         2
376       377         1         1
370       377         7         1
32       377       345         1
365       370         5         8
202       377       175         1
354       376        22         2
367       371         4         7
28       371       343         7
370       371         1         7
358       376        18         2
373       375         2         3
370       377         7         1
347       372        25         6
357       359         2        19
365       373         8         5
371       372         1         6
362       375        13         3
27       376       349         2
375       376         1         2
373       375         2         3
353       376        23         2
31       372       341         6
371       373         2         5
364       372         8         6
370       372         2         6
361       377        16         1
371       375         4         3
376       377         1         1
358       375        17         3
364       373         9         5
369       372         3         6
371       376         5         2
21       349       328        29
370       372         2         6
25       366       341        12
326       372        46         6
374       376         2         2
33       376       343         2
358       373        15         5
373       374         1         4
360       371        11         7
353       372        19         6
30       376       346         2
370       376         6         2
350       375        25         3
356       376        20         2
349       377        28         1
362       369         7         9
373       377         4         1
25       354       329        24
32       375       343         3
372       377         5         1
362       374        12         4
17       376       359         2
237       356       119        22
225       359       134        19
364       367         3        11
360       369         9         9
372       374         2         4
374       377         3         1
372       377         5         1
363       376        13         2
369       377         8         1
368       373         5         5
369       373         4         5
362       366         4        12
368       374         6         4
366       369         3         9
363       366         3        12
345       351         6        27
374       377         3         1
375       377         2         1
33       367       334        11
356       374        18         4
352       359         7        19
365       371         6         7
25       375       350         3
374       376         2         2
13       376       363         2
31       371       340         7
200       352       152        26
359       373        14         5
360       364         4        14
360       371        11         7
370       376         6         2
362       367         5        11
16       375       359         3
365       376        11         2
362       365         3        13
369       375         6         3
358       372        14         6
347       360        13        18
357       375        18         3
354       368        14        10
233       373       140         5
365       377        12         1
363       364         1        14
32       370       338         8
367       376         9         2
361       375        14         3
30       370       340         8
368       376         8         2
367       375         8         3
365       366         1        12
368       370         2         8
32       377       345         1
368       376         8         2
370       371         1         7
346       371        25         7
359       372        13         6
373       376         3         2
365       372         7         6
363       372         9         6
349       369        20         9
372       376         4         2
352       362        10        16
365       367         2        11
32       375       343         3
202       376       174         2
375       376         1         2
375       377         2         1
369       370         1         8
364       370         6         8
364       377        13         1
362       364         2        14
18       341       323        37
363       376        13         2
371       376         5         2
31       367       336        11
223       376       153         2
236       374       138         4
363       366         3        12
372       377         5         1
370       373         3         5
370       372         2         6
354       367        13        11
373       376         3         2
33       373       340         5
358       368        10        10
370       377         7         1
366       377        11         1
366       374         8         4
341       377        36         1
373       377         4         1
368       377         9         1
374       375         1         3
365       376        11         2
369       371         2         7
370       377         7         1
354       363         9        15
341       371        30         7
375       377         2         1
370       371         1         7
234       374       140         4
372       373         1         5
373       375         2         3
30       373       343         5
195       360       165        18
374       375         1         3
33       350       317        28
23       362       339        16
365       374         9         4
345       361        16        17
374       376         2         2
366       372         6         6
366       375         9         3
201       377       176         1
341       371        30         7
237       375       138         3
354       355         1        23
367       375         8         3
358       370        12         8
16       373       357         5
359       368         9        10
367       370         3         8
191       375       184         3
23       377       354         1
28       339       311        39
366       374         8         4
367       369         2         9
362       364         2        14
361       365         4        13
32       367       335        11
366       375         9         3
356       361         5        17
363       370         7         8
373       376         3         2
371       375         4         3
369       377         8         1
365       372         7         6
364       371         7         7
353       360         7        18
368       377         9         1
31       368       337        10
370       377         7         1
375       377         2         1
363       371         8         7
340       358        18        20
358       370        12         8
357       376        19         2
202       376       174         2
367       377        10         1
374       376         2         2
348       375        27         3
350       351         1        27
369       374         5         4
368       376         8         2
360       376        16         2
341       377        36         1
366       377        11         1
346       372        26         6
367       377        10         1
365       376        11         2
375       377         2         1
375       377         2         1
370       372         2         6
205       374       169         4
374       375         1         3
368       370         2         8
356       367        11        11
376       377         1         1
374       375         1         3
370       377         7         1
373       377         4         1
370       376         6         2
361       365         4        13
367       368         1        10
200       369       169         9
231       377       146         1
360       366         6        12
362       365         3        13
372       376         4         2
362       365         3        13
234       373       139         5
184       355       171        23
367       377        10         1
373       377         4         1
372       377         5         1
330       358        28        20
367       375         8         3
355       377        22         1
375       376         1         2
360       376        16         2
369       374         5         4
368       372         4         6
375       376         1         2
26       376       350         2
30       359       329        19
368       372         4         6
33       375       342         3
365       368         3        10
370       374         4         4
192       360       168        18
372       376         4         2
374       377         3         1
376       377         1         1
358       365         7        13
371       375         4         3
366       377        11         1
336       348        12        30
370       376         6         2
341       370        29         8
368       370         2         8
364       367         3        11
376       377         1         1
367       370         3         8
372       374         2         4
364       373         9         5
187       371       184         7
351       356         5        22
348       349         1        29
27       367       340        11
32       364       332        14
32       369       337         9
355       376        21         2
361       375        14         3
31       377       346         1
373       376         3         2
349       376        27         2
368       371         3         7
369       373         4         5
359       369        10         9
376       377         1         1
354       359         5        19
361       375        14         3
360       372        12         6
361       377        16         1
372       373         1         5
374       376         2         2
354       370        16         8
375       376         1         2
352       353         1        25
357       370        13         8
373       377         4         1
368       375         7         3
370       377         7         1
360       376        16         2
367       371         4         7
202       375       173         3
362       370         8         8
370       372         2         6
360       377        17         1
368       374         6         4
345       365        20        13
32       373       341         5
373       375         2         3
364       377        13         1
234       373       139         5
367       371         4         7
354       369        15         9
346       372        26         6
371       372         1         6
373       376         3         2
365       370         5         8
351       376        25         2
362       369         7         9
361       365         4        13
364       373         9         5
366       375         9         3
374       375         1         3
351       370        19         8
370       374         4         4
367       377        10         1
373       376         3         2
372       376         4         2
365       366         1        12
366       367         1        11
366       374         8         4
354       368        14        10
375       377         2         1
356       376        20         2
360       377        17         1
349       362        13        16
370       373         3         5
364       377        13         1
360       373        13         5
367       376         9         2
371       373         2         5
370       374         4         4
358       361         3        17
371       375         4         3
373       374         1         4
367       376         9         2
368       375         7         3
365       368         3        10
366       377        11         1
363       370         7         8
375       377         2         1
199       377       178         1
196       369       173         9
370       373         3         5
366       368         2        10
368       377         9         1
27       362       335        16
368       377         9         1
232       375       143         3
364       369         5         9
196       372       176         6
373       376         3         2
370       377         7         1
356       373        17         5
369       376         7         2
236       367       131        11
369       374         5         4
360       373        13         5
375       377         2         1
234       375       141         3
368       377         9         1
374       376         2         2
357       377        20         1
199       375       176         3
193       376       183         2
230       371       141         7
368       371         3         7
31       375       344         3
370       377         7         1
27       373       346         5
30       375       345         3
326       331         5        47
25       358       333        20
363       365         2        13
32       364       332        14
366       376        10         2
360       362         2        16
361       377        16         1
26       375       349         3
372       375         3         3
32       351       319        27
369       377         8         1
348       354         6        24
372       374         2         4
375       377         2         1
350       376        26         2
24       349       325        29
369       377         8         1
198       375       177         3
361       369         8         9
366       373         7         5
372       373         1         5
368       375         7         3
366       374         8         4
342       367        25        11
202       377       175         1
235       371       136         7
361       365         4        13
347       368        21        10
232       235         3       143
353       356         3        22
370       372         2         6
202       366       164        12
352       361         9        17
368       369         1         9
374       375         1         3
357       373        16         5
369       374         5         4
357       372        15         6
367       374         7         4
369       374         5         4
362       367         5        11
373       377         4         1
370       373         3         5
356       372        16         6
234       350       116        28
335       343         8        35
370       375         5         3
359       370        11         8
361       373        12         5
369       377         8         1
351       352         1        26
361       367         6        11
369       372         3         6
319       337        18        41
374       375         1         3
366       376        10         2
25       350       325        28
374       376         2         2
365       371         6         7
370       375         5         3
198       370       172         8
376       377         1         1
362       366         4        12
20       375       355         3
371       376         5         2
372       373         1         5
373       375         2         3
357       364         7        14
32       374       342         4
343       359        16        19
236       371       135         7
29       375       346         3
376       377         1         1
359       371        12         7
367       377        10         1
354       367        13        11
361       368         7        10
339       372        33         6
373       377         4         1
366       374         8         4
363       372         9         6
358       366         8        12
329       371        42         7
370       373         3         5
32       369       337         9
371       377         6         1
367       374         7         4
364       365         1        13
364       375        11         3
351       371        20         7
354       362         8        16
367       372         5         6
367       373         6         5
370       372         2         6
368       372         4         6
350       362        12        16
374       376         2         2
28       374       346         4
357       375        18         3
33       362       329        16
345       372        27         6
354       367        13        11
181       374       193         4
371       377         6         1
357       376        19         2
368       372         4         6
372       377         5         1
362       365         3        13
369       377         8         1
185       365       180        13
365       376        11         2
376       377         1         1
369       376         7         2
343       345         2        33
370       377         7         1
359       377        18         1
365       366         1        12
351       352         1        26
374       377         3         1
367       372         5         6
363       372         9         6
190       365       175        13
347       353         6        25
376       377         1         1
26       191       165       187
27       367       340        11
367       377        10         1
351       365        14        13
376       377         1         1
349       352         3        26
372       374         2         4
31       371       340         7
365       372         7         6
369       377         8         1
19       370       351         8
370       371         1         7
372       377         5         1
23        27         4       351
362       377        15         1
352       361         9        17
344       365        21        13
203       377       174         1
224       376       152         2
18       349       331        29
372       373         1         5
358       369        11         9
365       372         7         6
370       374         4         4
374       377         3         1
369       376         7         2
353       361         8        17
354       360         6        18
237       357       120        21
345       368        23        10
182       371       189         7
363       372         9         6
353       372        19         6
370       375         5         3
32       366       334        12
237       371       134         7
372       373         1         5
234       361       127        17
369       371         2         7
360       362         2        16
370       374         4         4
366       370         4         8
369       376         7         2
357       366         9        12
201       356       155        22
373       374         1         4
361       364         3        14
364       370         6         8
371       374         3         4
369       374         5         4
349       355         6        23
326       377        51         1
224       359       135        19
359       368         9        10
373       374         1         4
371       372         1         6
349       377        28         1
352       370        18         8
367       374         7         4
359       363         4        15
369       374         5         4
348       350         2        28
367       373         6         5
373       374         1         4
361       374        13         4
371       375         4         3
354       370        16         8
359       370        11         8
17       370       353         8
359       360         1        18
375       377         2         1
356       368        12        10
360       363         3        15
236       371       135         7
365       368         3        10
366       376        10         2
200       367       167        11
33       370       337         8
367       371         4         7
363       364         1        14
353       370        17         8
369       372         3         6
236       375       139         3
27       235       208       143
202       377       175         1
371       375         4         3
365       375        10         3
361       377        16         1
364       371         7         7
358       374        16         4
221       357       136        21
368       372         4         6
364       368         4        10
356       374        18         4
370       377         7         1
373       377         4         1
371       373         2         5
363       372         9         6
376       377         1         1
350       373        23         5
368       374         6         4
356       359         3        19
365       366         1        12
351       374        23         4
197       376       179         2
365       375        10         3
222       376       154         2
237       364       127        14
30       376       346         2
369       375         6         3
346       365        19        13
14       374       360         4
354       366        12        12
373       376         3         2
352       368        16        10
375       377         2         1
369       377         8         1
366       373         7         5
366       368         2        10
371       374         3         4
374       377         3         1
365       368         3        10
376       377         1         1
32       368       336        10
361       362         1        16
361       372        11         6
364       373         9         5
333       377        44         1
367       377        10         1
365       377        12         1
31       371       340         7
185       360       175        18
365       373         8         5
237       368       131        10
362       368         6        10
367       375         8         3
340       359        19        19
360       364         4        14
370       371         1         7
337       368        31        10
369       374         5         4
362       377        15         1
354       377        23         1
355       368        13        10
368       370         2         8
360       370        10         8
353       375        22         3
195       371       176         7
375       377         2         1
371       375         4         3
366       375         9         3
340       355        15        23
27       363       336        15
236       371       135         7
366       370         4         8
227       368       141        10
28       357       329        21
344       372        28         6
356       373        17         5
364       370         6         8
347       370        23         8
346       348         2        30
362       370         8         8
368       377         9         1
371       377         6         1
363       376        13         2
373       377         4         1
370       377         7         1
369       377         8         1
368       370         2         8
365       375        10         3
197       372       175         6
370       375         5         3
33       366       333        12
355       358         3        20
357       368        11        10
359       371        12         7
359       368         9        10
367       369         2         9
230       369       139         9
374       376         2         2
362       374        12         4
372       374         2         4
360       370        10         8
375       376         1         2
366       367         1        11
365       368         3        10
359       367         8        11
357       359         2        19
349       357         8        21
368       376         8         2
345       367        22        11
369       371         2         7
374       376         2         2
370       377         7         1
361       363         2        15
367       377        10         1
364       376        12         2
353       365        12        13
25       350       325        28
360       374        14         4
32       349       317        29
197       200         3       178
367       375         8         3
363       373        10         5
30       376       346         2
25       370       345         8
203       368       165        10
365       376        11         2
369       375         6         3
349       374        25         4
33       369       336         9
358       371        13         7
237       368       131        10
365       369         4         9
360       377        17         1
358       362         4        16
347       351         4        27
352       354         2        24
366       367         1        11
234       361       127        17
30       376       346         2
201       377       176         1
19       357       338        21
360       365         5        13
369       377         8         1
25       371       346         7
359       363         4        15
365       372         7         6
370       376         6         2
370       374         4         4
368       377         9         1
356       374        18         4
333       375        42         3
375       376         1         2
199       373       174         5
369       377         8         1
368       371         3         7
360       371        11         7
362       366         4        12
351       375        24         3
346       375        29         3
372       377         5         1
374       376         2         2
370       372         2         6
29       371       342         7
374       375         1         3
236       369       133         9
352       373        21         5
372       375         3         3
339       367        28        11
374       377         3         1
364       376        12         2
366       372         6         6
358       368        10        10
351       359         8        19
362       363         1        15
189       361       172        17
361       371        10         7
368       369         1         9
336       370        34         8
375       376         1         2
366       376        10         2
365       368         3        10
371       375         4         3
369       370         1         8
371       377         6         1
352       369        17         9
344       351         7        27
349       356         7        22
355       376        21         2
371       377         6         1
358       376        18         2
348       377        29         1
374       377         3         1
31       346       315        32
365       367         2        11
358       370        12         8
365       372         7         6
361       376        15         2
365       367         2        11
197       373       176         5
368       376         8         2
357       369        12         9
33       372       339         6
364       377        13         1
371       376         5         2
367       368         1        10
353       376        23         2
348       372        24         6
374       376         2         2
24       358       334        20
193       372       179         6
369       372         3         6
17       375       358         3
9       376       367         2
358       371        13         7
202       360       158        18
23       369       346         9
362       369         7         9
361       375        14         3
372       373         1         5
373       376         3         2
357       370        13         8
360       371        11         7
226       368       142        10
371       375         4         3
370       373         3         5
370       376         6         2
359       363         4        15
376       377         1         1
376       377         1         1
346       359        13        19
365       367         2        11
