405       407         2         2
396       398         2        11
395       396         1        13
396       408        12         1
388       408        20         1
39       408       369         1
21       408       387         1
400       404         4         5
389       405        16         4
406       407         1         2
403       404         1         5
191       395       204        14
192       403       211         6
392       405        13         4
399       402         3         7
391       408        17         1
401       405         4         4
383       406        23         3
376       405        29         4
400       403         3         6
405       406         1         3
31       200       169       209
23       406       383         3
399       408         9         1
385       406        21         3
235       407       172         2
381       403        22         6
399       402         3         7
26       401       375         8
384       390         6        19
382       407        25         2
404       406         2         3
39       400       361         9
384       399        15        10
402       403         1         6
199       396       197        13
38       404       366         5
398       404         6         5
195       404       209         5
393       402         9         7
386       404        18         5
382       408        26         1
400       401         1         8
398       400         2         9
403       405         2         4
245       391       146        18
405       407         2         2
402       403         1         6
392       398         6        11
404       406         2         3
36       402       366         7
390       391         1        18
198       404       206         5
398       406         8         3
399       402         3         7
400       401         1         8
400       405         5         4
389       394         5        15
240       407       167         2
404       407         3         2
403       405         2         4
400       406         6         3
235       396       161        13
399       401         2         8
17       406       389         3
402       405         3         4
390       393         3        16
388       407        19         2
204       408       204         1
286       397       111        12
24       406       382         3
399       404         5         5
39       407       368         2
286       401       115         8
396       408        12         1
40       398       358        11
403       408         5         1
397       400         3         9
398       401         3         8
393       397         4        12
402       403         1         6
394       395         1        14
234       402       168         7
184       404       220         5
396       398         2        11
406       408         2         1
202       393       191        16
30       407       377         2
395       400         5         9
393       397         4        12
398       408        10         1
242       400       158         9
398       399         1        10
22       405       383         4
369       401        32         8
9       407       398         2
364       401        37         8
398       404         6         5
265       407       142         2
406       408         2         1
392       397         5        12
21       398       377        11
403       405         2         4
38       403       365         6
187       401       214         8
392       396         4        13
393       399         6        10
389       393         4        16
361       396        35        13
391       401        10         8
398       399         1        10
401       405         4         4
389       397         8        12
396       404         8         5
389       392         3        17
401       404         3         5
40       408       368         1
396       407        11         2
391       396         5        13
366       384        18        25
379       403        24         6
37       398       361        11
395       406        11         3
402       406         4         3
390       406        16         3
195       401       206         8
235       408       173         1
196       404       208         5
401       406         5         3
405       406         1         3
238       407       169         2
283       394       111        15
30       406       376         3
395       407        12         2
358       403        45         6
397       405         8         4
402       405         3         4
239       407       168         2
399       407         8         2
381       405        24         4
407       408         1         1
388       400        12         9
399       404         5         5
400       401         1         8
39       405       366         4
403       405         2         4
392       402        10         7
28       404       376         5
407       408         1         1
399       408         9         1
402       403         1         6
389       397         8        12
393       406        13         3
398       408        10         1
398       405         7         4
285       400       115         9
405       407         2         2
398       404         6         5
405       408         3         1
238       397       159        12
406       407         1         2
40       401       361         8
395       405        10         4
384       406        22         3
384       392         8        17
383       384         1        25
34        40         6       369
400       404         4         5
377       408        31         1
26       394       368        15
242       404       162         5
407       408         1         1
392       406        14         3
403       406         3         3
407       408         1         1
196       383       187        26
400       404         4         5
228       244        16       165
392       406        14         3
368       395        27        14
238       407       169         2
202       404       202         5
399       407         8         2
396       408        12         1
199       401       202         8
402       407         5         2
403       406         3         3
400       405         5         4
403       404         1         5
389       408        19         1
239       408       169         1
399       401         2         8
404       406         2         3
193       399       206        10
401       405         4         4
238       406       168         3
402       408         6         1
382       393        11        16
405       407         2         2
402       406         4         3
40       402       362         7
372       398        26        11
405       408         3         1
398       406         8         3
405       407         2         2
400       405         5         4
400       403         3         6
393       400         7         9
401       407         6         2
198       400       202         9
240       408       168         1
405       406         1         3
400       401         1         8
398       406         8         3
239       403       164         6
394       407        13         2
398       399         1        10
395       408        13         1
402       408         6         1
20       405       385         4
389       390         1        19
27       404       377         5
401       406         5         3
394       404        10         5
388       398        10        11
359       408        49         1
402       405         3         4
397       407        10         2
404       405         1         4
243       407       164         2
395       408        13         1
397       407        10         2
28       408       380         1
204       374       170        35
394       404        10         5
198       407       209         2
387       401        14         8
404       407         3         2
376       380         4        29
400       404         4         5
400       408         8         1
24       391       367        18
406       408         2         1
395       407        12         2
403       408         5         1
392       402        10         7
404       408         4         1
399       401         2         8
380       408        28         1
388       402        14         7
403       406         3         3
375       396        21        13
36       407       371         2
389       403        14         6
31       401       370         8
26        34         8       375
392       408        16         1
34       398       364        11
387       392         5        17
20       407       387         2
271       394       123        15
282       401       119         8
385       401        16         8
33       398       365        11
270       406       136         3
36       408       372         1
402       404         2         5
187       399       212        10
392       408        16         1
28       408       380         1
35       408       373         1
386       392         6        17
391       398         7        11
394       400         6         9
383       406        23         3
400       407         7         2
375       401        26         8
230       403       173         6
40       384       344        25
382       392        10        17
195       408       213         1
387       394         7        15
405       407         2         2
400       406         6         3
399       403         4         6
399       405         6         4
385       392         7        17
403       408         5         1
262       392       130        17
378       397        19        12
403       404         1         5
387       391         4        18
407       408         1         1
285       395       110        14
388       403        15         6
388       395         7        14
40       407       367         2
286       408       122         1
403       408         5         1
398       407         9         2
398       400         2         9
405       408         3         1
21       399       378        10
396       400         4         9
35       398       363        11
32       408       376         1
385       403        18         6
391       408        17         1
163       397       234        12
32       406       374         3
384       406        22         3
398       407         9         2
377       398        21        11
34       390       356        19
393       402         9         7
389       402        13         7
407       408         1         1
392       405        13         4
404       406         2         3
36       242       206       167
397       405         8         4
393       408        15         1
403       407         4         2
35       407       372         2
396       403         7         6
395       407        12         2
405       408         3         1
402       407         5         2
392       393         1        16
33       402       369         7
163       392       229        17
390       408        18         1
393       403        10         6
400       402         2         7
357       407        50         2
241       407       166         2
392       399         7        10
402       403         1         6
401       408         7         1
403       407         4         2
404       406         2         3
402       403         1         6
394       401         7         8
393       403        10         6
407       408         1         1
403       407         4         2
403       407         4         2
383       403        20         6
36       405       369         4
401       403         2         6
388       401        13         8
404       406         2         3
398       399         1        10
385       394         9        15
34       379       345        30
393       396         3        13
163       399       236        10
391       408        17         1
406       408         2         1
405       406         1         3
404       405         1         4
393       395         2        14
396       407        11         2
397       404         7         5
198       388       190        21
394       403         9         6
400       407         7         2
394       408        14         1
399       407         8         2
394       402         8         7
236       399       163        10
394       399         5        10
394       404        10         5
397       407        10         2
405       406         1         3
385       398        13        11
394       402         8         7
399       408         9         1
372       405        33         4
403       408         5         1
405       408         3         1
191       406       215         3
404       408         4         1
33       406       373         3
405       408         3         1
334       381        47        28
372       394        22        15
399       405         6         4
394       408        14         1
386       398        12        11
35       393       358        16
34       400       366         9
395       404         9         5
396       402         6         7
403       407         4         2
25       405       380         4
38       400       362         9
231       408       177         1
399       406         7         3
403       406         3         3
407       408         1         1
393       408        15         1
386       403        17         6
405       407         2         2
23       406       383         3
243       404       161         5
407       408         1         1
36       403       367         6
404       408         4         1
37       408       371         1
406       408         2         1
39       391       352        18
397       402         5         7
401       406         5         3
392       393         1        16
405       407         2         2
399       403         4         6
238       408       170         1
176       405       229         4
237       405       168         4
385       401        16         8
403       405         2         4
204       403       199         6
382       406        24         3
399       408         9         1
388       400        12         9
393       406        13         3
400       408         8         1
402       407         5         2
405       408         3         1
241       281        40       128
401       407         6         2
33       408       375         1
402       403         1         6
396       407        11         2
21       406       385         3
21       404       383         5
402       404         2         5
28       392       364        17
390       397         7        12
402       404         2         5
406       407         1         2
372       401        29         8
407       408         1         1
399       406         7         3
380       390        10        19
396       408        12         1
400       408         8         1
368       382        14        27
382       405        23         4
405       407         2         2
380       394        14        15
388       405        17         4
405       408         3         1
379       401        22         8
227       388       161        21
203       407       204         2
395       404         9         5
403       407         4         2
388       405        17         4
406       408         2         1
402       407         5         2
398       400         2         9
396       408        12         1
400       407         7         2
407       408         1         1
387       404        17         5
388       402        14         7
397       404         7         5
406       408         2         1
382       400        18         9
396       406        10         3
389       407        18         2
368       405        37         4
405       407         2         2
403       405         2         4
383       406        23         3
187       204        17       205
244       393       149        16
397       398         1        11
392       399         7        10
404       407         3         2
405       408         3         1
402       407         5         2
393       395         2        14
36       379       343        30
404       405         1         4
388       407        19         2
396       406        10         3
398       402         4         7
400       403         3         6
392       402        10         7
403       405         2         4
28       386       358        23
406       408         2         1
35       400       365         9
389       397         8        12
382       397        15        12
401       407         6         2
363       402        39         7
390       408        18         1
407       408         1         1
268       405       137         4
399       407         8         2
29       408       379         1
393       394         1        15
380       391        11        18
385       406        21         3
38       398       360        11
403       404         1         5
397       406         9         3
192       405       213         4
405       408         3         1
400       403         3         6
10       407       397         2
383       407        24         2
34       407       373         2
394       400         6         9
394       405        11         4
398       408        10         1
367       392        25        17
285       407       122         2
399       406         7         3
39       392       353        17
395       405        10         4
401       407         6         2
401       406         5         3
199       400       201         9
242       407       165         2
34       407       373         2
402       407         5         2
402       405         3         4
40       407       367         2
402       406         4         3
397       398         1        11
404       407         3         2
399       407         8         2
27       406       379         3
406       407         1         2
379       386         7        23
403       407         4         2
404       406         2         3
401       408         7         1
391       406        15         3
199       390       191        19
403       408         5         1
399       405         6         4
391       396         5        13
233       395       162        14
395       405        10         4
388       404        16         5
401       408         7         1
405       407         2         2
383       403        20         6
404       408         4         1
394       407        13         2
405       408         3         1
277       408       131         1
407       408         1         1
397       404         7         5
398       405         7         4
402       408         6         1
369       408        39         1
393       408        15         1
406       408         2         1
244       404       160         5
237       405       168         4
39       408       369         1
399       404         5         5
395       396         1        13
397       407        10         2
400       401         1         8
389       401        12         8
398       399         1        10
392       397         5        12
401       406         5         3
387       408        21         1
385       402        17         7
404       406         2         3
402       405         3         4
396       408        12         1
396       408        12         1
280       406       126         3
401       405         4         4
245       400       155         9
381       393        12        16
392       406        14         3
34       394       360        15
406       408         2         1
392       400         8         9
406       407         1         2
403       404         1         5
396       408        12         1
396       408        12         1
403       406         3         3
403       406         3         3
393       395         2        14
398       401         3         8
36       401       365         8
397       407        10         2
39       396       357        13
268       391       123        18
401       407         6         2
402       405         3         4
388       391         3        18
372       390        18        19
396       406        10         3
404       407         3         2
35       408       373         1
406       408         2         1
241       396       155        13
238       401       163         8
364       396        32        13
394       404        10         5
200       398       198        11
33       407       374         2
403       408         5         1
400       407         7         2
393       407        14         2
198       393       195        16
394       407        13         2
405       407         2         2
31       395       364        14
398       404         6         5
394       399         5        10
400       406         6         3
176       401       225         8
401       408         7         1
402       408         6         1
396       408        12         1
399       408         9         1
202       407       205         2
385       396        11        13
405       407         2         2
392       395         3        14
395       407        12         2
395       406        11         3
401       405         4         4
392       407        15         2
404       406         2         3
398       399         1        10
396       408        12         1
404       407         3         2
401       406         5         3
399       404         5         5
403       408         5         1
396       406        10         3
402       406         4         3
35       398       363        11
406       408         2         1
380       397        17        12
401       402         1         7
397       398         1        11
389       401        12         8
401       408         7         1
400       402         2         7
34       242       208       167
22       402       380         7
270       404       134         5
399       406         7         3
401       408         7         1
274       404       130         5
399       407         8         2
387       407        20         2
367       408        41         1
387       406        19         3
385       407        22         2
393       394         1        15
395       401         6         8
39       398       359        11
401       404         3         5
406       407         1         2
37       408       371         1
38       407       369         2
403       406         3         3
193       399       206        10
245       397       152        12
403       406         3         3
402       404         2         5
406       407         1         2
229       396       167        13
384       396        12        13
398       408        10         1
391       408        17         1
400       408         8         1
383       392         9        17
405       408         3         1
40       199       159       210
402       408         6         1
399       401         2         8
404       406         2         3
391       395         4        14
398       400         2         9
402       408         6         1
388       403        15         6
392       400         8         9
406       407         1         2
26       392       366        17
38       408       370         1
404       407         3         2
283       401       118         8
26       407       381         2
400       407         7         2
359       407        48         2
197       285        88       124
399       401         2         8
392       402        10         7
403       407         4         2
374       394        20        15
373       408        35         1
261       389       128        20
386       408        22         1
33       408       375         1
407       408         1         1
254       397       143        12
400       404         4         5
397       402         5         7
203       402       199         7
399       403         4         6
34       238       204       171
280       400       120         9
39       401       362         8
403       406         3         3
397       407        10         2
397       408        11         1
13       375       362        34
405       408         3         1
393       405        12         4
32       398       366        11
396       401         5         8
238       401       163         8
400       408         8         1
198       404       206         5
403       405         2         4
200       395       195        14
388       393         5        16
232       403       171         6
405       406         1         3
30       398       368        11
37       405       368         4
399       401         2         8
403       407         4         2
375       406        31         3
384       389         5        20
40       163       123       246
398       405         7         4
394       403         9         6
400       402         2         7
406       408         2         1
244       402       158         7
404       408         4         1
388       405        17         4
272       406       134         3
400       406         6         3
376       393        17        16
370       407        37         2
404       408         4         1
274       399       125        10
395       396         1        13
405       408         3         1
402       408         6         1
397       402         5         7
399       408         9         1
403       406         3         3
203       406       203         3
33        35         2       374
399       403         4         6
38        40         2       369
401       406         5         3
400       402         2         7
392       405        13         4
245       408       163         1
389       408        19         1
397       406         9         3
395       405        10         4
404       406         2         3
406       407         1         2
406       407         1         2
39       405       366         4
386       404        18         5
283       286         3       123
399       408         9         1
397       404         7         5
399       403         4         6
179       243        64       166
398       406         8         3
402       407         5         2
404       408         4         1
398       404         6         5
389       403        14         6
163       242        79       167
403       407         4         2
400       406         6         3
387       402        15         7
399       407         8         2
219       402       183         7
405       408         3         1
395       397         2        12
406       407         1         2
400       402         2         7
397       398         1        11
398       403         5         6
28       403       375         6
29        33         4       376
267       380       113        29
393       405        12         4
401       407         6         2
391       408        17         1
394       395         1        14
375       407        32         2
38       408       370         1
396       403         7         6
18       408       390         1
358       406        48         3
405       406         1         3
197       404       207         5
406       407         1         2
400       402         2         7
406       407         1         2
396       407        11         2
15       387       372        22
405       407         2         2
379       408        29         1
406       408         2         1
31       405       374         4
390       400        10         9
390       398         8        11
30       405       375         4
394       401         7         8
396       405         9         4
406       408         2         1
399       403         4         6
27       407       380         2
402       406         4         3
404       407         3         2
386       397        11        12
403       406         3         3
398       407         9         2
398       406         8         3
390       393         3        16
397       404         7         5
405       406         1         3
392       395         3        14
404       407         3         2
37       403       366         6
388       405        17         4
199       394       195        15
402       403         1         6
39       401       362         8
33       407       374         2
388       400        12         9
405       406         1         3
399       407         8         2
401       406         5         3
399       402         3         7
163       408       245         1
391       396         5        13
397       400         3         9
391       399         8        10
390       405        15         4
33       188       155       221
383       402        19         7
387       404        17         5
407       408         1         1
391       408        17         1
387       394         7        15
406       407         1         2
38       408       370         1
388       408        20         1
403       406         3         3
36       408       372         1
395       397         2        12
405       408         3         1
39       393       354        16
390       401        11         8
401       403         2         6
377       407        30         2
393       403        10         6
402       404         2         5
15       403       388         6
34       402       368         7
193       394       201        15
385       407        22         2
396       397         1        12
402       407         5         2
218       404       186         5
389       398         9        11
398       407         9         2
37       408       371         1
403       404         1         5
402       405         3         4
29       407       378         2
17       388       371        21
395       406        11         3
39       405       366         4
376       403        27         6
403       406         3         3
406       408         2         1
392       399         7        10
402       406         4         3
402       406         4         3
375       387        12        22
391       408        17         1
39       401       362         8
387       403        16         6
393       404        11         5
201       366       165        43
392       396         4        13
398       408        10         1
398       405         7         4
30       399       369        10
395       399         4        10
384       398        14        11
406       407         1         2
399       408         9         1
402       408         6         1
404       408         4         1
406       407         1         2
385       398        13        11
388       406        18         3
405       406         1         3
204       402       198         7
7       383       376        26
39       392       353        17
399       404         5         5
391       404        13         5
392       393         1        16
401       402         1         7
402       403         1         6
37        40         3       369
227       407       180         2
37       400       363         9
402       403         1         6
380       406        26         3
403       404         1         5
370       403        33         6
396       402         6         7
397       407        10         2
397       406         9         3
399       402         3         7
401       405         4         4
376       403        27         6
396       401         5         8
390       406        16         3
404       406         2         3
381       394        13        15
397       406         9         3
405       408         3         1
11       408       397         1
387       406        19         3
400       408         8         1
36       391       355        18
403       404         1         5
228       403       175         6
395       403         8         6
375       402        27         7
386       406        20         3
398       400         2         9
367       384        17        25
238       406       168         3
374       403        29         6
398       405         7         4
282       388       106        21
407       408         1         1
389       405        16         4
405       406         1         3
22       388       366        21
403       404         1         5
39       393       354        16
397       401         4         8
403       407         4         2
40       400       360         9
36       408       372         1
390       408        18         1
393       400         7         9
396       404         8         5
405       408         3         1
402       408         6         1
370       408        38         1
36       404       368         5
282       404       122         5
389       405        16         4
400       406         6         3
25       407       382         2
38       199       161       210
405       408         3         1
371       398        27        11
33       403       370         6
400       404         4         5
403       408         5         1
359       399        40        10
401       405         4         4
391       407        16         2
399       400         1         9
274       404       130         5
381       407        26         2
402       406         4         3
389       400        11         9
396       399         3        10
39       405       366         4
