400       409         9         3
406       410         4         2
401       409         8         3
400       409         9         3
398       411        13         1
402       411         9         1
397       401         4        11
386       397        11        15
50       406       356         6
404       408         4         4
406       408         2         4
408       410         2         2
407       411         4         1
403       411         8         1
374       405        31         7
256       411       155         1
409       410         1         2
393       409        16         3
401       408         7         4
398       411        13         1
254       409       155         3
308       397        89        15
383       388         5        24
400       407         7         5
405       406         1         6
43       409       366         3
34       403       369         9
392       400         8        12
393       408        15         4
153       375       222        37
254       411       157         1
394       406        12         6
300       407       107         5
197       399       202        13
47       408       361         4
195       399       204        13
186       411       225         1
400       403         3         9
153       389       236        23
407       410         3         2
202       408       206         4
401       403         2         9
402       409         7         3
404       406         2         6
409       410         1         2
206       411       205         1
51       411       360         1
199       410       211         2
43       407       364         5
405       409         4         3
408       410         2         2
407       408         1         4
194       199         5       213
403       410         7         2
401       405         4         7
305       406       101         6
404       409         5         3
399       408         9         4
206       399       193        13
36       403       367         9
394       405        11         7
400       406         6         6
311       400        89        12
408       409         1         3
394       395         1        17
410       411         1         1
155       411       256         1
207       407       200         5
153       408       255         4
298       402       104        10
397       409        12         3
390       408        18         4
408       409         1         3
398       407         9         5
396       402         6        10
402       411         9         1
400       411        11         1
402       403         1         9
401       406         5         6
377       407        30         5
388       406        18         6
394       402         8        10
397       409        12         3
386       408        22         4
246       409       163         3
399       408         9         4
393       405        12         7
402       407         5         5
152       395       243        17
402       408         6         4
404       410         6         2
400       410        10         2
407       409         2         3
409       410         1         2
398       409        11         3
406       408         2         4
46       411       365         1
201       410       209         2
407       410         3         2
407       409         2         3
399       405         6         7
376       400        24        12
397       399         2        13
388       410        22         2
404       410         6         2
390       402        12        10
378       403        25         9
399       409        10         3
407       410         3         2
256       411       155         1
389       411        22         1
310       399        89        13
386       408        22         4
307       401        94        11
406       409         3         3
400       408         8         4
383       396        13        16
405       407         2         5
403       410         7         2
400       403         3         9
410       411         1         1
408       411         3         1
398       399         1        13
380       391        11        21
401       404         3         8
401       409         8         3
400       403         3         9
407       410         3         2
402       410         8         2
23       395       372        17
386       400        14        12
394       401         7        11
376       399        23        13
410       411         1         1
392       403        11         9
47       408       361         4
392       407        15         5
395       408        13         4
390       404        14         8
409       410         1         2
405       410         5         2
401       411        10         1
406       411         5         1
242       411       169         1
404       408         4         4
26       401       375        11
407       409         2         3
402       407         5         5
405       411         6         1
401       404         3         8
388       411        23         1
307       409       102         3
408       411         3         1
248       370       122        42
383       399        16        13
398       404         6         8
307       407       100         5
395       404         9         8
396       407        11         5
407       411         4         1
302       410       108         2
401       403         2         9
223       405       182         7
405       407         2         5
399       409        10         3
408       411         3         1
408       409         1         3
405       411         6         1
401       410         9         2
397       410        13         2
404       411         7         1
384       409        25         3
409       411         2         1
401       403         2         9
400       405         5         7
408       411         3         1
307       411       104         1
50       404       354         8
388       402        14        10
49       408       359         4
395       400         5        12
251       406       155         6
390       407        17         5
387       411        24         1
400       411        11         1
37       408       371         4
373       402        29        10
399       406         7         6
369       405        36         7
408       411         3         1
392       406        14         6
407       410         3         2
397       410        13         2
257       404       147         8
35       408       373         4
404       410         6         2
380       407        27         5
404       409         5         3
398       405         7         7
399       409        10         3
409       411         2         1
392       410        18         2
153       398       245        14
400       402         2        10
400       409         9         3
395       400         5        12
406       409         3         3
253       405       152         7
404       405         1         7
200       403       203         9
402       406         4         6
42       155       113       257
51       411       360         1
408       409         1         3
410       411         1         1
43       410       367         2
378       393        15        19
404       409         5         3
207       411       204         1
402       409         7         3
220       403       183         9
50       408       358         4
391       410        19         2
301       406       105         6
410       411         1         1
45       396       351        16
405       408         3         4
253       411       158         1
406       407         1         5
394       406        12         6
402       408         6         4
397       411        14         1
392       402        10        10
410       411         1         1
187       404       217         8
48       392       344        20
408       409         1         3
410       411         1         1
381       406        25         6
406       410         4         2
399       400         1        12
400       408         8         4
255       406       151         6
393       409        16         3
403       410         7         2
409       410         1         2
397       402         5        10
310       406        96         6
380       411        31         1
410       411         1         1
395       407        12         5
244       410       166         2
410       411         1         1
400       406         6         6
405       408         3         4
401       406         5         6
404       406         2         6
390       407        17         5
152       408       256         4
206       411       205         1
403       411         8         1
396       411        15         1
395       406        11         6
396       410        14         2
399       409        10         3
392       408        16         4
402       407         5         5
403       410         7         2
403       411         8         1
402       410         8         2
397       402         5        10
398       407         9         5
395       409        14         3
404       410         6         2
407       408         1         4
389       390         1        22
385       411        26         1
405       411         6         1
408       411         3         1
392       403        11         9
409       411         2         1
401       411        10         1
401       402         1        10
398       411        13         1
386       410        24         2
43       407       364         5
408       410         2         2
391       392         1        20
50       404       354         8
407       409         2         3
391       409        18         3
197       406       209         6
392       404        12         8
400       409         9         3
399       400         1        12
399       401         2        11
402       406         4         6
252       392       140        20
392       408        16         4
189       401       212        11
394       407        13         5
406       407         1         5
302       404       102         8
406       410         4         2
408       411         3         1
399       410        11         2
379       396        17        16
51       410       359         2
403       407         4         5
391       406        15         6
406       408         2         4
397       411        14         1
398       410        12         2
402       408         6         4
390       410        20         2
256       301        45       111
201       408       207         4
396       410        14         2
392       395         3        17
46       409       363         3
404       408         4         4
392       411        19         1
47        51         4       361
407       410         3         2
190       404       214         8
399       404         5         8
405       411         6         1
406       408         2         4
402       411         9         1
47       405       358         7
402       407         5         5
409       411         2         1
406       411         5         1
394       400         6        12
397       407        10         5
388       400        12        12
406       409         3         3
198       398       200        14
405       410         5         2
51       407       356         5
405       409         4         3
399       403         4         9
251       377       126        35
403       404         1         8
392       406        14         6
391       410        19         2
403       410         7         2
401       405         4         7
259       404       145         8
258       411       153         1
405       407         2         5
402       404         2         8
400       403         3         9
407       411         4         1
403       408         5         4
50       408       358         4
397       408        11         4
398       410        12         2
401       404         3         8
407       408         1         4
310       411       101         1
394       402         8        10
50       404       354         8
402       411         9         1
380       403        23         9
392       409        17         3
405       411         6         1
403       410         7         2
401       407         6         5
50       410       360         2
404       406         2         6
48       392       344        20
394       410        16         2
404       411         7         1
393       400         7        12
407       411         4         1
392       397         5        15
207       405       198         7
403       411         8         1
397       407        10         5
44       408       364         4
398       411        13         1
405       409         4         3
406       407         1         5
394       410        16         2
46       399       353        13
380       388         8        24
403       410         7         2
390       399         9        13
406       411         5         1
405       410         5         2
404       405         1         7
408       411         3         1
311       408        97         4
397       406         9         6
405       411         6         1
394       410        16         2
155       397       242        15
406       408         2         4
404       409         5         3
407       410         3         2
407       408         1         4
395       410        15         2
396       405         9         7
404       407         3         5
408       411         3         1
408       409         1         3
201       409       208         3
408       411         3         1
394       403         9         9
403       405         2         7
405       411         6         1
47       401       354        11
396       408        12         4
380       405        25         7
43       403       360         9
43        49         6       363
397       400         3        12
405       409         4         3
408       411         3         1
401       402         1        10
410       411         1         1
401       402         1        10
49       411       362         1
207       405       198         7
409       411         2         1
396       407        11         5
399       410        11         2
366       403        37         9
401       407         6         5
50       373       323        39
404       407         3         5
403       409         6         3
306       408       102         4
390       411        21         1
405       411         6         1
379       407        28         5
404       411         7         1
399       409        10         3
401       410         9         2
403       407         4         5
403       404         1         8
48       410       362         2
46       408       362         4
406       408         2         4
389       399        10        13
47       386       339        26
399       410        11         2
398       411        13         1
403       407         4         5
255       411       156         1
204       408       204         4
405       408         3         4
404       408         4         4
405       406         1         6
404       408         4         4
405       409         4         3
402       408         6         4
388       407        19         5
386       406        20         6
375       405        30         7
410       411         1         1
393       408        15         4
47       410       363         2
398       410        12         2
410       411         1         1
405       408         3         4
400       403         3         9
397       409        12         3
405       411         6         1
391       408        17         4
386       395         9        17
391       399         8        13
408       409         1         3
50       401       351        11
400       409         9         3
48       402       354        10
382       391         9        21
384       391         7        21
386       393         7        19
403       409         6         3
406       408         2         4
403       409         6         3
405       409         4         3
400       411        11         1
404       411         7         1
153       207        54       205
404       408         4         4
406       407         1         5
405       409         4         3
409       411         2         1
406       407         1         5
406       410         4         2
242       406       164         6
51       408       357         4
49       409       360         3
390       410        20         2
177       402       225        10
362       404        42         8
388       409        21         3
408       410         2         2
44       387       343        25
46       409       363         3
389       401        12        11
401       406         5         6
396       411        15         1
405       407         2         5
396       405         9         7
392       400         8        12
386       398        12        14
409       410         1         2
50       406       356         6
398       403         5         9
396       403         7         9
402       406         4         6
407       409         2         3
389       399        10        13
153       391       238        21
408       409         1         3
403       410         7         2
391       394         3        18
399       406         7         6
396       401         5        11
388       410        22         2
404       411         7         1
46       402       356        10
405       408         3         4
41       404       363         8
399       406         7         6
394       410        16         2
388       393         5        19
406       408         2         4
302       402       100        10
409       410         1         2
48       406       358         6
408       410         2         2
389       404        15         8
204       406       202         6
399       406         7         6
401       406         5         6
385       395        10        17
406       409         3         3
380       411        31         1
383       410        27         2
408       410         2         2
397       405         8         7
399       400         1        12
406       411         5         1
44       397       353        15
242       411       169         1
403       409         6         3
392       408        16         4
401       410         9         2
207       406       199         6
33       403       370         9
399       411        12         1
408       410         2         2
384       409        25         3
391       403        12         9
400       411        11         1
387       393         6        19
195       410       215         2
402       411         9         1
403       410         7         2
309       411       102         1
201       407       206         5
375       403        28         9
51       407       356         5
43       408       365         4
370       403        33         9
199       404       205         8
409       410         1         2
408       410         2         2
407       409         2         3
389       399        10        13
390       410        20         2
400       411        11         1
308       396        88        16
410       411         1         1
401       405         4         7
388       410        22         2
408       410         2         2
51       393       342        19
404       405         1         7
402       405         3         7
401       407         6         5
409       410         1         2
207       411       204         1
407       411         4         1
397       407        10         5
398       410        12         2
405       406         1         6
392       402        10        10
50       409       359         3
36       407       371         5
401       402         1        10
252       411       159         1
398       403         5         9
402       404         2         8
300       406       106         6
399       405         6         7
153       409       256         3
244       411       167         1
184       397       213        15
402       404         2         8
398       411        13         1
381       405        24         7
402       408         6         4
300       405       105         7
391       410        19         2
410       411         1         1
48       407       359         5
398       406         8         6
400       410        10         2
397       406         9         6
395       410        15         2
402       403         1         9
406       410         4         2
392       407        15         5
400       401         1        11
403       409         6         3
400       404         4         8
191       411       220         1
202       407       205         5
392       402        10        10
401       409         8         3
398       411        13         1
405       406         1         6
399       411        12         1
383       402        19        10
400       406         6         6
255       398       143        14
408       409         1         3
154       411       257         1
403       407         4         5
406       408         2         4
409       411         2         1
378       409        31         3
398       411        13         1
398       406         8         6
154       307       153       105
400       408         8         4
403       407         4         5
393       394         1        18
396       408        12         4
405       411         6         1
399       411        12         1
407       410         3         2
392       394         2        18
293       408       115         4
251       391       140        21
388       396         8        16
399       406         7         6
309       411       102         1
409       410         1         2
409       411         2         1
405       408         3         4
246       398       152        14
410       411         1         1
396       409        13         3
259       403       144         9
397       406         9         6
396       411        15         1
41       393       352        19
408       411         3         1
395       407        12         5
398       406         8         6
408       410         2         2
408       409         1         3
404       409         5         3
408       410         2         2
403       407         4         5
401       408         7         4
407       410         3         2
394       408        14         4
391       405        14         7
50       401       351        11
404       411         7         1
403       409         6         3
399       400         1        12
41       405       364         7
406       410         4         2
397       404         7         8
386       402        16        10
246       402       156        10
405       407         2         5
406       408         2         4
51       404       353         8
402       409         7         3
288       401       113        11
44        45         1       367
402       407         5         5
389       400        11        12
407       411         4         1
389       408        19         4
154       410       256         2
41       409       368         3
390       410        20         2
20       404       384         8
389       411        22         1
400       402         2        10
204       394       190        18
400       407         7         5
409       411         2         1
48       407       359         5
393       408        15         4
405       408         3         4
401       408         7         4
402       408         6         4
387       392         5        20
385       396        11        16
401       404         3         8
405       411         6         1
47       408       361         4
396       398         2        14
393       411        18         1
406       410         4         2
207       408       201         4
47       154       107       258
401       410         9         2
44       393       349        19
402       410         8         2
406       411         5         1
393       396         3        16
389       406        17         6
406       409         3         3
40       399       359        13
47       409       362         3
410       411         1         1
253       393       140        19
387       411        24         1
399       409        10         3
400       404         4         8
405       407         2         5
400       402         2        10
408       410         2         2
307       399        92        13
406       409         3         3
249       406       157         6
398       410        12         2
400       407         7         5
311       408        97         4
398       410        12         2
399       410        11         2
403       404         1         8
401       411        10         1
393       403        10         9
407       410         3         2
394       407        13         5
394       405        11         7
401       403         2         9
408       411         3         1
393       395         2        17
400       411        11         1
399       411        12         1
249       311        62       101
407       408         1         4
408       411         3         1
395       410        15         2
254       410       156         2
406       408         2         4
397       409        12         3
407       411         4         1
310       410       100         2
50       388       338        24
407       411         4         1
397       400         3        12
258       362       104        50
405       408         3         4
297       410       113         2
155       409       254         3
184       406       222         6
407       411         4         1
399       406         7         6
178       409       231         3
390       407        17         5
392       409        17         3
406       410         4         2
410       411         1         1
396       406        10         6
48       408       360         4
407       409         2         3
398       407         9         5
389       408        19         4
280       405       125         7
401       403         2         9
403       409         6         3
401       409         8         3
389       409        20         3
403       404         1         8
408       409         1         3
408       410         2         2
402       409         7         3
40       250       210       162
405       408         3         4
252       402       150        10
409       410         1         2
394       395         1        17
398       409        11         3
409       411         2         1
406       408         2         4
401       407         6         5
49       408       359         4
401       404         3         8
402       409         7         3
308       398        90        14
409       411         2         1
382       411        29         1
51       390       339        22
404       406         2         6
396       411        15         1
392       396         4        16
403       411         8         1
399       405         6         7
382       408        26         4
198       405       207         7
406       410         4         2
395       403         8         9
403       405         2         7
51       408       357         4
407       411         4         1
397       411        14         1
252       411       159         1
46       394       348        18
403       411         8         1
394       411        17         1
404       406         2         6
205       411       206         1
47       408       361         4
394       407        13         5
155       406       251         6
394       402         8        10
402       405         3         7
388       394         6        18
155       403       248         9
356       410        54         2
203       410       207         2
408       410         2         2
45       384       339        28
410       411         1         1
382       407        25         5
376       411        35         1
36       403       367         9
392       405        13         7
51       399       348        13
407       409         2         3
203       408       205         4
291       359        68        53
409       410         1         2
47       406       359         6
400       401         1        11
404       406         2         6
403       411         8         1
404       405         1         7
393       407        14         5
394       397         3        15
408       410         2         2
402       406         4         6
406       409         3         3
403       406         3         6
373       405        32         7
405       411         6         1
376       410        34         2
398       405         7         7
409       411         2         1
383       403        20         9
388       411        23         1
31       410       379         2
392       401         9        11
387       410        23         2
396       406        10         6
40       410       370         2
404       405         1         7
406       408         2         4
401       410         9         2
398       400         2        12
403       408         5         4
50       390       340        22
195       403       208         9
393       395         2        17
402       409         7         3
397       399         2        13
390       398         8        14
406       407         1         5
395       408        13         4
395       405        10         7
394       407        13         5
410       411         1         1
395       409        14         3
404       408         4         4
200       401       201        11
382       390         8        22
205       401       196        11
403       411         8         1
376       403        27         9
407       409         2         3
403       405         2         7
406       409         3         3
246       406       160         6
390       408        18         4
395       406        11         6
407       410         3         2
393       407        14         5
47       399       352        13
401       411        10         1
391       407        16         5
33       406       373         6
174       411       237         1
400       401         1        11
395       402         7        10
50       401       351        11
154       402       248        10
399       405         6         7
409       410         1         2
395       397         2        15
396       403         7         9
252       399       147        13
404       409         5         3
402       404         2         8
394       408        14         4
309       405        96         7
203       409       206         3
392       400         8        12
403       407         4         5
398       400         2        12
392       402        10        10
407       410         3         2
406       407         1         5
46       401       355        11
403       405         2         7
398       409        11         3
408       410         2         2
241       383       142        29
405       409         4         3
409       410         1         2
249       409       160         3
405       407         2         5
406       409         3         3
39       409       370         3
405       408         3         4
392       411        19         1
310       410       100         2
407       408         1         4
400       409         9         3
405       411         6         1
197       394       197        18
152       407       255         5
393       407        14         5
400       406         6         6
47       407       360         5
199       403       204         9
300       357        57        55
406       410         4         2
396       407        11         5
40       410       370         2
398       401         3        11
400       402         2        10
395       405        10         7
387       409        22         3
406       409         3         3
407       411         4         1
245       408       163         4
40        51        11       361
395       401         6        11
396       398         2        14
200       410       210         2
397       407        10         5
379       411        32         1
405       409         4         3
401       407         6         5
401       411        10         1
394       402         8        10
190       403       213         9
393       405        12         7
389       395         6        17
410       411         1         1
189       404       215         8
396       411        15         1
393       409        16         3
410       411         1         1
404       411         7         1
374       403        29         9
309       409       100         3
51       402       351        10
49       409       360         3
259       410       151         2
400       411        11         1
386       411        25         1
371       407        36         5
406       410         4         2
408       410         2         2
400       411        11         1
406       410         4         2
45       257       212       155
404       406         2         6
390       408        18         4
406       408         2         4
394       397         3        15
31       404       373         8
400       406         6         6
