406       424        18        14
402       408         6        30
386       426        40        12
426       428         2        10
14       435       421         3
379       433        54         5
11       434       423         4
29       437       408         1
422       435        13         3
424       431         7         7
396       407        11        31
416       437        21         1
414       427        13        11
433       437         4         1
402       429        27         9
381       413        32        25
403       409         6        29
398       437        39         1
424       432         8         6
427       431         4         7
393       426        33        12
20       434       414         4
43       413       370        25
413       415         2        23
410       414         4        24
427       436         9         2
429       435         6         3
431       434         3         4
411       423        12        15
427       434         7         4
427       429         2         9
432       437         5         1
262       432       170         6
435       437         2         1
387       432        45         6
433       437         4         1
431       432         1         6
425       428         3        10
409       431        22         7
43       437       394         1
24       430       406         8
420       436        16         2
433       436         3         2
424       431         7         7
382       398        16        40
419       423         4        15
430       437         7         1
416       434        18         4
431       432         1         6
402       434        32         4
31       434       403         4
416       435        19         3
436       437         1         1
436       437         1         1
430       433         3         5
434       436         2         2
434       435         1         3
415       423         8        15
387       402        15        36
389       411        22        27
429       433         4         5
427       435         8         3
32       431       399         7
21       431       410         7
428       434         6         4
41       430       389         8
409       422        13        16
432       433         1         5
42       421       379        17
424       428         4        10
31       257       226       181
432       437         5         1
418       436        18         2
34       429       395         9
405       434        29         4
418       423         5        15
391       417        26        21
417       434        17         4
394       425        31        13
432       437         5         1
417       435        18         3
410       415         5        23
419       429        10         9
419       432        13         6
431       434         3         4
399       407         8        31
42       416       374        22
416       435        19         3
427       437        10         1
436       437         1         1
423       436        13         2
409       431        22         7
428       435         7         3
261       417       156        21
421       433        12         5
35       427       392        11
28       432       404         6
418       422         4        16
429       437         8         1
33       435       402         3
433       437         4         1
412       421         9        17
423       427         4        11
409       434        25         4
398       406         8        32
417       423         6        15
257       423       166        15
436       437         1         1
21       436       415         2
409       426        17        12
411       413         2        25
305       428       123        10
403       434        31         4
410       428        18        10
410       430        20         8
410       412         2        26
411       414         3        24
430       431         1         7
434       435         1         3
406       424        18        14
401       432        31         6
431       437         6         1
433       435         2         3
430       434         4         4
421       429         8         9
425       434         9         4
427       437        10         1
436       437         1         1
433       436         3         2
427       436         9         2
426       432         6         6
32       429       397         9
12       433       421         5
405       431        26         7
398       422        24        16
424       432         8         6
430       436         6         2
430       434         4         4
344       432        88         6
425       429         4         9
433       437         4         1
240       429       189         9
430       432         2         6
418       425         7        13
415       434        19         4
434       436         2         2
422       437        15         1
420       436        16         2
429       430         1         8
420       426         6        12
412       431        19         7
24       435       411         3
418       420         2        18
392       413        21        25
418       434        16         4
418       437        19         1
426       432         6         6
429       437         8         1
396       433        37         5
427       436         9         2
422       427         5        11
422       429         7         9
38       435       397         3
422       435        13         3
426       437        11         1
413       435        22         3
434       436         2         2
426       437        11         1
413       428        15        10
428       437         9         1
385       422        37        16
31       437       406         1
397       428        31        10
434       435         1         3
401       408         7        30
433       435         2         3
253       413       160        25
394       406        12        32
419       423         4        15
434       437         3         1
419       421         2        17
413       429        16         9
417       421         4        17
427       434         7         4
430       435         5         3
37       433       396         5
428       430         2         8
415       436        21         2
38       430       392         8
399       422        23        16
405       415        10        23
410       419         9        19
243       433       190         5
427       431         4         7
401       409         8        29
425       426         1        12
32       425       393        13
379       413        34        25
39       430       391         8
423       434        11         4
33       394       361        44
387       433        46         5
411       435        24         3
435       436         1         2
235       423       188        15
255       437       182         1
427       432         5         6
261       405       144        33
427       429         2         9
401       437        36         1
429       430         1         8
411       430        19         8
426       436        10         2
429       436         7         2
33       414       381        24
420       422         2        16
409       436        27         2
418       432        14         6
426       429         3         9
426       437        11         1
412       428        16        10
394       429        35         9
426       437        11         1
428       433         5         5
37       435       398         3
431       435         4         3
435       437         2         1
395       426        31        12
428       436         8         2
423       434        11         4
425       436        11         2
431       433         2         5
422       436        14         2
259       436       177         2
246       433       187         5
253       434       181         4
425       436        11         2
423       433        10         5
435       437         2         1
429       432         3         6
425       427         2        11
418       419         1        19
431       435         4         3
423       428         5        10
428       432         4         6
409       425        16        13
427       435         8         3
29       430       401         8
414       427        13        11
418       436        18         2
436       437         1         1
39       429       390         9
409       418         9        20
424       432         8         6
413       437        24         1
41       427       386        11
36       417       381        21
422       433        11         5
42       433       391         5
433       437         4         1
30       431       401         7
431       434         3         4
430       433         3         5
422       436        14         2
386       429        43         9
430       437         7         1
432       437         5         1
406       421        15        17
43       433       390         5
4       394       390        44
428       432         4         6
418       421         3        17
393       412        19        26
402       413        11        25
436       437         1         1
433       437         4         1
420       422         2        16
425       433         8         5
405       421        16        17
260       428       168        10
428       437         9         1
420       429         9         9
38       437       399         1
431       437         6         1
414       433        19         5
418       421         3        17
428       431         3         7
419       429        10         9
36       413       377        25
396       434        38         4
253       436       183         2
381       406        25        32
425       432         7         6
396       426        30        12
429       436         7         2
428       433         5         5
408       430        22         8
428       429         1         9
434       436         2         2
425       436        11         2
432       437         5         1
409       418         9        20
416       433        17         5
388       419        31        19
427       430         3         8
428       435         7         3
414       432        18         6
432       436         4         2
428       433         5         5
422       434        12         4
432       436         4         2
391       425        34        13
398       420        22        18
415       418         3        20
242       432       190         6
422       435        13         3
414       422         8        16
31       423       392        15
415       423         8        15
420       434        14         4
403       415        12        23
389       428        39        10
425       437        12         1
433       435         2         3
43       436       393         2
396       432        36         6
391       423        32        15
399       437        38         1
389       408        19        30
432       435         3         3
395       436        41         2
18       420       402        18
219       434       215         4
401       425        24        13
39       426       387        12
435       437         2         1
255       435       180         3
421       422         1        16
431       434         3         4
433       437         4         1
428       432         4         6
416       417         1        21
428       437         9         1
426       429         3         9
421       430         9         8
416       424         8        14
434       436         2         2
434       436         2         2
42       436       394         2
400       420        20        18
400       421        21        17
226       425       199        13
420       433        13         5
410       427        17        11
401       402         1        36
427       435         8         3
43       416       373        22
430       431         1         7
424       432         8         6
408       432        24         6
404       437        33         1
432       436         4         2
433       437         4         1
418       426         8        12
432       435         3         3
263       413       150        25
398       436        38         2
431       432         1         6
43       437       394         1
410       426        16        12
378       436        58         2
426       436        10         2
412       420         8        18
426       437        11         1
395       421        26        17
244       437       193         1
429       430         1         8
404       433        29         5
375       437        62         1
404       424        20        14
408       422        14        16
417       436        19         2
432       437         5         1
431       436         5         2
421       425         4        13
424       436        12         2
434       437         3         1
252       412       160        26
436       437         1         1
421       436        15         2
431       435         4         3
43       416       373        22
428       434         6         4
413       437        24         1
426       431         5         7
419       432        13         6
417       436        19         2
403       431        28         7
425       429         4         9
408       432        24         6
416       419         3        19
417       433        16         5
412       436        24         2
430       435         5         3
411       419         8        19
31       406       375        32
413       436        23         2
416       434        18         4
39       436       397         2
422       437        15         1
365       425        60        13
43       435       392         3
430       437         7         1
416       421         5        17
433       435         2         3
15       435       420         3
27       435       408         3
42       435       393         3
404       429        25         9
417       426         9        12
415       434        19         4
428       430         2         8
423       425         2        13
32       435       403         3
433       436         3         2
409       431        22         7
395       414        19        24
428       437         9         1
36       429       393         9
435       437         2         1
376       432        56         6
36       437       401         1
433       436         3         2
423       433        10         5
399       437        38         1
412       421         9        17
423       431         8         7
432       437         5         1
25        36        11       402
401       431        30         7
402       433        31         5
405       420        15        18
407       433        26         5
430       435         5         3
427       434         7         4
424       426         2        12
410       419         9        19
31       433       402         5
408       425        17        13
393       431        38         7
429       431         2         7
412       434        22         4
263       436       173         2
422       427         5        11
425       435        10         3
432       434         2         4
424       432         8         6
401       428        27        10
419       422         3        16
38       435       397         3
431       435         4         3
428       434         6         4
424       434        10         4
428       432         4         6
16       423       407        15
386       401        15        37
429       435         6         3
423       432         9         6
256       428       172        10
37       417       380        21
370       420        50        18
402       411         9        27
261       402       141        36
436       437         1         1
429       432         3         6
396       429        33         9
430       436         6         2
424       429         5         9
261       433       172         5
18       436       418         2
435       436         1         2
420       433        13         5
436       437         1         1
409       433        24         5
429       437         8         1
10       437       427         1
417       419         2        19
16       421       405        17
412       424        12        14
425       432         7         6
231       435       204         3
219       417       198        21
423       436        13         2
398       429        31         9
429       435         6         3
418       437        19         1
421       431        10         7
426       436        10         2
38       434       396         4
257       435       178         3
426       429         3         9
432       435         3         3
426       428         2        10
393       436        43         2
410       414         4        24
412       421         9        17
415       429        14         9
429       430         1         8
39       419       380        19
414       430        16         8
243       435       192         3
427       437        10         1
408       415         7        23
418       424         6        14
412       431        19         7
32       424       392        14
436       437         1         1
420       435        15         3
431       434         3         4
255       436       181         2
424       434        10         4
420       429         9         9
421       437        16         1
410       420        10        18
429       432         3         6
429       437         8         1
402       432        30         6
430       433         3         5
422       435        13         3
413       421         8        17
406       437        31         1
40       263       223       175
36       434       398         4
422       423         1        15
431       435         4         3
219       419       200        19
406       421        15        17
263       398       135        40
38       431       393         7
432       434         2         4
397       401         4        37
238       432       194         6
422       434        12         4
416       430        14         8
260       403       143        35
435       437         2         1
425       437        12         1
428       437         9         1
413       436        23         2
418       424         6        14
408       419        11        19
392       427        35        11
416       437        21         1
430       431         1         7
402       427        25        11
13       436       423         2
420       435        15         3
414       431        17         7
428       434         6         4
257       428       171        10
435       436         1         2
416       437        21         1
422       426         4        12
433       437         4         1
427       436         9         2
423       426         3        12
414       431        17         7
417       418         1        20
40       427       387        11
423       436        13         2
425       428         3        10
420       422         2        16
422       433        11         5
421       429         8         9
428       437         9         1
405       431        26         7
422       425         3        13
42       432       390         6
32       429       397         9
42       435       393         3
436       437         1         1
426       429         3         9
402       436        34         2
429       433         4         5
407       413         6        25
246       435       189         3
418       436        18         2
421       426         5        12
429       437         8         1
434       435         1         3
40       429       389         9
433       436         3         2
40       412       372        26
431       435         4         3
34       407       373        31
408       426        18        12
403       434        31         4
37        40         3       398
255       425       170        13
395       418        23        20
427       432         5         6
35       425       390        13
407       433        26         5
416       437        21         1
405       434        29         4
407       426        19        12
409       416         7        22
423       428         5        10
423       430         7         8
30       419       389        19
419       431        12         7
20       261       241       177
30       436       406         2
262       428       166        10
415       419         4        19
41       419       378        19
419       423         4        15
405       425        20        13
413       429        16         9
400       428        28        10
419       434        15         4
412       433        21         5
403       414        11        24
431       437         6         1
412       416         4        22
426       435         9         3
399       427        28        11
432       436         4         2
434       437         3         1
370       431        61         7
35       435       400         3
426       433         7         5
418       432        14         6
425       437        12         1
250       405       155        33
433       437         4         1
430       437         7         1
419       434        15         4
418       419         1        19
407       437        30         1
42       437       395         1
38       436       398         2
31       437       406         1
421       429         8         9
427       437        10         1
430       434         4         4
434       437         3         1
426       435         9         3
432       436         4         2
39       437       398         1
410       435        25         3
419       431        12         7
420       423         3        15
33       412       379        26
416       429        13         9
395       408        13        30
413       421         8        17
407       426        19        12
18       436       418         2
21       416       395        22
405       412         7        26
260       434       174         4
429       434         5         4
399       413        14        25
380       421        41        17
393       410        17        28
39       428       389        10
38       437       399         1
436       437         1         1
424       433         9         5
407       414         7        24
413       430        17         8
424       437        13         1
423       427         4        11
38       430       392         8
420       427         7        11
397       402         5        36
426       429         3         9
422       434        12         4
434       437         3         1
429       437         8         1
423       434        11         4
417       436        19         2
431       436         5         2
418       423         5        15
421       433        12         5
387       426        39        12
421       424         3        14
18       436       418         2
418       437        19         1
16       406       390        32
433       434         1         4
219       423       204        15
37       434       397         4
433       435         2         3
420       436        16         2
412       430        18         8
436       437         1         1
416       420         4        18
429       436         7         2
22       435       413         3
41       430       389         8
424       425         1        13
30       420       390        18
409       412         3        26
434       436         2         2
13       408       395        30
413       421         8        17
425       436        11         2
40       437       397         1
419       436        17         2
421       436        15         2
256       382       126        56
425       435        10         3
43       423       380        15
408       428        20        10
427       437        10         1
254       414       160        24
405       415        10        23
422       435        13         3
412       436        24         2
425       428         3        10
37       421       384        17
256       437       181         1
427       428         1        10
425       434         9         4
430       434         4         4
398       436        38         2
364       423        59        15
394       433        39         5
27       435       408         3
35       432       397         6
412       435        23         3
432       436         4         2
405       429        24         9
430       431         1         7
419       432        13         6
413       424        11        14
425       432         7         6
414       435        21         3
11       429       418         9
21       422       401        16
422       437        15         1
427       432         5         6
36       436       400         2
408       432        24         6
432       435         3         3
427       436         9         2
421       437        16         1
425       426         1        12
436       437         1         1
404       408         4        30
415       417         2        21
411       422        11        16
415       434        19         4
403       428        25        10
429       433         4         5
431       437         6         1
426       433         7         5
381       426        45        12
405       429        24         9
430       436         6         2
418       422         4        16
425       433         8         5
428       436         8         2
33        36         3       402
409       434        25         4
427       436         9         2
423       430         7         8
412       429        17         9
413       421         8        17
416       424         8        14
421       426         5        12
40       420       380        18
427       437        10         1
218       425       207        13
405       431        26         7
417       429        12         9
433       435         2         3
413       424        11        14
365       430        65         8
420       435        15         3
432       434         2         4
426       434         8         4
366       404        38        34
43       437       394         1
38       411       373        27
435       437         2         1
433       437         4         1
260       406       146        32
31       436       405         2
408       425        17        13
434       436         2         2
391       433        42         5
421       437        16         1
426       431         5         7
262       435       173         3
427       437        10         1
18       430       412         8
431       436         5         2
405       418        13        20
33       436       403         2
434       436         2         2
419       435        16         3
416       437        21         1
430       434         4         4
11       377       366        61
430       433         3         5
426       432         6         6
410       425        15        13
249       434       185         4
415       416         1        22
412       419         7        19
405       435        30         3
363       424        61        14
412       423        11        15
403       436        33         2
407       426        19        12
428       434         6         4
413       434        21         4
415       422         7        16
429       434         5         4
36       428       392        10
395       422        27        16
405       435        30         3
400       430        30         8
430       437         7         1
431       432         1         6
432       435         3         3
423       425         2        13
432       435         3         3
419       432        13         6
418       433        15         5
402       437        35         1
40       421       381        17
412       437        25         1
371       424        53        14
420       425         5        13
419       424         5        14
417       428        11        10
432       436         4         2
234       419       185        19
20       262       242       176
393       404        11        34
35       425       390        13
410       434        24         4
28       401       373        37
415       418         3        20
430       434         4         4
30       398       368        40
257       436       179         2
400       434        34         4
423       436        13         2
425       427         2        11
396       425        29        13
403       436        33         2
218       437       219         1
400       409         9        29
422       425         3        13
413       437        24         1
21       437       416         1
42       430       388         8
428       430         2         8
423       428         5        10
257       408       151        30
41       426       385        12
430       434         4         4
422       435        13         3
425       426         1        12
396       421        25        17
430       433         3         5
434       435         1         3
425       431         6         7
386       426        40        12
32       414       382        24
413       434        21         4
25       434       409         4
427       436         9         2
404       429        25         9
433       437         4         1
436       437         1         1
417       420         3        18
414       431        17         7
32        42        10       396
436       437         1         1
431       437         6         1
36       427       391        11
429       435         6         3
415       430        15         8
431       437         6         1
385       406        21        32
395       434        39         4
37       437       400         1
393       435        42         3
409       429        20         9
427       437        10         1
432       435         3         3
433       434         1         4
384       431        47         7
387       428        41        10
414       433        19         5
425       434         9         4
393       407        14        31
406       435        29         3
412       424        12        14
390       434        44         4
423       424         1        14
410       414         4        24
414       415         1        23
427       432         5         6
413       426        13        12
413       419         6        19
32       427       395        11
411       434        23         4
429       436         7         2
430       432         2         6
371       426        55        12
431       434         3         4
41       348       307        90
390       422        32        16
32       423       391        15
255       432       177         6
413       422         9        16
418       434        16         4
419       431        12         7
423       429         6         9
423       436        13         2
424       425         1        13
432       435         3         3
39       433       394         5
402       423        21        15
430       432         2         6
431       433         2         5
427       434         7         4
433       435         2         3
415       416         1        22
436       437         1         1
431       436         5         2
390       432        42         6
246       413       167        25
416       434        18         4
428       436         8         2
415       432        17         6
39       437       398         1
394       434        40         4
399       431        32         7
426       435         9         3
425       428         3        10
258       430       172         8
24       430       406         8
431       435         4         3
36       430       394         8
386       391         5        47
436       437         1         1
421       426         5        12
397       407        10        31
31       406       375        32
430       436         6         2
39       430       391         8
37       403       366        35
403       432        29         6
430       437         7         1
407       425        18        13
426       435         9         3
26       436       410         2
421       433        12         5
420       435        15         3
427       435         8         3
394       433        39         5
218       427       209        11
43       262       219       176
40       429       389         9
416       417         1        21
406       429        23         9
260       423       163        15
422       425         3        13
416       419         3        19
426       437        11         1
425       430         5         8
431       436         5         2
415       435        20         3
412       419         7        19
416       437        21         1
435       436         1         2
374       394        20        44
38       405       367        33
32       432       400         6
249       427       178        11
233       431       198         7
358       361         3        77
262       435       173         3
402       404         2        34
34       418       384        20
416       428        12        10
252       436       184         2
398       430        32         8
16       436       420         2
417       424         7        14
422       433        11         5
411       428        17        10
