274       278         4        12
281       289         8         1
269       286        17         4
263       289        26         1
285       289         4         1
280       289         9         1
280       282         2         8
284       289         5         1
271       282        11         8
287       288         1         2
279       287         8         3
281       286         5         4
278       284         6         6
163       289       126         1
166       280       114        10
266       267         1        23
273       278         5        12
284       288         4         2
25       288       263         2
268       281        13         9
281       288         7         2
283       284         1         6
280       283         3         7
272       289        17         1
274       275         1        15
283       285         2         5
287       289         2         1
267       284        17         6
281       286         5         4
276       278         2        12
272       287        15         3
286       288         2         2
288       289         1         1
274       289        15         1
272       284        12         6
278       287         9         3
287       289         2         1
281       288         7         2
285       288         3         2
259       281        22         9
276       289        13         1
281       282         1         8
283       284         1         6
27       285       258         5
152       287       135         3
286       289         3         1
266       267         1        23
22       289       267         1
280       283         3         7
278       284         6         6
282       288         6         2
22       288       266         2
285       289         4         1
272       283        11         7
279       287         8         3
272       289        17         1
282       284         2         6
271       282        11         8
276       287        11         3
263       282        19         8
286       287         1         3
271       289        18         1
268       288        20         2
276       279         3        11
279       286         7         4
276       280         4        10
280       281         1         9
264       286        22         4
273       289        16         1
251       255         4        35
283       285         2         5
283       289         6         1
283       287         4         3
280       281         1         9
285       289         4         1
280       287         7         3
287       289         2         1
277       289        12         1
278       289        11         1
280       282         2         8
277       288        11         2
266       284        18         6
280       286         6         4
283       289         6         1
280       288         8         2
266       280        14        10
258       289        31         1
280       284         4         6
281       289         8         1
279       281         2         9
282       284         2         6
279       284         5         6
23       280       257        10
280       289         9         1
277       289        12         1
272       282        10         8
287       289         2         1
269       283        14         7
283       285         2         5
279       283         4         7
284       288         4         2
270       281        11         9
27       269       242        21
275       278         3        12
281       287         6         3
281       288         7         2
282       284         2         6
278       289        11         1
282       284         2         6
278       279         1        11
287       288         1         2
281       286         5         4
9       287       278         3
267       286        19         4
284       289         5         1
286       289         3         1
167       289       122         1
275       289        14         1
24       279       255        11
266       282        16         8
15       279       264        11
162       289       127         1
271       289        18         1
271       283        12         7
156       274       118        16
27       285       258         5
278       284         6         6
283       286         3         4
278       285         7         5
281       289         8         1
268       287        19         3
283       287         4         3
287       288         1         2
279       286         7         4
273       278         5        12
287       288         1         2
23       285       262         5
275       281         6         9
280       284         4         6
278       280         2        10
275       285        10         5
270       277         7        13
13       270       257        20
287       289         2         1
274       288        14         2
259       282        23         8
282       287         5         3
164       289       125         1
281       286         5         4
286       287         1         3
165       270       105        20
242       285        43         5
285       288         3         2
254       282        28         8
167       288       121         2
255       285        30         5
263       285        22         5
283       288         5         2
284       289         5         1
274       282         8         8
23       289       266         1
26       274       248        16
285       288         3         2
284       286         2         4
25       283       258         7
287       289         2         1
282       286         4         4
277       283         6         7
271       277         6        13
281       286         5         4
18       282       264         8
286       288         2         2
283       284         1         6
268       274         6        16
280       289         9         1
285       287         2         3
281       289         8         1
284       288         4         2
272       286        14         4
270       286        16         4
286       288         2         2
283       287         4         3
284       286         2         4
272       278         6        12
270       274         4        16
25       272       247        18
269       270         1        20
281       289         8         1
274       276         2        14
266       289        23         1
278       284         6         6
13       279       266        11
275       280         5        10
264       274        10        16
274       289        15         1
273       285        12         5
287       289         2         1
284       289         5         1
274       283         9         7
278       285         7         5
268       281        13         9
244       286        42         4
280       285         5         5
21       275       254        15
268       284        16         6
288       289         1         1
284       286         2         4
274       288        14         2
279       285         6         5
260       280        20        10
269       278         9        12
270       284        14         6
158       271       113        19
280       287         7         3
272       278         6        12
278       279         1        11
276       288        12         2
281       282         1         8
21       287       266         3
268       274         6        16
239       286        47         4
286       289         3         1
275       289        14         1
269       286        17         4
257       289        32         1
273       284        11         6
286       289         3         1
277       283         6         7
273       275         2        15
280       288         8         2
278       285         7         5
272       289        17         1
27       263       236        27
267       288        21         2
20       289       269         1
274       279         5        11
280       287         7         3
281       282         1         8
288       289         1         1
279       286         7         4
273       283        10         7
259       261         2        29
287       288         1         2
276       289        13         1
271       282        11         8
262       288        26         2
285       286         1         4
16       285       269         5
272       283        11         7
285       287         2         3
285       286         1         4
285       287         2         3
282       285         3         5
285       288         3         2
261       269         8        21
284       289         5         1
217       284        67         6
272       284        12         6
271       282        11         8
279       280         1        10
20       285       265         5
277       282         5         8
282       288         6         2
275       282         7         8
281       289         8         1
277       289        12         1
282       288         6         2
280       286         6         4
24       270       246        20
252       279        27        11
271       276         5        14
280       284         4         6
273       288        15         2
274       286        12         4
278       281         3         9
264       289        25         1
281       282         1         8
287       288         1         2
224       267        43        23
268       284        16         6
285       286         1         4
266       280        14        10
272       287        15         3
283       287         4         3
278       281         3         9
287       288         1         2
283       287         4         3
13       286       273         4
284       285         1         5
24       289       265         1
284       288         4         2
282       286         4         4
287       289         2         1
281       286         5         4
278       289        11         1
285       286         1         4
286       288         2         2
287       289         2         1
288       289         1         1
9       274       265        16
287       288         1         2
275       280         5        10
278       280         2        10
26       279       253        11
275       276         1        14
250       277        27        13
267       287        20         3
280       283         3         7
286       287         1         3
277       285         8         5
27       281       254         9
275       289        14         1
279       281         2         9
251       277        26        13
285       288         3         2
281       288         7         2
10       270       260        20
278       288        10         2
280       285         5         5
282       288         6         2
258       286        28         4
19       283       264         7
282       288         6         2
279       282         3         8
288       289         1         1
276       279         3        11
274       289        15         1
275       282         7         8
283       285         2         5
6       289       283         1
278       281         3         9
19       267       248        23
244       288        44         2
273       283        10         7
277       289        12         1
261       280        19        10
285       287         2         3
285       287         2         3
284       287         3         3
273       284        11         6
282       289         7         1
274       289        15         1
285       287         2         3
266       289        23         1
275       276         1        14
15        26        11       264
286       288         2         2
267       279        12        11
287       288         1         2
14       289       275         1
283       286         3         4
287       289         2         1
273       287        14         3
280       286         6         4
263       275        12        15
27       284       257         6
263       284        21         6
281       288         7         2
285       289         4         1
279       285         6         5
287       289         2         1
269       270         1        20
281       288         7         2
287       289         2         1
165       289       124         1
280       286         6         4
26       288       262         2
280       289         9         1
275       278         3        12
268       275         7        15
284       285         1         5
282       286         4         4
280       289         9         1
280       285         5         5
280       281         1         9
280       281         1         9
281       289         8         1
281       289         8         1
278       288        10         2
283       289         6         1
23       282       259         8
266       281        15         9
286       288         2         2
267       284        17         6
275       289        14         1
283       286         3         4
271       288        17         2
255       279        24        11
285       289         4         1
166       272       106        18
287       288         1         2
265       285        20         5
285       286         1         4
277       287        10         3
251       279        28        11
287       289         2         1
284       286         2         4
275       281         6         9
269       280        11        10
286       289         3         1
285       288         3         2
286       288         2         2
270       286        16         4
26       253       227        37
288       289         1         1
275       287        12         3
255       286        31         4
247       280        33        10
278       286         8         4
276       289        13         1
284       287         3         3
276       282         6         8
271       278         7        12
286       287         1         3
282       289         7         1
273       284        11         6
23       288       265         2
278       282         4         8
24       278       254        12
269       277         8        13
153       275       122        15
254       284        30         6
273       285        12         5
287       289         2         1
285       288         3         2
282       283         1         7
279       286         7         4
254       280        26        10
278       285         7         5
280       281         1         9
279       280         1        10
267       289        22         1
246       271        25        19
278       285         7         5
167       274       107        16
281       283         2         7
286       289         3         1
160       289       129         1
271       288        17         2
8       285       277         5
284       289         5         1
272       289        17         1
271       289        18         1
167       285       118         5
280       282         2         8
286       287         1         3
283       288         5         2
279       285         6         5
276       281         5         9
159       287       128         3
273       276         3        14
278       279         1        11
272       276         4        14
270       285        15         5
285       287         2         3
268       284        16         6
3       287       284         3
278       288        10         2
247       281        34         9
154       281       127         9
268       289        21         1
285       286         1         4
15       285       270         5
273       280         7        10
283       288         5         2
278       289        11         1
274       278         4        12
287       289         2         1
263       283        20         7
21       259       238        31
284       287         3         3
269       278         9        12
283       288         5         2
274       278         4        12
280       289         9         1
26       274       248        16
262       289        27         1
163       283       120         7
286       289         3         1
262       274        12        16
288       289         1         1
276       283         7         7
163       283       120         7
286       287         1         3
257       277        20        13
280       286         6         4
279       285         6         5
160       288       128         2
24       282       258         8
284       285         1         5
256       289        33         1
265       283        18         7
280       288         8         2
282       289         7         1
271       285        14         5
282       289         7         1
266       278        12        12
27       282       255         8
286       289         3         1
276       278         2        12
269       280        11        10
167       285       118         5
274       288        14         2
275       281         6         9
272       285        13         5
284       289         5         1
257       266         9        24
278       280         2        10
278       289        11         1
269       279        10        11
266       281        15         9
282       286         4         4
252       281        29         9
277       288        11         2
265       288        23         2
284       288         4         2
287       289         2         1
268       288        20         2
12       288       276         2
24       279       255        11
283       286         3         4
288       289         1         1
278       288        10         2
284       289         5         1
264       282        18         8
286       289         3         1
285       286         1         4
286       288         2         2
6       280       274        10
285       287         2         3
280       286         6         4
235       277        42        13
281       286         5         4
284       286         2         4
286       287         1         3
278       289        11         1
280       289         9         1
286       289         3         1
162       282       120         8
282       287         5         3
282       287         5         3
277       285         8         5
284       287         3         3
282       286         4         4
218       284        66         6
282       285         3         5
264       283        19         7
245       273        28        17
285       286         1         4
276       283         7         7
284       288         4         2
268       286        18         4
281       286         5         4
253       283        30         7
282       287         5         3
278       279         1        11
277       288        11         2
284       289         5         1
280       281         1         9
274       277         3        13
282       288         6         2
280       284         4         6
264       285        21         5
278       289        11         1
272       287        15         3
279       287         8         3
276       286        10         4
282       287         5         3
283       289         6         1
283       286         3         4
278       281         3         9
20       287       267         3
286       287         1         3
277       285         8         5
278       284         6         6
286       288         2         2
260       279        19        11
23       279       256        11
27       284       257         6
2       286       284         4
263       269         6        21
26       279       253        11
25       287       262         3
273       282         9         8
26       281       255         9
286       288         2         2
279       286         7         4
24       289       265         1
274       281         7         9
274       275         1        15
277       281         4         9
22       284       262         6
283       289         6         1
286       289         3         1
25       279       254        11
279       280         1        10
277       289        12         1
266       287        21         3
25       289       264         1
4       284       280         6
14       286       272         4
282       285         3         5
278       284         6         6
285       287         2         3
23       288       265         2
281       282         1         8
164       289       125         1
287       288         1         2
165       288       123         2
287       289         2         1
4       275       271        15
287       289         2         1
279       289        10         1
277       281         4         9
282       286         4         4
285       286         1         4
287       289         2         1
23       281       258         9
251       270        19        20
281       289         8         1
27       288       261         2
276       289        13         1
277       286         9         4
282       284         2         6
278       285         7         5
6        23        17       267
261       289        28         1
20       288       268         2
18       286       268         4
269       288        19         2
286       289         3         1
280       287         7         3
285       288         3         2
288       289         1         1
276       289        13         1
13       287       274         3
275       288        13         2
279       286         7         4
274       286        12         4
278       283         5         7
256       286        30         4
275       285        10         5
264       289        25         1
233       273        40        17
261       269         8        21
281       284         3         6
20       281       261         9
286       289         3         1
282       286         4         4
287       288         1         2
287       289         2         1
281       288         7         2
259       279        20        11
280       281         1         9
284       288         4         2
267       287        20         3
269       286        17         4
281       285         4         5
286       287         1         3
277       287        10         3
276       284         8         6
286       287         1         3
23       280       257        10
281       286         5         4
278       282         4         8
272       283        11         7
274       278         4        12
22       281       259         9
263       286        23         4
271       285        14         5
278       288        10         2
265       280        15        10
9       288       279         2
269       287        18         3
274       285        11         5
281       289         8         1
281       286         5         4
272       288        16         2
278       279         1        11
285       288         3         2
7       287       280         3
275       278         3        12
277       285         8         5
276       284         8         6
167       278       111        12
273       279         6        11
257       284        27         6
273       283        10         7
287       288         1         2
272       281         9         9
277       282         5         8
287       288         1         2
285       289         4         1
21       289       268         1
287       288         1         2
278       283         5         7
279       288         9         2
278       288        10         2
277       289        12         1
274       282         8         8
25       282       257         8
3       276       273        14
277       286         9         4
279       289        10         1
268       278        10        12
26       267       241        23
251       287        36         3
284       287         3         3
281       289         8         1
266       283        17         7
283       289         6         1
276       284         8         6
268       283        15         7
151       279       128        11
286       289         3         1
284       289         5         1
269       286        17         4
3       289       286         1
258       286        28         4
272       287        15         3
284       285         1         5
281       282         1         8
26       285       259         5
280       283         3         7
281       285         4         5
157       285       128         5
273       285        12         5
285       289         4         1
14       285       271         5
274       283         9         7
274       276         2        14
269       284        15         6
285       287         2         3
280       284         4         6
278       289        11         1
16       277       261        13
260       282        22         8
285       289         4         1
278       283         5         7
273       285        12         5
247       284        37         6
283       287         4         3
279       284         5         6
281       287         6         3
276       280         4        10
20       289       269         1
282       287         5         3
284       286         2         4
255       268        13        22
270       272         2        18
257       262         5        28
166       286       120         4
282       287         5         3
283       288         5         2
284       286         2         4
285       288         3         2
287       288         1         2
271       279         8        11
25       284       259         6
163       280       117        10
17       252       235        38
280       281         1         9
279       289        10         1
279       288         9         2
23       284       261         6
25       287       262         3
251       281        30         9
26       285       259         5
27       288       261         2
263       274        11        16
286       289         3         1
272       289        17         1
276       289        13         1
275       279         4        11
287       289         2         1
17       287       270         3
275       287        12         3
274       288        14         2
279       282         3         8
279       281         2         9
264       273         9        17
27       289       262         1
27       285       258         5
278       280         2        10
263       287        24         3
285       287         2         3
283       289         6         1
272       289        17         1
283       289         6         1
277       289        12         1
21       279       258        11
19       286       267         4
284       288         4         2
270       271         1        19
276       277         1        13
263       269         6        21
274       279         5        11
268       274         6        16
262       284        22         6
24       289       265         1
287       289         2         1
264       288        24         2
282       289         7         1
279       281         2         9
280       288         8         2
263       275        12        15
15       287       272         3
271       273         2        17
279       281         2         9
164       282       118         8
283       286         3         4
283       286         3         4
166       288       122         2
274       281         7         9
276       286        10         4
287       288         1         2
287       288         1         2
256       278        22        12
279       288         9         2
247       282        35         8
287       289         2         1
279       282         3         8
286       288         2         2
252       258         6        32
272       280         8        10
277       282         5         8
282       289         7         1
248       266        18        24
279       282         3         8
279       284         5         6
277       285         8         5
282       285         3         5
274       281         7         9
160       278       118        12
287       288         1         2
274       286        12         4
274       286        12         4
283       285         2         5
274       289        15         1
161       285       124         5
278       288        10         2
161       283       122         7
274       280         6        10
286       289         3         1
27       289       262         1
286       289         3         1
285       289         4         1
287       288         1         2
268       280        12        10
14       289       275         1
13       281       268         9
280       284         4         6
271       274         3        16
279       289        10         1
281       289         8         1
283       284         1         6
254       264        10        26
27       288       261         2
285       287         2         3
270       288        18         2
274       288        14         2
267       287        20         3
243       286        43         4
265       270         5        20
272       288        16         2
267       282        15         8
278       282         4         8
285       289         4         1
265       270         5        20
288       289         1         1
265       269         4        21
276       282         6         8
264       287        23         3
283       285         2         5
266       288        22         2
285       286         1         4
288       289         1         1
272       284        12         6
269       287        18         3
266       274         8        16
276       282         6         8
288       289         1         1
18       286       268         4
267       281        14         9
259       289        30         1
166       289       123         1
280       285         5         5
278       282         4         8
282       286         4         4
266       280        14        10
25       289       264         1
274       288        14         2
16       271       255        19
273       276         3        14
269       273         4        17
278       287         9         3
285       287         2         3
264       282        18         8
282       285         3         5
283       286         3         4
281       288         7         2
280       288         8         2
287       288         1         2
277       280         3        10
285       286         1         4
284       285         1         5
279       281         2         9
257       259         2        31
283       286         3         4
278       280         2        10
17       286       269         4
270       280        10        10
284       286         2         4
285       287         2         3
287       288         1         2
5       272       267        18
285       287         2         3
274       288        14         2
287       288         1         2
283       286         3         4
281       285         4         5
284       288         4         2
280       286         6         4
271       272         1        18
279       288         9         2
150       283       133         7
267       287        20         3
25       276       251        14
278       282         4         8
157       276       119        14
284       287         3         3
279       282         3         8
273       285        12         5
277       286         9         4
285       287         2         3
265       287        22         3
286       287         1         3
167       288       121         2
259       278        19        12
285       287         2         3
269       287        18         3
269       278         9        12
280       281         1         9
282       283         1         7
280       285         5         5
287       289         2         1
285       289         4         1
285       286         1         4
270       285        15         5
287       288         1         2
275       285        10         5
255       286        31         4
278       287         9         3
11       289       278         1
273       288        15         2
283       285         2         5
282       284         2         6
271       284        13         6
284       285         1         5
286       289         3         1
258       283        25         7
276       286        10         4
282       284         2         6
18       284       266         6
283       288         5         2
280       282         2         8
274       279         5        11
274       287        13         3
288       289         1         1
254       280        26        10
286       288         2         2
279       286         7         4
279       284         5         6
263       287        24         3
271       278         7        12
283       288         5         2
278       284         6         6
282       286         4         4
267       276         9        14
283       289         6         1
286       289         3         1
255       273        18        17
273       288        15         2
281       284         3         6
278       287         9         3
281       282         1         8
284       289         5         1
274       277         3        13
276       288        12         2
282       286         4         4
285       289         4         1
278       289        11         1
279       289        10         1
267       284        17         6
271       289        18         1
288       289         1         1
285       288         3         2
267       277        10        13
283       285         2         5
24       284       260         6
