213       227        14         3
209       227        18         3
217       224         7         6
217       226         9         4
8       227       219         3
228       229         1         1
226       229         3         1
215       229        14         1
213       226        13         4
195       228        33         2
11       229       218         1
219       229        10         1
219       228         9         2
226       228         2         2
215       225        10         5
215       229        14         1
218       221         3         9
225       228         3         2
228       229         1         1
218       225         7         5
216       228        12         2
175       221        46         9
223       229         6         1
228       229         1         1
226       229         3         1
225       228         3         2
216       226        10         4
218       226         8         4
15       228       213         2
224       227         3         3
223       226         3         4
219       220         1        10
215       226        11         4
225       227         2         3
226       227         1         3
212       229        17         1
218       228        10         2
222       223         1         7
25       221       196         9
222       224         2         6
133       229        96         1
19       224       205         6
214       229        15         1
216       224         8         6
16        25         9       205
224       227         3         3
214       228        14         2
212       224        12         6
212       222        10         8
223       229         6         1
218       228        10         2
223       224         1         6
218       229        11         1
225       227         2         3
224       228         4         2
220       228         8         2
213       223        10         7
7       227       220         3
124       225       101         5
215       222         7         8
217       229        12         1
214       228        14         2
228       229         1         1
216       225         9         5
208       226        18         4
216       228        12         2
225       226         1         4
26       209       183        21
213       228        15         2
188       228        40         2
222       223         1         7
228       229         1         1
215       224         9         6
216       225         9         5
3       187       184        43
222       229         7         1
217       227        10         3
217       222         5         8
225       226         1         4
26       193       167        37
216       224         8         6
188       229        41         1
200       229        29         1
25       228       203         2
25       221       196         9
17       220       203        10
214       229        15         1
223       227         4         3
223       226         3         4
195       225        30         5
216       227        11         3
198       227        29         3
222       225         3         5
222       223         1         7
212       225        13         5
23       229       206         1
216       229        13         1
228       229         1         1
221       226         5         4
15       218       203        12
206       209         3        21
221       223         2         7
212       229        17         1
222       225         3         5
220       227         7         3
226       227         1         3
224       228         4         2
208       228        20         2
15       229       214         1
22       226       204         4
211       222        11         8
226       229         3         1
216       229        13         1
208       217         9        13
215       221         6         9
226       228         2         2
222       228         6         2
221       222         1         8
223       228         5         2
214       226        12         4
216       220         4        10
223       224         1         6
201       225        24         5
201       227        26         3
219       228         9         2
222       227         5         3
226       229         3         1
226       229         3         1
201       214        13        16
7       223       216         7
215       229        14         1
222       226         4         4
224       225         1         5
208       227        19         3
219       228         9         2
198       229        31         1
222       227         5         3
25       223       198         7
13       225       212         5
221       225         4         5
19       227       208         3
25       228       203         2
221       222         1         8
24       229       205         1
216       225         9         5
21       228       207         2
219       228         9         2
225       229         4         1
205       218        13        12
220       223         3         7
226       227         1         3
226       228         2         2
13       227       214         3
26       228       202         2
209       229        20         1
133       227        94         3
220       221         1         9
130       219        89        11
218       229        11         1
222       228         6         2
221       228         7         2
209       229        20         1
207       227        20         3
221       224         3         6
213       229        16         1
219       221         2         9
228       229         1         1
227       229         2         1
221       229         8         1
23       226       203         4
227       229         2         1
226       227         1         3
211       221        10         9
220       229         9         1
226       228         2         2
217       228        11         2
133       216        83        14
226       227         1         3
222       227         5         3
201       224        23         6
220       227         7         3
220       227         7         3
212       229        17         1
222       229         7         1
224       225         1         5
214       223         9         7
224       225         1         5
221       225         4         5
218       224         6         6
226       229         3         1
216       222         6         8
219       223         4         7
207       225        18         5
209       228        19         2
226       229         3         1
213       220         7        10
25       221       196         9
227       229         2         1
224       228         4         2
223       227         4         3
224       225         1         5
215       224         9         6
213       224        11         6
220       227         7         3
127       217        90        13
219       223         4         7
221       228         7         2
228       229         1         1
201       216        15        14
222       225         3         5
223       229         6         1
227       229         2         1
24       218       194        12
24       229       205         1
207       222        15         8
218       222         4         8
224       227         3         3
226       229         3         1
223       229         6         1
124       215        91        15
224       229         5         1
216       228        12         2
17       208       191        22
223       227         4         3
215       219         4        11
224       225         1         5
26       222       196         8
227       228         1         2
225       226         1         4
227       228         1         2
224       229         5         1
214       227        13         3
212       222        10         8
221       223         2         7
217       221         4         9
202       229        27         1
202       229        27         1
24       217       193        13
223       225         2         5
211       214         3        16
225       226         1         4
23       223       200         7
218       226         8         4
221       222         1         8
219       220         1        10
226       228         2         2
223       226         3         4
223       229         6         1
225       226         1         4
222       229         7         1
217       225         8         5
17       229       212         1
215       217         2        13
226       228         2         2
217       219         2        11
221       225         4         5
210       228        18         2
202       226        24         4
223       224         1         6
225       228         3         2
226       227         1         3
221       228         7         2
198       227        29         3
211       225        14         5
26       220       194        10
202       221        19         9
211       221        10         9
223       227         4         3
207       223        16         7
222       227         5         3
214       223         9         7
214       223         9         7
216       221         5         9
227       229         2         1
220       225         5         5
222       223         1         7
203       229        26         1
224       229         5         1
218       223         5         7
218       226         8         4
226       229         3         1
221       229         8         1
198       217        19        13
205       225        20         5
224       229         5         1
213       229        16         1
13       226       213         4
218       226         8         4
228       229         1         1
221       226         5         4
221       225         4         5
218       227         9         3
226       227         1         3
218       222         4         8
25       130       105       100
224       225         1         5
217       225         8         5
223       229         6         1
12       225       213         5
222       228         6         2
220       224         4         6
221       229         8         1
225       226         1         4
221       226         5         4
200       224        24         6
218       226         8         4
217       227        10         3
226       229         3         1
228       229         1         1
204       229        25         1
207       227        20         3
194       221        27         9
225       229         4         1
226       227         1         3
219       226         7         4
225       227         2         3
25       229       204         1
23       131       108        99
227       229         2         1
217       224         7         6
219       226         7         4
210       212         2        18
209       229        20         1
216       221         5         9
223       225         2         5
220       229         9         1
226       229         3         1
224       229         5         1
228       229         1         1
224       225         1         5
225       226         1         4
203       220        17        10
214       219         5        11
210       222        12         8
202       229        27         1
224       225         1         5
212       229        17         1
211       218         7        12
213       222         9         8
208       217         9        13
202       228        26         2
212       227        15         3
212       229        17         1
18       228       210         2
209       221        12         9
226       228         2         2
226       229         3         1
222       226         4         4
24       227       203         3
217       229        12         1
218       226         8         4
201       228        27         2
193       204        11        26
201       229        28         1
220       229         9         1
19       228       209         2
217       229        12         1
222       225         3         5
220       226         6         4
226       229         3         1
222       225         3         5
218       226         8         4
225       227         2         3
223       227         4         3
207       228        21         2
201       220        19        10
221       224         3         6
16       226       210         4
14       225       211         5
220       227         7         3
193       227        34         3
220       223         3         7
216       223         7         7
213       226        13         4
218       225         7         5
17       228       211         2
227       229         2         1
224       229         5         1
223       229         6         1
217       229        12         1
202       229        27         1
17       223       206         7
227       229         2         1
19       228       209         2
125       214        89        16
218       224         6         6
222       227         5         3
202       227        25         3
133       222        89         8
220       225         5         5
219       229        10         1
225       228         3         2
222       223         1         7
225       229         4         1
227       229         2         1
200       221        21         9
218       227         9         3
223       224         1         6
218       224         6         6
228       229         1         1
211       228        17         2
227       228         1         2
213       221         8         9
216       222         6         8
217       225         8         5
20       223       203         7
219       221         2         9
226       229         3         1
202       229        27         1
228       229         1         1
226       229         3         1
20        26         6       204
220       227         7         3
218       226         8         4
223       226         3         4
221       225         4         5
216       226        10         4
222       224         2         6
222       224         2         6
224       227         3         3
213       224        11         6
213       218         5        12
225       227         2         3
223       228         5         2
132       219        87        11
220       221         1         9
21       229       208         1
221       226         5         4
26       229       203         1
200       228        28         2
224       227         3         3
226       229         3         1
207       229        22         1
189       218        29        12
206       226        20         4
217       222         5         8
213       228        15         2
226       228         2         2
228       229         1         1
194       227        33         3
24       227       203         3
220       227         7         3
130       226        96         4
204       220        16        10
208       225        17         5
19       227       208         3
25       216       191        14
224       228         4         2
227       229         2         1
214       216         2        14
223       225         2         5
18       218       200        12
12       227       215         3
202       224        22         6
222       225         3         5
124       195        71        35
212       228        16         2
223       229         6         1
216       225         9         5
214       217         3        13
217       221         4         9
222       226         4         4
208       219        11        11
224       226         2         4
132       225        93         5
133       228        95         2
216       229        13         1
203       224        21         6
220       221         1         9
223       228         5         2
228       229         1         1
211       226        15         4
223       225         2         5
218       224         6         6
226       227         1         3
221       225         4         5
222       224         2         6
25       224       199         6
214       227        13         3
216       228        12         2
222       225         3         5
222       229         7         1
211       224        13         6
208       227        19         3
214       226        12         4
212       220         8        10
220       229         9         1
132       227        95         3
221       229         8         1
219       227         8         3
26       225       199         5
227       229         2         1
219       227         8         3
214       221         7         9
224       225         1         5
218       228        10         2
216       224         8         6
227       229         2         1
212       228        16         2
223       225         2         5
218       225         7         5
228       229         1         1
219       220         1        10
219       221         2         9
227       229         2         1
220       224         4         6
16       228       212         2
224       228         4         2
214       229        15         1
227       228         1         2
21       227       206         3
220       225         5         5
211       227        16         3
215       220         5        10
221       224         3         6
220       225         5         5
218       220         2        10
220       229         9         1
225       226         1         4
198       225        27         5
227       228         1         2
14       222       208         8
222       228         6         2
221       224         3         6
227       228         1         2
220       224         4         6
221       222         1         8
227       228         1         2
130       225        95         5
222       225         3         5
211       229        18         1
225       226         1         4
208       224        16         6
222       226         4         4
227       229         2         1
225       228         3         2
208       221        13         9
226       228         2         2
213       219         6        11
221       228         7         2
223       229         6         1
134       226        92         4
228       229         1         1
222       229         7         1
217       225         8         5
219       222         3         8
223       228         5         2
227       228         1         2
224       228         4         2
222       225         3         5
225       228         3         2
210       222        12         8
226       228         2         2
217       226         9         4
210       217         7        13
208       221        13         9
13       224       211         6
22       227       205         3
225       228         3         2
26       218       192        12
26       229       203         1
25       223       198         7
221       229         8         1
212       214         2        16
196       225        29         5
224       226         2         4
215       222         7         8
216       229        13         1
216       221         5         9
217       219         2        11
217       229        12         1
126       229       103         1
215       227        12         3
207       223        16         7
223       229         6         1
212       216         4        14
226       228         2         2
222       224         2         6
216       225         9         5
20       212       192        18
219       224         5         6
214       226        12         4
130       227        97         3
227       229         2         1
224       225         1         5
223       227         4         3
209       218         9        12
198       223        25         7
228       229         1         1
224       226         2         4
25       229       204         1
134       228        94         2
130       228        98         2
218       228        10         2
218       229        11         1
222       228         6         2
215       216         1        14
213       217         4        13
15       228       213         2
206       223        17         7
224       229         5         1
187       227        40         3
222       229         7         1
130       229        99         1
224       225         1         5
199       227        28         3
227       229         2         1
5       222       217         8
20       221       201         9
215       228        13         2
130       214        84        16
11       222       211         8
188       219        31        11
193       224        31         6
215       226        11         4
26       226       200         4
22       229       207         1
212       228        16         2
219       229        10         1
225       229         4         1
12       227       215         3
125       225       100         5
223       227         4         3
216       217         1        13
221       226         5         4
225       226         1         4
208       222        14         8
221       228         7         2
206       228        22         2
223       225         2         5
16       228       212         2
228       229         1         1
132       226        94         4
227       229         2         1
217       220         3        10
219       227         8         3
217       227        10         3
222       224         2         6
227       229         2         1
131       229        98         1
133       224        91         6
14       228       214         2
219       225         6         5
224       229         5         1
222       225         3         5
14       220       206        10
226       229         3         1
210       228        18         2
218       222         4         8
223       228         5         2
217       228        11         2
220       221         1         9
221       228         7         2
220       225         5         5
25       129       104       101
210       222        12         8
224       229         5         1
204       211         7        19
226       228         2         2
227       229         2         1
223       226         3         4
222       223         1         7
223       226         3         4
215       228        13         2
227       229         2         1
211       222        11         8
218       223         5         7
222       225         3         5
228       229         1         1
224       229         5         1
221       222         1         8
217       225         8         5
219       221         2         9
22       225       203         5
216       217         1        13
227       228         1         2
224       227         3         3
12       225       213         5
205       223        18         7
224       229         5         1
221       228         7         2
18       213       195        17
227       229         2         1
221       229         8         1
214       221         7         9
16       223       207         7
217       220         3        10
215       226        11         4
228       229         1         1
213       226        13         4
217       224         7         6
130       227        97         3
220       223         3         7
223       229         6         1
213       229        16         1
211       221        10         9
224       225         1         5
224       228         4         2
218       224         6         6
132       214        82        16
13       218       205        12
223       226         3         4
225       228         3         2
213       217         4        13
219       222         3         8
220       229         9         1
216       224         8         6
218       220         2        10
223       228         5         2
210       221        11         9
18       222       204         8
225       229         4         1
220       227         7         3
197       228        31         2
217       219         2        11
216       222         6         8
221       223         2         7
226       229         3         1
217       229        12         1
211       227        16         3
216       227        11         3
220       222         2         8
228       229         1         1
208       225        17         5
223       224         1         6
11       224       213         6
213       227        14         3
208       223        15         7
221       224         3         6
223       228         5         2
228       229         1         1
207       229        22         1
213       226        13         4
221       227         6         3
16       125       109       105
222       228         6         2
227       229         2         1
214       225        11         5
132       224        92         6
221       224         3         6
223       229         6         1
227       228         1         2
20       229       209         1
221       227         6         3
7       215       208        15
22       227       205         3
220       223         3         7
214       226        12         4
221       224         3         6
223       225         2         5
224       228         4         2
220       229         9         1
226       228         2         2
215       227        12         3
214       228        14         2
208       218        10        12
218       220         2        10
227       229         2         1
205       222        17         8
224       227         3         3
218       220         2        10
133       227        94         3
226       228         2         2
222       227         5         3
225       229         4         1
222       227         5         3
23       229       206         1
207       215         8        15
134       219        85        11
224       226         2         4
218       226         8         4
225       226         1         4
226       229         3         1
213       229        16         1
220       227         7         3
226       229         3         1
224       227         3         3
224       226         2         4
226       227         1         3
225       227         2         3
209       212         3        18
6       220       214        10
220       221         1         9
225       227         2         3
228       229         1         1
218       221         3         9
211       229        18         1
220       229         9         1
224       226         2         4
22       228       206         2
213       222         9         8
209       224        15         6
204       215        11        15
216       219         3        11
217       220         3        10
189       229        40         1
221       229         8         1
217       229        12         1
222       226         4         4
23       217       194        13
224       227         3         3
227       228         1         2
210       226        16         4
213       226        13         4
213       228        15         2
203       210         7        20
19       228       209         2
228       229         1         1
216       220         4        10
227       229         2         1
218       222         4         8
223       228         5         2
210       211         1        19
227       228         1         2
217       222         5         8
215       227        12         3
223       227         4         3
224       225         1         5
220       224         4         6
208       228        20         2
225       229         4         1
217       220         3        10
25       222       197         8
212       225        13         5
20       227       207         3
222       224         2         6
220       227         7         3
219       227         8         3
227       228         1         2
220       227         7         3
225       228         3         2
195       225        30         5
25       229       204         1
209       217         8        13
220       226         6         4
221       225         4         5
220       228         8         2
219       228         9         2
130       226        96         4
129       220        91        10
125       222        97         8
217       229        12         1
223       227         4         3
221       227         6         3
207       216         9        14
213       227        14         3
226       229         3         1
133       229        96         1
225       229         4         1
227       229         2         1
225       226         1         4
13       209       196        21
221       223         2         7
226       229         3         1
221       229         8         1
215       220         5        10
223       228         5         2
127       227       100         3
216       226        10         4
217       226         9         4
211       224        13         6
206       226        20         4
225       228         3         2
210       229        19         1
207       228        21         2
128       225        97         5
210       212         2        18
187       224        37         6
223       229         6         1
130       225        95         5
205       215        10        15
16       224       208         6
223       229         6         1
219       222         3         8
220       229         9         1
211       221        10         9
226       229         3         1
226       228         2         2
224       226         2         4
203       223        20         7
221       229         8         1
225       227         2         3
208       225        17         5
209       220        11        10
221       228         7         2
218       227         9         3
225       229         4         1
220       227         7         3
226       227         1         3
222       228         6         2
228       229         1         1
209       217         8        13
226       229         3         1
208       222        14         8
223       229         6         1
227       229         2         1
211       217         6        13
218       225         7         5
225       227         2         3
223       224         1         6
216       227        11         3
228       229         1         1
217       218         1        12
221       222         1         8
220       225         5         5
23       196       173        34
217       219         2        11
202       228        26         2
222       228         6         2
7       227       220         3
226       229         3         1
223       225         2         5
13       225       212         5
218       219         1        11
209       224        15         6
227       229         2         1
220       229         9         1
215       227        12         3
24       228       204         2
23        26         3       204
223       225         2         5
223       227         4         3
193       229        36         1
221       225         4         5
207       229        22         1
222       224         2         6
221       223         2         7
206       228        22         2
218       229        11         1
218       221         3         9
226       229         3         1
226       228         2         2
222       224         2         6
131       217        86        13
25       218       193        12
213       215         2        15
227       229         2         1
212       229        17         1
220       222         2         8
219       226         7         4
221       222         1         8
24       221       197         9
213       225        12         5
219       226         7         4
222       227         5         3
215       227        12         3
220       226         6         4
224       228         4         2
20       224       204         6
212       227        15         3
225       229         4         1
227       229         2         1
219       220         1        10
222       227         5         3
219       227         8         3
226       229         3         1
212       218         6        12
216       224         8         6
209       216         7        14
214       229        15         1
221       226         5         4
220       222         2         8
215       220         5        10
222       224         2         6
224       228         4         2
204       227        23         3
222       225         3         5
227       229         2         1
222       228         6         2
222       227         5         3
219       220         1        10
223       228         5         2
221       223         2         7
216       226        10         4
224       227         3         3
224       229         5         1
224       226         2         4
221       224         3         6
226       228         2         2
219       222         3         8
221       228         7         2
224       229         5         1
226       228         2         2
221       225         4         5
226       227         1         3
216       223         7         7
7       221       214         9
223       227         4         3
224       227         3         3
131       205        74        25
225       227         2         3
227       229         2         1
227       228         1         2
228       229         1         1
216       228        12         2
224       228         4         2
217       229        12         1
220       228         8         2
218       229        11         1
212       222        10         8
