301       336        35         2
313       337        24         1
331       336         5         2
329       332         3         6
24       333       309         5
305       323        18        15
336       337         1         1
318       337        19         1
20       336       316         2
326       332         6         6
8       320       312        18
296       334        38         4
310       337        27         1
299       331        32         7
23       326       303        12
326       328         2        10
329       330         1         8
314       325        11        13
316       329        13         9
324       334        10         4
309       333        24         5
25       336       311         2
315       333        18         5
335       336         1         2
336       337         1         1
327       337        10         1
329       334         5         4
327       330         3         8
329       335         6         3
316       330        14         8
311       334        23         4
334       337         3         1
302       335        33         3
30       330       300         8
306       311         5        27
319       330        11         8
322       323         1        15
319       330        11         8
327       335         8         3
327       335         8         3
27       325       298        13
335       336         1         2
323       327         4        11
334       335         1         3
30       330       300         8
28       337       309         1
329       331         2         7
318       320         2        18
324       328         4        10
329       336         7         2
312       327        15        11
335       336         1         2
329       332         3         6
189       333       144         5
321       325         4        13
331       337         6         1
306       321        15        17
333       336         3         2
326       328         2        10
322       336        14         2
321       337        16         1
331       336         5         2
336       337         1         1
303       329        26         9
335       337         2         1
317       318         1        20
319       337        18         1
32       337       305         1
313       333        20         5
310       329        19         9
314       327        13        11
332       337         5         1
194       289        95        49
316       322         6        16
335       336         1         2
292       313        21        25
324       326         2        12
329       336         7         2
329       332         3         6
332       335         3         3
331       333         2         5
26       321       295        17
322       335        13         3
335       336         1         2
7       335       328         3
328       329         1         9
335       336         1         2
195       316       121        22
336       337         1         1
329       332         3         6
332       334         2         4
333       336         3         2
322       333        11         5
309       314         5        24
331       333         2         5
325       326         1        12
330       332         2         6
305       331        26         7
32       315       283        23
328       334         6         4
28       332       304         6
323       334        11         4
334       336         2         2
330       336         6         2
29       328       299        10
27       337       310         1
27       322       295        16
317       337        20         1
330       332         2         6
327       330         3         8
29       331       302         7
32       333       301         5
325       329         4         9
311       326        15        12
331       337         6         1
293       305        12        33
316       331        15         7
24       335       311         3
334       337         3         1
319       325         6        13
27       329       302         9
26       333       307         5
297       336        39         2
326       333         7         5
317       336        19         2
325       335        10         3
317       337        20         1
321       337        16         1
327       335         8         3
325       336        11         2
320       326         6        12
312       334        22         4
309       331        22         7
327       331         4         7
313       327        14        11
334       335         1         3
334       335         1         3
299       313        14        25
314       332        18         6
336       337         1         1
330       331         1         7
314       315         1        23
306       335        29         3
332       334         2         4
305       337        32         1
312       313         1        25
328       337         9         1
334       337         3         1
311       336        25         2
324       332         8         6
332       337         5         1
332       334         2         4
333       334         1         4
306       317        11        21
32       332       300         6
323       332         9         6
331       333         2         5
333       335         2         3
25       337       312         1
332       333         1         5
329       330         1         8
313       316         3        22
334       337         3         1
325       330         5         8
326       328         2        10
332       336         4         2
314       334        20         4
307       318        11        20
24       315       291        23
316       326        10        12
329       337         8         1
300       317        17        21
331       337         6         1
6       334       328         4
328       330         2         8
331       337         6         1
314       323         9        15
25       320       295        18
321       332        11         6
317       332        15         6
336       337         1         1
329       331         2         7
327       332         5         6
331       336         5         2
317       323         6        15
322       327         5        11
312       336        24         2
326       328         2        10
314       334        20         4
328       332         4         6
312       337        25         1
29       320       291        18
335       337         2         1
333       334         1         4
335       337         2         1
317       331        14         7
331       337         6         1
332       337         5         1
292       329        37         9
316       323         7        15
323       330         7         8
326       337        11         1
315       329        14         9
26       329       303         9
318       337        19         1
329       337         8         1
332       337         5         1
328       336         8         2
329       337         8         1
30       334       304         4
330       336         6         2
197       329       132         9
318       333        15         5
328       333         5         5
321       334        13         4
306       332        26         6
325       335        10         3
31       330       299         8
328       336         8         2
332       333         1         5
326       336        10         2
320       336        16         2
322       324         2        14
330       333         3         5
331       336         5         2
329       335         6         3
303       318        15        20
306       336        30         2
318       319         1        19
330       334         4         4
328       336         8         2
197       337       140         1
304       331        27         7
335       337         2         1
305       327        22        11
191       324       133        14
298       336        38         2
321       323         2        15
24       336       312         2
304       332        28         6
320       333        13         5
325       329         4         9
314       324        10        14
294       311        17        27
316       328        12        10
329       334         5         4
319       336        17         2
327       331         4         7
311       318         7        20
327       328         1        10
328       333         5         5
330       334         4         4
311       328        17        10
316       337        21         1
335       337         2         1
315       336        21         2
330       333         3         5
317       330        13         8
31       321       290        17
308       337        29         1
306       332        26         6
319       324         5        14
320       332        12         6
330       333         3         5
322       326         4        12
321       327         6        11
193       331       138         7
314       336        22         2
329       332         3         6
177       337       160         1
329       337         8         1
322       330         8         8
326       337        11         1
306       328        22        10
321       327         6        11
304       337        33         1
328       337         9         1
324       325         1        13
330       337         7         1
322       332        10         6
297       329        32         9
326       336        10         2
328       333         5         5
25       336       311         2
311       323        12        15
32       324       292        14
334       335         1         3
319       336        17         2
190       336       146         2
321       332        11         6
296       307        11        31
309       329        20         9
329       335         6         3
319       330        11         8
25       337       312         1
315       324         9        14
319       328         9        10
333       335         2         3
304       316        12        22
324       325         1        13
329       337         8         1
313       328        15        10
334       337         3         1
328       329         1         9
327       331         4         7
312       321         9        17
309       326        17        12
322       324         2        14
26       323       297        15
310       317         7        21
31       337       306         1
332       335         3         3
326       337        11         1
323       337        14         1
334       335         1         3
26       319       293        19
319       332        13         6
331       333         2         5
22       322       300        16
328       329         1         9
330       337         7         1
335       336         1         2
319       335        16         3
331       333         2         5
316       327        11        11
321       332        11         6
32       334       302         4
318       321         3        17
322       330         8         8
306       328        22        10
329       337         8         1
309       335        26         3
335       337         2         1
318       329        11         9
308       331        23         7
325       326         1        12
333       337         4         1
315       330        15         8
323       337        14         1
332       333         1         5
322       328         6        10
28       325       297        13
328       329         1         9
317       326         9        12
322       329         7         9
336       337         1         1
327       336         9         2
324       336        12         2
330       332         2         6
295       333        38         5
321       336        15         2
193       305       112        33
324       336        12         2
321       323         2        15
335       337         2         1
305       331        26         7
318       333        15         5
332       333         1         5
329       330         1         8
328       332         4         6
334       336         2         2
297       330        33         8
334       336         2         2
333       336         3         2
323       324         1        14
328       332         4         6
323       335        12         3
331       332         1         6
324       325         1        13
184       328       144        10
329       337         8         1
330       332         2         6
333       334         1         4
329       331         2         7
326       333         7         5
330       336         6         2
311       314         3        24
332       337         5         1
334       336         2         2
327       331         4         7
325       327         2        11
334       336         2         2
333       336         3         2
271       320        49        18
314       315         1        23
329       335         6         3
333       335         2         3
313       320         7        18
328       334         6         4
331       335         4         3
195       331       136         7
17       336       319         2
326       327         1        11
328       335         7         3
327       336         9         2
308       322        14        16
332       333         1         5
320       327         7        11
317       320         3        18
322       334        12         4
197       328       131        10
324       330         6         8
313       335        22         3
309       337        28         1
318       336        18         2
323       335        12         3
1       331       330         7
325       336        11         2
321       328         7        10
330       332         2         6
327       337        10         1
299       304         5        34
332       333         1         5
324       332         8         6
320       327         7        11
322       333        11         5
327       328         1        10
310       314         4        24
305       330        25         8
197       336       139         2
32       335       303         3
305       307         2        31
324       332         8         6
336       337         1         1
334       335         1         3
31       300       269        38
328       334         6         4
310       329        19         9
325       337        12         1
326       327         1        11
28       301       273        37
295       310        15        28
316       336        20         2
31       323       292        15
332       337         5         1
336       337         1         1
319       334        15         4
324       327         3        11
325       326         1        12
334       335         1         3
323       337        14         1
336       337         1         1
324       328         4        10
324       330         6         8
336       337         1         1
328       337         9         1
323       329         6         9
307       318        11        20
196       327       131        11
317       334        17         4
335       336         1         2
326       336        10         2
31       336       305         2
317       337        20         1
312       317         5        21
6       337       331         1
309       320        11        18
315       329        14         9
325       335        10         3
325       326         1        12
32       323       291        15
26       333       307         5
321       337        16         1
317       320         3        18
323       337        14         1
320       332        12         6
315       323         8        15
27       335       308         3
328       334         6         4
324       334        10         4
324       334        10         4
326       336        10         2
314       337        23         1
322       332        10         6
313       335        22         3
331       334         3         4
21       323       302        15
332       333         1         5
321       328         7        10
329       332         3         6
324       329         5         9
333       335         2         3
327       329         2         9
328       333         5         5
305       309         4        29
322       331         9         7
331       335         4         3
306       326        20        12
330       332         2         6
335       337         2         1
15       329       314         9
334       335         1         3
305       336        31         2
323       329         6         9
301       310         9        28
319       331        12         7
18       332       314         6
328       331         3         7
334       336         2         2
330       333         3         5
322       334        12         4
31       331       300         7
310       322        12        16
331       332         1         6
317       335        18         3
334       337         3         1
334       336         2         2
187       330       143         8
31       311       280        27
313       324        11        14
301       320        19        18
335       336         1         2
192       329       137         9
336       337         1         1
332       333         1         5
326       329         3         9
332       337         5         1
325       337        12         1
187       315       128        23
328       336         8         2
327       328         1        10
304       313         9        25
32       317       285        21
306       327        21        11
325       331         6         7
312       325        13        13
327       335         8         3
334       336         2         2
322       324         2        14
299       335        36         3
306       337        31         1
32       337       305         1
328       336         8         2
336       337         1         1
323       332         9         6
322       324         2        14
27       328       301        10
324       331         7         7
32       330       298         8
333       336         3         2
334       336         2         2
332       335         3         3
295       304         9        34
296       323        27        15
17       325       308        13
334       336         2         2
315       334        19         4
11       329       318         9
329       332         3         6
322       334        12         4
320       337        17         1
3       331       328         7
295       337        42         1
310       326        16        12
325       330         5         8
28       312       284        26
314       328        14        10
31       310       279        28
306       336        30         2
325       330         5         8
303       308         5        30
289       334        45         4
331       333         2         5
319       335        16         3
327       329         2         9
196       328       132        10
27       334       307         4
30       313       283        25
32       337       305         1
329       335         6         3
317       328        11        10
324       335        11         3
320       336        16         2
321       327         6        11
335       336         1         2
314       323         9        15
324       337        13         1
327       333         6         5
297       308        11        30
31       336       305         2
30       295       265        43
330       334         4         4
328       330         2         8
309       315         6        23
310       322        12        16
309       328        19        10
336       337         1         1
310       321        11        17
320       335        15         3
330       335         5         3
182       336       154         2
28       335       307         3
324       333         9         5
310       327        17        11
327       334         7         4
12       330       318         8
335       337         2         1
329       330         1         8
25       321       296        17
325       328         3        10
287       298        11        40
326       337        11         1
306       324        18        14
330       333         3         5
312       324        12        14
307       326        19        12
27       324       297        14
328       329         1         9
313       326        13        12
314       316         2        22
328       337         9         1
325       327         2        11
295       306        11        32
324       332         8         6
31       334       303         4
327       330         3         8
325       333         8         5
323       337        14         1
333       334         1         4
332       333         1         5
328       333         5         5
313       317         4        21
325       335        10         3
319       335        16         3
336       337         1         1
331       337         6         1
29       313       284        25
316       323         7        15
316       321         5        17
334       337         3         1
332       337         5         1
276       301        25        37
322       337        15         1
326       337        11         1
332       337         5         1
309       320        11        18
30       323       293        15
313       334        21         4
295       299         4        39
326       336        10         2
326       331         5         7
329       331         2         7
331       337         6         1
318       333        15         5
29       322       293        16
304       336        32         2
322       336        14         2
327       335         8         3
31       327       296        11
325       331         6         7
336       337         1         1
326       337        11         1
300       320        20        18
21       334       313         4
322       330         8         8
193       324       131        14
186       323       137        15
333       335         2         3
330       336         6         2
325       328         3        10
319       329        10         9
309       316         7        22
322       333        11         5
332       337         5         1
321       336        15         2
313       319         6        19
330       334         4         4
330       336         6         2
330       335         5         3
266       318        52        20
333       336         3         2
316       326        10        12
333       336         3         2
311       327        16        11
32       325       293        13
312       320         8        18
328       336         8         2
313       328        15        10
335       336         1         2
330       337         7         1
301       335        34         3
318       324         6        14
332       333         1         5
332       335         3         3
197       333       136         5
327       337        10         1
336       337         1         1
329       335         6         3
319       333        14         5
329       335         6         3
317       321         4        17
334       337         3         1
13       329       316         9
319       334        15         4
331       332         1         6
5       337       332         1
309       329        20         9
332       335         3         3
327       332         5         6
318       334        16         4
28       336       308         2
311       335        24         3
318       334        16         4
333       336         3         2
326       336        10         2
327       329         2         9
32       323       291        15
314       335        21         3
317       336        19         2
310       335        25         3
310       326        16        12
335       337         2         1
336       337         1         1
325       336        11         2
333       336         3         2
315       328        13        10
22       335       313         3
31       311       280        27
333       337         4         1
310       324        14        14
329       331         2         7
304       328        24        10
324       334        10         4
325       337        12         1
330       331         1         7
332       333         1         5
288       335        47         3
323       336        13         2
334       336         2         2
336       337         1         1
315       329        14         9
319       323         4        15
327       333         6         5
330       333         3         5
327       336         9         2
321       332        11         6
299       305         6        33
320       322         2        16
329       334         5         4
332       333         1         5
320       336        16         2
327       335         8         3
327       328         1        10
330       335         5         3
13       333       320         5
335       337         2         1
330       331         1         7
32       330       298         8
326       329         3         9
323       334        11         4
323       336        13         2
309       336        27         2
320       322         2        16
333       334         1         4
189       337       148         1
333       334         1         4
331       332         1         6
320       321         1        17
335       336         1         2
319       324         5        14
310       336        26         2
323       327         4        11
328       336         8         2
335       336         1         2
319       332        13         6
320       335        15         3
330       334         4         4
331       335         4         3
324       335        11         3
327       332         5         6
320       335        15         3
13       331       318         7
18       324       306        14
312       331        19         7
324       331         7         7
335       337         2         1
329       331         2         7
195       337       142         1
327       332         5         6
27       308       281        30
320       322         2        16
322       329         7         9
312       313         1        25
331       335         4         3
333       337         4         1
327       330         3         8
310       330        20         8
330       333         3         5
328       334         6         4
319       337        18         1
324       329         5         9
329       333         4         5
314       335        21         3
299       315        16        23
309       323        14        15
310       312         2        26
334       335         1         3
330       334         4         4
29       334       305         4
296       309        13        29
326       335         9         3
333       334         1         4
319       337        18         1
195       337       142         1
323       327         4        11
314       319         5        19
319       323         4        15
322       337        15         1
336       337         1         1
323       324         1        14
319       336        17         2
326       327         1        11
330       331         1         7
197       333       136         5
329       331         2         7
327       333         6         5
314       331        17         7
316       330        14         8
321       334        13         4
326       327         1        11
308       327        19        11
333       336         3         2
322       336        14         2
316       322         6        16
327       331         4         7
329       332         3         6
326       336        10         2
310       317         7        21
183       337       154         1
187       337       150         1
297       318        21        20
325       329         4         9
331       336         5         2
290       324        34        14
323       328         5        10
298       321        23        17
30       316       286        22
330       334         4         4
324       331         7         7
321       325         4        13
333       334         1         4
332       336         4         2
327       335         8         3
324       328         4        10
320       331        11         7
319       335        16         3
316       336        20         2
193       326       133        12
334       335         1         3
336       337         1         1
312       322        10        16
326       332         6         6
332       336         4         2
325       326         1        12
329       330         1         8
320       325         5        13
331       332         1         6
327       337        10         1
17       335       318         3
21       331       310         7
328       332         4         6
320       321         1        17
336       337         1         1
317       330        13         8
321       326         5        12
313       322         9        16
25       335       310         3
194       337       143         1
312       331        19         7
322       329         7         9
25       336       311         2
333       337         4         1
336       337         1         1
321       334        13         4
336       337         1         1
323       337        14         1
319       335        16         3
20       328       308        10
192       328       136        10
315       318         3        20
310       335        25         3
329       337         8         1
324       336        12         2
326       332         6         6
328       333         5         5
329       334         5         4
321       333        12         5
269       335        66         3
328       334         6         4
319       335        16         3
323       334        11         4
325       336        11         2
312       313         1        25
335       337         2         1
317       337        20         1
310       334        24         4
327       335         8         3
316       337        21         1
336       337         1         1
328       337         9         1
329       336         7         2
334       337         3         1
316       317         1        21
314       337        23         1
324       333         9         5
322       333        11         5
319       330        11         8
300       313        13        25
195       315       120        23
312       335        23         3
329       333         4         5
316       335        19         3
325       336        11         2
328       336         8         2
326       334         8         4
335       336         1         2
324       337        13         1
320       334        14         4
334       336         2         2
320       330        10         8
328       329         1         9
323       336        13         2
290       319        29        19
302       337        35         1
317       327        10        11
28       313       285        25
23       337       314         1
312       317         5        21
313       317         4        21
324       337        13         1
295       314        19        24
21       337       316         1
316       337        21         1
325       335        10         3
182       332       150         6
31       332       301         6
317       337        20         1
327       333         6         5
319       324         5        14
7       336       329         2
301       334        33         4
187       335       148         3
291       332        41         6
195       332       137         6
30       335       305         3
317       331        14         7
334       335         1         3
327       331         4         7
31       325       294        13
316       332        16         6
330       337         7         1
333       335         2         3
317       323         6        15
311       329        18         9
332       336         4         2
327       336         9         2
328       336         8         2
321       332        11         6
181       296       115        42
305       320        15        18
305       337        32         1
305       310         5        28
318       333        15         5
19       333       314         5
336       337         1         1
308       337        29         1
336       337         1         1
324       337        13         1
307       321        14        17
293       322        29        16
331       337         6         1
14       301       287        37
331       336         5         2
307       330        23         8
329       333         4         5
319       328         9        10
31       337       306         1
310       328        18        10
297       337        40         1
330       332         2         6
307       324        17        14
289       336        47         2
328       329         1         9
313       330        17         8
320       327         7        11
316       317         1        21
322       328         6        10
185       336       151         2
329       335         6         3
328       337         9         1
319       331        12         7
330       336         6         2
311       333        22         5
327       330         3         8
328       336         8         2
12       336       324         2
324       337        13         1
320       335        15         3
317       332        15         6
327       332         5         6
