339       344         5         6
342       345         3         5
337       339         2        11
315       329        14        21
311       320         9        30
339       349        10         1
24       348       324         2
334       348        14         2
337       346         9         4
347       348         1         2
344       345         1         5
323       338        15        12
323       329         6        21
347       348         1         2
22       338       316        12
331       349        18         1
303       324        21        26
319       333        14        17
345       349         4         1
325       326         1        24
348       349         1         1
346       347         1         3
28       322       294        28
345       346         1         4
332       348        16         2
341       344         3         6
325       337        12        13
15       348       333         2
341       349         8         1
316       338        22        12
207       340       133        10
337       338         1        12
345       349         4         1
334       338         4        12
203       336       133        14
28       347       319         3
342       347         5         3
298       349        51         1
15       349       334         1
342       347         5         3
3       348       345         2
302       342        40         8
26       170       144       180
334       339         5        11
322       345        23         5
316       337        21        13
27       335       308        15
309       318         9        32
337       347        10         3
300       304         4        46
314       332        18        18
24       332       308        18
333       334         1        16
209       341       132         9
327       348        21         2
306       325        19        25
336       339         3        11
340       345         5         5
15       348       333         2
336       347        11         3
347       348         1         2
198       349       151         1
177       324       147        26
314       341        27         9
339       345         6         5
14       348       334         2
348       349         1         1
338       348        10         2
313       321         8        29
205       341       136         9
208       341       133         9
340       343         3         7
346       349         3         1
343       344         1         6
330       338         8        12
338       347         9         3
324       348        24         2
341       343         2         7
348       349         1         1
346       349         3         1
199       335       136        15
317       336        19        14
345       347         2         3
177       344       167         6
341       345         4         5
20       341       321         9
22       322       300        28
16       337       321        13
323       348        25         2
347       349         2         1
348       349         1         1
324       330         6        20
330       331         1        19
330       338         8        12
346       348         2         2
285       318        33        32
323       349        26         1
340       348         8         2
333       341         8         9
347       349         2         1
332       341         9         9
337       349        12         1
333       342         9         8
331       333         2        17
28       343       315         7
332       344        12         6
343       344         1         6
337       343         6         7
337       348        11         2
209       338       129        12
344       348         4         2
329       347        18         3
338       347         9         3
206       339       133        11
330       336         6        14
330       347        17         3
322       346        24         4
334       345        11         5
308       339        31        11
23       347       324         3
317       349        32         1
333       346        13         4
329       349        20         1
344       348         4         2
339       344         5         6
333       336         3        14
207       327       120        23
332       341         9         9
206       325       119        25
280       304        24        46
318       332        14        18
343       347         4         3
343       349         6         1
296       319        23        31
178       348       170         2
339       347         8         3
337       340         3        10
335       339         4        11
179       347       168         3
334       349        15         1
173       334       161        16
331       335         4        15
320       349        29         1
336       348        12         2
326       336        10        14
338       341         3         9
331       339         8        11
338       346         8         4
345       348         3         2
13       340       327        10
314       336        22        14
334       337         3        13
338       345         7         5
319       332        13        18
318       340        22        10
340       347         7         3
333       339         6        11
338       343         5         7
189       349       160         1
341       342         1         8
331       347        16         3
346       348         2         2
331       335         4        15
343       349         6         1
195       343       148         7
341       349         8         1
14       333       319        17
325       328         3        22
337       343         6         7
325       347        22         3
347       349         2         1
333       345        12         5
347       349         2         1
334       344        10         6
335       344         9         6
316       345        29         5
332       341         9         9
337       343         6         7
341       348         7         2
25       349       324         1
344       349         5         1
319       327         8        23
25       337       312        13
199       317       118        33
331       334         3        16
335       343         8         7
332       349        17         1
340       342         2         8
316       323         7        27
338       348        10         2
345       346         1         4
208       319       111        31
345       346         1         4
331       341        10         9
23       338       315        12
314       348        34         2
332       334         2        16
344       348         4         2
348       349         1         1
14       330       316        20
321       330         9        20
334       344        10         6
344       349         5         1
325       343        18         7
345       347         2         3
328       345        17         5
330       340        10        10
316       317         1        33
317       343        26         7
324       333         9        17
341       349         8         1
28       334       306        16
337       346         9         4
20       347       327         3
344       349         5         1
318       347        29         3
328       348        20         2
333       336         3        14
340       344         4         6
331       342        11         8
344       347         3         3
27       335       308        15
321       328         7        22
340       345         5         5
340       344         4         6
345       349         4         1
334       341         7         9
29       207       178       143
330       338         8        12
319       339        20        11
339       349        10         1
175       342       167         8
348       349         1         1
335       347        12         3
342       346         4         4
333       342         9         8
333       345        12         5
346       349         3         1
309       314         5        36
340       349         9         1
323       326         3        24
333       335         2        15
27       347       320         3
345       346         1         4
345       349         4         1
327       335         8        15
332       334         2        16
327       328         1        22
343       344         1         6
174       341       167         9
339       348         9         2
28       342       314         8
337       338         1        12
327       331         4        19
27       342       315         8
344       345         1         5
25       343       318         7
345       347         2         3
197       328       131        22
320       328         8        22
348       349         1         1
333       347        14         3
340       348         8         2
326       334         8        16
338       345         7         5
335       349        14         1
342       344         2         6
326       334         8        16
178       325       147        25
333       340         7        10
23       331       308        19
173       336       163        14
343       348         5         2
339       347         8         3
340       346         6         4
341       344         3         6
339       343         4         7
29       342       313         8
343       348         5         2
339       340         1        10
343       348         5         2
334       338         4        12
305       325        20        25
188       344       156         6
345       348         3         2
201       338       137        12
322       342        20         8
178       348       170         2
342       347         5         3
29       346       317         4
306       314         8        36
337       338         1        12
327       347        20         3
191       337       146        13
342       343         1         7
344       345         1         5
333       338         5        12
314       336        22        14
21       331       310        19
315       325        10        25
348       349         1         1
339       348         9         2
317       336        19        14
345       348         3         2
26       323       297        27
336       346        10         4
24       341       317         9
340       349         9         1
347       348         1         2
348       349         1         1
347       349         2         1
321       322         1        28
13        22         9       328
197       329       132        21
329       344        15         6
346       348         2         2
343       348         5         2
21       197       176       153
335       338         3        12
318       338        20        12
25       349       324         1
334       345        11         5
344       349         5         1
343       345         2         5
190       328       138        22
333       342         9         8
184       340       156        10
172       339       167        11
346       347         1         3
310       331        21        19
325       334         9        16
334       335         1        15
344       348         4         2
335       347        12         3
174       345       171         5
342       347         5         3
330       333         3        17
335       342         7         8
337       348        11         2
23       349       326         1
338       348        10         2
344       347         3         3
332       337         5        13
348       349         1         1
317       331        14        19
330       331         1        19
196       344       148         6
321       348        27         2
341       348         7         2
334       337         3        13
338       343         5         7
332       349        17         1
329       338         9        12
304       332        28        18
319       327         8        23
21       349       328         1
347       349         2         1
302       339        37        11
338       347         9         3
338       345         7         5
341       346         5         4
338       339         1        11
326       329         3        21
341       343         2         7
334       344        10         6
346       349         3         1
326       327         1        23
324       335        11        15
29       338       309        12
338       345         7         5
338       348        10         2
342       349         7         1
337       340         3        10
340       349         9         1
174       347       173         3
322       341        19         9
334       338         4        12
330       331         1        19
348       349         1         1
25       346       321         4
335       345        10         5
177       348       171         2
340       348         8         2
336       341         5         9
328       335         7        15
325       347        22         3
17       341       324         9
310       331        21        19
198       337       139        13
308       334        26        16
327       341        14         9
23       341       318         9
345       349         4         1
207       349       142         1
318       338        20        12
345       349         4         1
321       345        24         5
339       346         7         4
336       344         8         6
342       347         5         3
26       336       310        14
333       344        11         6
329       333         4        17
345       346         1         4
340       343         3         7
339       340         1        10
28       345       317         5
336       348        12         2
337       341         4         9
177       338       161        12
347       348         1         2
325       344        19         6
344       348         4         2
25       336       311        14
345       349         4         1
328       339        11        11
19       202       183       148
335       337         2        13
204       348       144         2
341       347         6         3
343       348         5         2
336       346        10         4
347       349         2         1
303       306         3        44
325       339        14        11
346       347         1         3
203       316       113        34
22       349       327         1
337       338         1        12
23       340       317        10
329       337         8        13
29       335       306        15
341       345         4         5
327       349        22         1
337       345         8         5
321       337        16        13
346       348         2         2
337       342         5         8
327       338        11        12
333       340         7        10
337       344         7         6
345       346         1         4
321       349        28         1
332       343        11         7
344       346         2         4
331       346        15         4
331       336         5        14
326       329         3        21
208       343       135         7
345       349         4         1
333       338         5        12
175       306       131        44
9       333       324        17
340       345         5         5
335       345        10         5
328       348        20         2
27       345       318         5
26       347       321         3
341       347         6         3
321       342        21         8
11       348       337         2
336       348        12         2
321       327         6        23
327       347        20         3
345       347         2         3
327       328         1        22
344       349         5         1
27       340       313        10
326       335         9        15
342       347         5         3
327       341        14         9
205       343       138         7
330       338         8        12
323       331         8        19
29       346       317         4
344       349         5         1
206       346       140         4
332       347        15         3
304       347        43         3
338       347         9         3
342       349         7         1
334       346        12         4
307       327        20        23
343       348         5         2
331       346        15         4
341       348         7         2
17       308       291        42
335       346        11         4
328       331         3        19
344       345         1         5
293       305        12        45
346       347         1         3
341       347         6         3
310       343        33         7
302       340        38        10
290       340        50        10
329       344        15         6
335       343         8         7
324       345        21         5
344       346         2         4
343       344         1         6
344       348         4         2
319       324         5        26
207       341       134         9
333       339         6        11
342       347         5         3
346       348         2         2
340       343         3         7
339       345         6         5
326       342        16         8
333       338         5        12
321       333        12        17
343       348         5         2
341       348         7         2
316       322         6        28
341       348         7         2
343       344         1         6
322       341        19         9
341       342         1         8
16       348       332         2
26       338       312        12
343       346         3         4
345       348         3         2
319       331        12        19
327       346        19         4
336       349        13         1
21       349       328         1
344       347         3         3
333       347        14         3
207       347       140         3
343       346         3         4
323       328         5        22
338       347         9         3
337       344         7         6
338       346         8         4
342       343         1         7
179       340       161        10
340       348         8         2
29       347       318         3
319       325         6        25
334       345        11         5
10       349       339         1
332       343        11         7
333       338         5        12
331       343        12         7
345       348         3         2
343       346         3         4
25       346       321         4
325       345        20         5
341       349         8         1
326       344        18         6
347       349         2         1
341       348         7         2
330       346        16         4
328       337         9        13
337       346         9         4
14       349       335         1
330       348        18         2
333       334         1        16
324       339        15        11
338       347         9         3
316       322         6        28
208       347       139         3
339       340         1        10
24       346       322         4
333       344        11         6
346       348         2         2
340       342         2         8
26       344       318         6
4       348       344         2
338       346         8         4
346       348         2         2
342       347         5         3
344       348         4         2
320       345        25         5
329       342        13         8
341       349         8         1
347       349         2         1
344       347         3         3
344       346         2         4
328       343        15         7
340       349         9         1
279       347        68         3
342       346         4         4
341       349         8         1
293       332        39        18
335       349        14         1
339       345         6         5
346       347         1         3
341       344         3         6
176       339       163        11
321       341        20         9
344       349         5         1
330       345        15         5
337       341         4         9
29       335       306        15
338       342         4         8
316       336        20        14
347       348         1         2
333       349        16         1
348       349         1         1
343       349         6         1
307       336        29        14
22       348       326         2
334       341         7         9
343       347         4         3
336       337         1        13
335       337         2        13
342       348         6         2
309       348        39         2
342       346         4         4
172       339       167        11
333       340         7        10
208       328       120        22
25       328       303        22
335       348        13         2
320       343        23         7
334       337         3        13
342       348         6         2
24       339       315        11
338       339         1        11
321       330         9        20
336       349        13         1
342       348         6         2
325       326         1        24
170       335       165        15
322       337        15        13
342       347         5         3
316       334        18        16
344       348         4         2
347       348         1         2
348       349         1         1
347       349         2         1
326       335         9        15
339       344         5         6
333       342         9         8
299       347        48         3
27       349       322         1
348       349         1         1
337       343         6         7
18       341       323         9
333       339         6        11
328       331         3        19
335       343         8         7
345       349         4         1
347       349         2         1
343       347         4         3
336       341         5         9
194       325       131        25
323       324         1        26
323       325         2        25
327       347        20         3
343       344         1         6
338       344         6         6
332       348        16         2
342       348         6         2
206       330       124        20
343       346         3         4
348       349         1         1
336       344         8         6
339       341         2         9
339       347         8         3
311       345        34         5
325       346        21         4
325       345        20         5
335       341         6         9
337       348        11         2
314       341        27         9
23       196       173       154
340       342         2         8
28       349       321         1
11       344       333         6
342       345         3         5
189       339       150        11
341       349         8         1
191       347       156         3
323       346        23         4
347       349         2         1
340       347         7         3
347       348         1         2
328       334         6        16
307       344        37         6
345       347         2         3
339       341         2         9
28       338       310        12
335       338         3        12
337       342         5         8
328       342        14         8
342       344         2         6
341       343         2         7
332       340         8        10
313       329        16        21
319       328         9        22
332       347        15         3
335       343         8         7
24       337       313        13
335       336         1        14
14       346       332         4
316       347        31         3
345       349         4         1
341       342         1         8
334       344        10         6
316       342        26         8
22       327       305        23
325       344        19         6
209       336       127        14
340       345         5         5
322       336        14        14
343       348         5         2
29       341       312         9
328       345        17         5
329       335         6        15
331       336         5        14
26       345       319         5
170       348       178         2
347       349         2         1
328       349        21         1
346       349         3         1
26       333       307        17
345       346         1         4
301       342        41         8
345       349         4         1
303       344        41         6
340       347         7         3
308       333        25        17
208       335       127        15
326       331         5        19
319       344        25         6
337       349        12         1
175       346       171         4
344       348         4         2
343       344         1         6
344       345         1         5
14       335       321        15
334       339         5        11
345       348         3         2
320       331        11        19
332       345        13         5
327       347        20         3
333       334         1        16
332       333         1        17
319       330        11        20
329       349        20         1
333       339         6        11
341       346         5         4
336       340         4        10
335       339         4        11
338       347         9         3
332       338         6        12
337       338         1        12
347       348         1         2
288       299        11        51
12       336       324        14
345       346         1         4
338       344         6         6
341       346         5         4
14       345       331         5
332       346        14         4
324       346        22         4
346       349         3         1
175       347       172         3
27       343       316         7
345       348         3         2
339       344         5         6
347       348         1         2
305       349        44         1
338       346         8         4
206       298        92        52
342       346         4         4
338       344         6         6
323       335        12        15
173       341       168         9
332       341         9         9
323       335        12        15
330       348        18         2
172       348       176         2
338       346         8         4
317       343        26         7
343       349         6         1
7       340       333        10
332       336         4        14
340       346         6         4
322       347        25         3
340       346         6         4
334       343         9         7
319       336        17        14
329       335         6        15
332       336         4        14
337       349        12         1
338       341         3         9
27       346       319         4
346       348         2         2
335       339         4        11
343       347         4         3
15       347       332         3
337       346         9         4
322       340        18        10
334       348        14         2
330       349        19         1
207       322       115        28
315       341        26         9
348       349         1         1
324       341        17         9
348       349         1         1
340       349         9         1
330       339         9        11
346       349         3         1
342       343         1         7
320       348        28         2
311       328        17        22
343       346         3         4
336       343         7         7
321       323         2        27
179       346       167         4
343       345         2         5
316       337        21        13
27       342       315         8
344       345         1         5
175       343       168         7
174       332       158        18
339       346         7         4
298       306         8        44
344       345         1         5
325       333         8        17
325       343        18         7
327       342        15         8
21       348       327         2
341       344         3         6
330       332         2        18
339       342         3         8
19       346       327         4
343       349         6         1
324       343        19         7
315       340        25        10
348       349         1         1
315       324         9        26
344       345         1         5
335       336         1        14
345       349         4         1
337       338         1        12
327       330         3        20
340       349         9         1
343       345         2         5
339       347         8         3
330       339         9        11
336       340         4        10
340       349         9         1
337       342         5         8
331       349        18         1
335       343         8         7
336       347        11         3
331       347        16         3
1       331       330        19
336       338         2        12
345       349         4         1
339       341         2         9
343       345         2         5
333       345        12         5
328       338        10        12
338       339         1        11
337       347        10         3
322       342        20         8
322       339        17        11
334       349        15         1
340       341         1         9
21       347       326         3
327       342        15         8
333       334         1        16
338       344         6         6
27       206       179       144
197       346       149         4
339       347         8         3
344       346         2         4
346       349         3         1
24       346       322         4
346       349         3         1
332       346        14         4
329       344        15         6
325       344        19         6
341       347         6         3
322       343        21         7
330       346        16         4
20       347       327         3
295       304         9        46
336       349        13         1
23       349       326         1
334       348        14         2
341       347         6         3
323       349        26         1
328       337         9        13
325       343        18         7
326       339        13        11
28       317       289        33
339       343         4         7
347       348         1         2
13       325       312        25
322       349        27         1
344       348         4         2
327       338        11        12
346       347         1         3
342       344         2         6
178       346       168         4
320       333        13        17
331       339         8        11
342       343         1         7
343       349         6         1
342       348         6         2
29       349       320         1
343       345         2         5
344       349         5         1
325       343        18         7
179       344       165         6
207       347       140         3
344       347         3         3
343       348         5         2
341       349         8         1
344       345         1         5
336       338         2        12
308       347        39         3
334       339         5        11
323       332         9        18
344       345         1         5
336       346        10         4
302       345        43         5
321       347        26         3
319       340        21        10
336       342         6         8
333       338         5        12
25       327       302        23
339       345         6         5
340       345         5         5
322       333        11        17
341       348         7         2
327       348        21         2
344       347         3         3
340       348         8         2
20       333       313        17
321       331        10        19
339       340         1        10
346       347         1         3
339       349        10         1
331       348        17         2
340       342         2         8
341       347         6         3
336       346        10         4
334       342         8         8
332       345        13         5
327       341        14         9
335       340         5        10
344       348         4         2
345       347         2         3
25       340       315        10
343       348         5         2
337       348        11         2
345       349         4         1
321       338        17        12
337       343         6         7
332       349        17         1
193       348       155         2
329       331         2        19
20       349       329         1
348       349         1         1
28       345       317         5
27       345       318         5
325       342        17         8
332       338         6        12
324       335        11        15
328       340        12        10
336       344         8         6
326       340        14        10
333       338         5        12
337       347        10         3
198       335       137        15
324       341        17         9
342       348         6         2
7       348       341         2
327       341        14         9
26       321       295        29
337       340         3        10
340       343         3         7
332       339         7        11
25        29         4       321
330       339         9        11
346       349         3         1
306       328        22        22
344       348         4         2
346       348         2         2
298       349        51         1
209       345       136         5
347       348         1         2
340       349         9         1
345       347         2         3
344       348         4         2
209       345       136         5
303       321        18        29
18       349       331         1
319       324         5        26
336       342         6         8
344       348         4         2
303       326        23        24
