417       429        12         3
400       431        31         1
408       411         3        21
420       428         8         4
426       431         5         1
393       420        27        12
48       426       378         6
424       426         2         6
199       423       224         9
428       430         2         2
408       420        12        12
413       427        14         5
430       431         1         1
400       416        16        16
422       426         4         6
429       430         1         2
51       426       375         6
399       414        15        18
422       431         9         1
403       423        20         9
418       424         6         8
420       427         7         5
423       430         7         2
51       427       376         5
382       431        49         1
417       425         8         7
425       430         5         2
421       426         5         6
420       427         7         5
257       428       171         4
416       421         5        11
430       431         1         1
420       431        11         1
307       430       123         2
421       430         9         2
390       422        32        10
417       422         5        10
51       424       373         8
425       431         6         1
424       426         2         6
50       423       373         9
396       426        30         6
410       420        10        12
308       419       111        13
415       420         5        12
402       425        23         7
304       414       110        18
413       421         8        11
429       431         2         1
426       431         5         1
295       427       132         5
405       418        13        14
51       429       378         3
424       428         4         4
399       424        25         8
415       430        15         2
404       410         6        22
400       423        23         9
430       431         1         1
409       419        10        13
408       412         4        20
424       425         1         7
426       427         1         5
423       430         7         2
411       431        20         1
426       429         3         3
428       429         1         3
423       431         8         1
416       417         1        15
406       425        19         7
50       431       381         1
254       425       171         7
421       429         8         3
411       413         2        19
430       431         1         1
424       426         2         6
47       429       382         3
423       428         5         4
427       429         2         3
188       406       218        26
428       431         3         1
410       427        17         5
44       423       379         9
424       431         7         1
38       431       393         1
425       431         6         1
411       427        16         5
258       419       161        13
423       428         5         4
409       421        12        11
416       417         1        15
398       415        17        17
415       425        10         7
417       422         5        10
255       426       171         6
48       427       379         5
427       429         2         3
422       425         3         7
51       429       378         3
416       427        11         5
424       429         5         3
50       431       381         1
416       419         3        13
422       430         8         2
287       418       131        14
404       411         7        21
407       431        24         1
36       421       385        11
417       419         2        13
428       430         2         2
417       431        14         1
421       424         3         8
426       431         5         1
413       429        16         3
424       429         5         3
41       418       377        14
420       427         7         5
415       431        16         1
424       427         3         5
306       429       123         3
426       431         5         1
258       411       153        21
404       409         5        23
430       431         1         1
430       431         1         1
400       422        22        10
426       431         5         1
50       431       381         1
421       423         2         9
421       422         1        10
414       430        16         2
198       431       233         1
409       431        22         1
252       429       177         3
411       429        18         3
426       427         1         5
429       430         1         2
399       420        21        12
430       431         1         1
202       427       225         5
422       425         3         7
422       428         6         4
253       423       170         9
398       410        12        22
414       415         1        17
428       430         2         2
415       422         7        10
49       422       373        10
400       431        31         1
429       430         1         2
199       427       228         5
402       407         5        25
40       431       391         1
411       431        20         1
420       429         9         3
50       421       371        11
412       413         1        19
413       424        11         8
417       425         8         7
430       431         1         1
424       431         7         1
410       411         1        21
418       431        13         1
419       422         3        10
403       410         7        22
427       428         1         4
426       428         2         4
428       430         2         2
42       302       260       130
428       429         1         3
37       429       392         3
418       419         1        13
404       423        19         9
415       430        15         2
298       419       121        13
418       431        13         1
426       429         3         3
253       424       171         8
427       430         3         2
421       424         3         8
420       428         8         4
430       431         1         1
424       426         2         6
403       431        28         1
425       430         5         2
411       429        18         3
422       427         5         5
417       420         3        12
407       419        12        13
426       427         1         5
419       425         6         7
419       421         2        11
396       403         7        29
422       430         8         2
305       411       106        21
397       408        11        24
308       415       107        17
424       429         5         3
411       419         8        13
424       430         6         2
203       424       221         8
411       418         7        14
429       430         1         2
415       427        12         5
412       419         7        13
416       426        10         6
423       431         8         1
423       430         7         2
416       431        15         1
428       431         3         1
251       423       172         9
428       431         3         1
425       431         6         1
429       431         2         1
411       413         2        19
425       426         1         6
413       430        17         2
427       431         4         1
50       431       381         1
427       429         2         3
427       430         3         2
400       427        27         5
427       428         1         4
415       427        12         5
51       418       367        14
421       431        10         1
409       412         3        20
424       427         3         5
412       425        13         7
407       423        16         9
207       414       207        18
404       415        11        17
401       427        26         5
416       427        11         5
421       428         7         4
41       420       379        12
41       406       365        26
418       422         4        10
205       408       203        24
429       430         1         2
430       431         1         1
367       409        42        23
245       430       185         2
47       427       380         5
410       420        10        12
420       421         1        11
417       427        10         5
48       431       383         1
423       431         8         1
420       428         8         4
354       425        71         7
415       429        14         3
421       430         9         2
419       422         3        10
412       429        17         3
424       430         6         2
422       427         5         5
404       424        20         8
418       431        13         1
418       426         8         6
200       425       225         7
426       429         3         3
424       430         6         2
424       425         1         7
418       421         3        11
421       430         9         2
414       427        13         5
424       430         6         2
403       431        28         1
404       410         6        22
413       427        14         5
424       428         4         4
205       254        49       178
416       430        14         2
419       425         6         7
422       429         7         3
420       426         6         6
50       414       364        18
414       430        16         2
419       430        11         2
411       428        17         4
31       431       400         1
429       430         1         2
412       422        10        10
429       431         2         1
410       430        20         2
424       429         5         3
405       408         3        24
47       430       383         2
412       419         7        13
427       429         2         3
430       431         1         1
408       414         6        18
412       419         7        13
45       420       375        12
416       427        11         5
416       424         8         8
428       429         1         3
259       413       154        19
250       427       177         5
395       397         2        35
412       414         2        18
427       429         2         3
49       424       375         8
50       416       366        16
422       429         7         3
421       426         5         6
413       426        13         6
41       421       380        11
424       426         2         6
428       431         3         1
419       431        12         1
415       416         1        16
402       431        29         1
406       429        23         3
420       425         5         7
423       424         1         8
420       426         6         6
39       428       389         4
427       429         2         3
34       430       396         2
425       427         2         5
425       427         2         5
408       425        17         7
411       420         9        12
422       427         5         5
418       426         8         6
250       427       177         5
414       425        11         7
428       429         1         3
400       423        23         9
420       431        11         1
418       430        12         2
206       258        52       174
425       430         5         2
410       421        11        11
429       431         2         1
420       428         8         4
416       431        15         1
421       428         7         4
423       427         4         5
51       410       359        22
405       422        17        10
39       422       383        10
416       426        10         6
415       421         6        11
408       428        20         4
420       430        10         2
413       425        12         7
405       408         3        24
394       430        36         2
310       430       120         2
407       414         7        18
423       431         8         1
392       430        38         2
48       425       377         7
409       416         7        16
425       429         4         3
414       429        15         3
408       421        13        11
429       430         1         2
429       431         2         1
253       424       171         8
406       419        13        13
424       428         4         4
393       424        31         8
422       430         8         2
403       417        14        15
202       423       221         9
405       411         6        21
409       415         6        17
408       411         3        21
417       431        14         1
406       428        22         4
424       431         7         1
421       428         7         4
425       429         4         3
428       429         1         3
417       423         6         9
421       425         4         7
409       425        16         7
419       420         1        12
181       416       235        16
418       421         3        11
421       427         6         5
51       401       350        31
423       429         6         3
404       423        19         9
428       429         1         3
413       427        14         5
420       422         2        10
425       427         2         5
46       396       350        36
406       425        19         7
423       428         5         4
408       416         8        16
420       425         5         7
412       416         4        16
421       424         3         8
428       431         3         1
204       420       216        12
417       428        11         4
424       429         5         3
421       422         1        10
423       428         5         4
417       423         6         9
366       431        65         1
413       430        17         2
427       429         2         3
419       420         1        12
427       428         1         4
417       423         6         9
418       421         3        11
424       431         7         1
426       428         2         4
414       418         4        14
427       428         1         4
422       427         5         5
425       427         2         5
430       431         1         1
426       431         5         1
412       430        18         2
412       413         1        19
192       430       238         2
429       430         1         2
201       430       229         2
422       431         9         1
419       421         2        11
407       420        13        12
424       428         4         4
416       430        14         2
419       426         7         6
204       424       220         8
413       429        16         3
387       403        16        29
412       430        18         2
417       428        11         4
429       430         1         2
424       425         1         7
421       425         4         7
256       412       156        20
404       414        10        18
429       431         2         1
422       426         4         6
420       429         9         3
409       423        14         9
417       431        14         1
417       427        10         5
408       416         8        16
421       424         3         8
409       426        17         6
257       431       174         1
418       426         8         6
424       426         2         6
412       414         2        18
423       426         3         6
413       418         5        14
403       430        27         2
428       429         1         3
429       430         1         2
38       419       381        13
420       429         9         3
424       431         7         1
429       431         2         1
427       430         3         2
409       414         5        18
411       420         9        12
418       427         9         5
203       421       218        11
49       416       367        16
408       429        21         3
198       429       231         3
430       431         1         1
404       427        23         5
429       431         2         1
423       430         7         2
421       430         9         2
425       429         4         3
424       425         1         7
397       418        21        14
426       430         4         2
418       420         2        12
207       423       216         9
50       413       363        19
428       429         1         3
423       424         1         8
32       429       397         3
407       421        14        11
421       427         6         5
426       431         5         1
409       412         3        20
410       429        19         3
46       425       379         7
425       428         3         4
199       421       222        11
426       429         3         3
408       420        12        12
417       422         5        10
410       425        15         7
418       429        11         3
207       431       224         1
424       426         2         6
398       427        29         5
256       427       171         5
427       431         4         1
426       428         2         4
42       420       378        12
425       428         3         4
46       429       383         3
422       430         8         2
419       420         1        12
256       418       162        14
406       418        12        14
415       428        13         4
430       431         1         1
258       379       121        53
420       427         7         5
427       430         3         2
393       416        23        16
402       420        18        12
425       426         1         6
38       429       391         3
418       429        11         3
414       418         4        14
430       431         1         1
430       431         1         1
424       428         4         4
414       418         4        14
427       428         1         4
416       431        15         1
419       421         2        11
422       430         8         2
426       429         3         3
422       428         6         4
420       426         6         6
49       250       201       182
406       411         5        21
410       425        15         7
417       431        14         1
50       420       370        12
407       419        12        13
411       415         4        17
421       427         6         5
413       427        14         5
426       429         3         3
424       430         6         2
424       430         6         2
394       403         9        29
425       430         5         2
427       431         4         1
423       427         4         5
430       431         1         1
410       423        13         9
430       431         1         1
204       426       222         6
408       414         6        18
406       422        16        10
425       430         5         2
428       430         2         2
420       430        10         2
424       427         3         5
194       206        12       226
426       429         3         3
426       429         3         3
421       430         9         2
419       421         2        11
302       421       119        11
50       413       363        19
421       423         2         9
430       431         1         1
425       426         1         6
422       423         1         9
417       430        13         2
421       426         5         6
307       426       119         6
429       430         1         2
419       427         8         5
247       413       166        19
430       431         1         1
421       424         3         8
410       430        20         2
414       427        13         5
426       431         5         1
206       259        53       173
19       431       412         1
425       428         3         4
391       406        15        26
418       423         5         9
415       428        13         4
404       423        19         9
250       422       172        10
422       426         4         6
410       421        11        11
425       431         6         1
424       426         2         6
42       424       382         8
416       422         6        10
420       430        10         2
415       420         5        12
283       430       147         2
49       431       382         1
419       427         8         5
419       422         3        10
407       421        14        11
412       414         2        18
418       429        11         3
422       426         4         6
425       429         4         3
419       424         5         8
426       427         1         5
42       430       388         2
202       430       228         2
419       430        11         2
424       431         7         1
417       427        10         5
412       418         6        14
414       424        10         8
404       408         4        24
426       427         1         5
423       426         3         6
429       430         1         2
416       423         7         9
411       428        17         4
420       422         2        10
418       419         1        13
413       431        18         1
427       429         2         3
51       429       378         3
251       428       177         4
425       428         3         4
423       431         8         1
421       427         6         5
37       422       385        10
202       252        50       180
415       427        12         5
408       415         7        17
428       431         3         1
422       429         7         3
419       427         8         5
408       420        12        12
410       424        14         8
427       430         3         2
257       430       173         2
205       251        46       181
395       427        32         5
252       258         6       174
417       419         2        13
413       430        17         2
427       428         1         4
47       431       384         1
414       427        13         5
415       422         7        10
427       431         4         1
417       428        11         4
425       430         5         2
43       429       386         3
418       430        12         2
422       431         9         1
419       425         6         7
423       428         5         4
411       425        14         7
35        43         8       389
253       426       173         6
421       425         4         7
429       430         1         2
426       431         5         1
424       428         4         4
47       425       378         7
404       425        21         7
420       427         7         5
430       431         1         1
308       397        89        35
409       429        20         3
400       412        12        20
421       430         9         2
424       431         7         1
250       417       167        15
417       429        12         3
50       430       380         2
411       427        16         5
430       431         1         1
44       427       383         5
415       429        14         3
422       430         8         2
259       425       166         7
425       427         2         5
418       431        13         1
380       390        10        42
421       431        10         1
46       419       373        13
426       429         3         3
426       429         3         3
427       430         3         2
252       431       179         1
40       426       386         6
428       429         1         3
409       431        22         1
206       425       219         7
425       429         4         3
48       427       379         5
423       426         3         6
407       431        24         1
411       430        19         2
428       429         1         3
404       410         6        22
259       428       169         4
410       430        20         2
406       430        24         2
50       431       381         1
50       422       372        10
308       431       123         1
50       429       379         3
409       429        20         3
411       428        17         4
426       431         5         1
429       431         2         1
427       430         3         2
413       418         5        14
251       431       180         1
204       429       225         3
412       430        18         2
424       429         5         3
416       417         1        15
418       431        13         1
410       430        20         2
40       413       373        19
426       430         4         2
425       426         1         6
409       431        22         1
429       431         2         1
421       430         9         2
427       430         3         2
417       424         7         8
419       424         5         8
426       427         1         5
410       412         2        20
425       430         5         2
429       431         2         1
426       429         3         3
418       427         9         5
424       430         6         2
407       422        15        10
428       430         2         2
308       424       116         8
408       415         7        17
428       429         1         3
414       425        11         7
405       429        24         3
422       423         1         9
47       412       365        20
425       427         2         5
421       425         4         7
428       431         3         1
387       414        27        18
408       426        18         6
425       430         5         2
416       430        14         2
403       416        13        16
426       427         1         5
207       428       221         4
424       427         3         5
205       425       220         7
417       427        10         5
422       430         8         2
421       429         8         3
422       431         9         1
412       422        10        10
420       421         1        11
420       422         2        10
46       403       357        29
252       430       178         2
428       431         3         1
47       431       384         1
418       431        13         1
402       412        10        20
429       430         1         2
424       428         4         4
426       427         1         5
422       423         1         9
253       290        37       142
422       423         1         9
403       427        24         5
424       430         6         2
310       429       119         3
397       431        34         1
419       426         7         6
413       423        10         9
396       415        19        17
422       430         8         2
409       428        19         4
423       430         7         2
425       431         6         1
421       422         1        10
45       423       378         9
43       431       388         1
413       428        15         4
427       428         1         4
428       431         3         1
426       427         1         5
414       424        10         8
417       421         4        11
199       410       211        22
429       431         2         1
412       418         6        14
425       427         2         5
424       428         4         4
398       424        26         8
396       409        13        23
412       431        19         1
426       429         3         3
398       420        22        12
426       428         2         4
415       425        10         7
417       426         9         6
44       431       387         1
430       431         1         1
426       429         3         3
395       424        29         8
418       428        10         4
206       426       220         6
411       426        15         6
406       429        23         3
415       417         2        15
421       426         5         6
202       428       226         4
428       429         1         3
400       415        15        17
249       423       174         9
414       427        13         5
410       429        19         3
429       430         1         2
244       401       157        31
406       416        10        16
410       416         6        16
413       415         2        17
411       431        20         1
407       426        19         6
410       429        19         3
422       428         6         4
428       431         3         1
412       422        10        10
48       423       375         9
50       425       375         7
305       412       107        20
50       428       378         4
400       413        13        19
398       408        10        24
429       431         2         1
402       416        14        16
422       424         2         8
427       428         1         4
415       430        15         2
430       431         1         1
393       404        11        28
418       427         9         5
429       431         2         1
424       425         1         7
39       409       370        23
406       421        15        11
419       425         6         7
428       429         1         3
413       430        17         2
418       425         7         7
205       285        80       147
426       431         5         1
420       430        10         2
413       429        16         3
426       430         4         2
49       425       376         7
207       401       194        31
206       418       212        14
247       416       169        16
413       424        11         8
420       424         4         8
430       431         1         1
419       425         6         7
310       429       119         3
419       430        11         2
422       428         6         4
419       421         2        11
402       419        17        13
430       431         1         1
421       429         8         3
425       426         1         6
421       423         2         9
207       427       220         5
49       423       374         9
425       429         4         3
414       424        10         8
412       428        16         4
204       427       223         5
42       428       386         4
310       406        96        26
39       422       383        10
207       426       219         6
417       418         1        14
414       417         3        15
420       421         1        11
399       424        25         8
418       422         4        10
429       430         1         2
423       424         1         8
415       425        10         7
51       396       345        36
421       428         7         4
424       429         5         3
405       409         4        23
407       429        22         3
206       431       225         1
411       415         4        17
423       429         6         3
416       428        12         4
422       431         9         1
418       431        13         1
416       430        14         2
418       427         9         5
425       429         4         3
46       189       143       243
422       430         8         2
419       425         6         7
415       421         6        11
426       429         3         3
415       428        13         4
195       412       217        20
416       431        15         1
204       429       225         3
420       428         8         4
425       430         5         2
425       429         4         3
401       427        26         5
206       425       219         7
416       419         3        13
426       431         5         1
393       418        25        14
420       426         6         6
412       421         9        11
297       425       128         7
414       430        16         2
51       431       380         1
49       429       380         3
430       431         1         1
50       426       376         6
421       429         8         3
395       409        14        23
415       430        15         2
418       431        13         1
427       430         3         2
409       430        21         2
410       415         5        17
422       426         4         6
410       427        17         5
417       428        11         4
187       418       231        14
422       426         4         6
406       426        20         6
204       431       227         1
411       416         5        16
410       430        20         2
423       427         4         5
26       410       384        22
29       408       379        24
426       430         4         2
407       422        15        10
423       431         8         1
406       423        17         9
307       419       112        13
207       424       217         8
427       429         2         3
428       430         2         2
414       417         3        15
422       426         4         6
409       431        22         1
408       431        23         1
247       430       183         2
303       431       128         1
396       413        17        19
259       411       152        21
419       431        12         1
393       429        36         3
415       426        11         6
425       426         1         6
401       421        20        11
419       430        11         2
418       430        12         2
412       431        19         1
419       420         1        12
406       412         6        20
411       426        15         6
419       424         5         8
389       426        37         6
422       426         4         6
426       430         4         2
404       410         6        22
422       425         3         7
418       421         3        11
388       424        36         8
429       430         1         2
424       431         7         1
254       430       176         2
407       425        18         7
