332       333         1         1
329       333         4         1
326       331         5         3
328       332         4         2
21       318       297        16
301       323        22        11
327       333         6         1
323       328         5         6
331       332         1         2
329       333         4         1
314       322         8        12
297       329        32         5
322       330         8         4
326       329         3         5
307       317        10        17
320       324         4        10
322       326         4         8
310       322        12        12
309       325        16         9
315       320         5        14
316       326        10         8
310       324        14        10
331       332         1         2
314       321         7        13
331       332         1         2
303       331        28         3
313       316         3        18
321       323         2        11
311       319         8        15
304       333        29         1
318       322         4        12
317       319         2        15
320       327         7         7
330       333         3         1
331       332         1         2
331       332         1         2
327       329         2         5
308       333        25         1
324       333         9         1
325       331         6         3
308       318        10        16
326       330         4         4
318       329        11         5
327       329         2         5
321       331        10         3
319       330        11         4
314       322         8        12
317       328        11         6
329       333         4         1
331       333         2         1
321       324         3        10
312       318         6        16
331       332         1         2
329       331         2         3
322       330         8         4
329       330         1         4
301       307         6        27
319       323         4        11
331       332         1         2
305       329        24         5
295       323        28        11
323       328         5         6
322       324         2        10
298       329        31         5
322       331         9         3
323       333        10         1
317       326         9         8
308       317         9        17
320       333        13         1
329       333         4         1
320       331        11         3
22       328       306         6
324       328         4         6
320       326         6         8
314       328        14         6
316       332        16         2
306       331        25         3
328       332         4         2
323       326         3         8
318       324         6        10
313       321         8        13
322       332        10         2
297       318        21        16
16       329       313         5
328       331         3         3
24       332       308         2
330       331         1         3
316       331        15         3
327       328         1         6
327       331         4         3
310       333        23         1
331       333         2         1
290       312        22        22
329       331         2         3
331       332         1         2
319       332        13         2
329       333         4         1
317       323         6        11
320       325         5         9
329       332         3         2
320       328         8         6
320       329         9         5
314       317         3        17
314       318         4        16
314       326        12         8
318       330        12         4
327       333         6         1
319       331        12         3
308       326        18         8
326       332         6         2
310       313         3        21
25       316       291        18
324       331         7         3
18       322       304        12
25       317       292        17
328       331         3         3
317       323         6        11
28       326       298         8
331       333         2         1
27       329       302         5
292       310        18        24
326       328         2         6
307       332        25         2
325       330         5         4
329       330         1         4
323       332         9         2
327       330         3         4
325       330         5         4
323       324         1        10
329       331         2         3
322       324         2        10
323       328         5         6
16       327       311         7
319       328         9         6
322       333        11         1
326       327         1         7
324       329         5         5
330       332         2         2
317       323         6        11
326       332         6         2
319       322         3        12
28       309       281        25
318       330        12         4
12       283       271        51
322       332        10         2
329       333         4         1
313       321         8        13
323       330         7         4
310       321        11        13
322       328         6         6
306       316        10        18
332       333         1         1
329       330         1         4
311       318         7        16
326       331         5         3
322       327         5         7
328       332         4         2
326       333         7         1
311       327        16         7
19       315       296        19
322       332        10         2
325       332         7         2
320       326         6         8
330       331         1         3
299       326        27         8
324       327         3         7
317       320         3        14
311       315         4        19
325       329         4         5
324       331         7         3
330       332         2         2
325       333         8         1
309       331        22         3
325       331         6         3
321       328         7         6
331       333         2         1
330       331         1         3
310       328        18         6
331       332         1         2
22       321       299        13
327       330         3         4
326       333         7         1
294       332        38         2
317       329        12         5
328       333         5         1
324       327         3         7
317       328        11         6
322       329         7         5
324       330         6         4
322       327         5         7
321       329         8         5
319       326         7         8
324       332         8         2
293       322        29        12
321       327         6         7
294       317        23        17
317       319         2        15
307       321        14        13
331       333         2         1
302       329        27         5
322       327         5         7
323       325         2         9
316       326        10         8
309       322        13        12
318       332        14         2
327       331         4         3
330       332         2         2
321       333        12         1
328       331         3         3
328       329         1         5
291       322        31        12
327       332         5         2
329       332         3         2
284       301        17        33
327       329         2         5
312       332        20         2
330       332         2         2
299       312        13        22
297       313        16        21
289       321        32        13
314       322         8        12
330       333         3         1
317       333        16         1
324       331         7         3
319       332        13         2
330       333         3         1
327       330         3         4
325       326         1         8
328       331         3         3
319       333        14         1
321       331        10         3
311       326        15         8
315       332        17         2
324       325         1         9
324       326         2         8
25       310       285        24
23       333       310         1
325       333         8         1
304       305         1        29
316       322         6        12
309       317         8        17
321       326         5         8
326       331         5         3
318       324         6        10
315       326        11         8
329       330         1         4
316       326        10         8
325       327         2         7
27       299       272        35
304       320        16        14
28       325       297         9
325       328         3         6
323       330         7         4
326       332         6         2
322       328         6         6
322       327         5         7
304       318        14        16
27       328       301         6
20       332       312         2
317       331        14         3
328       330         2         4
292       329        37         5
313       330        17         4
311       331        20         3
330       332         2         2
324       327         3         7
316       327        11         7
304       318        14        16
332       333         1         1
306       308         2        26
25       332       307         2
322       333        11         1
312       332        20         2
305       314         9        20
314       318         4        16
322       323         1        11
324       330         6         4
301       315        14        19
322       329         7         5
312       325        13         9
322       333        11         1
298       322        24        12
326       333         7         1
322       332        10         2
330       331         1         3
309       320        11        14
304       332        28         2
329       332         3         2
329       333         4         1
321       333        12         1
327       332         5         2
321       325         4         9
294       312        18        22
330       331         1         3
316       329        13         5
332       333         1         1
329       330         1         4
332       333         1         1
309       332        23         2
330       333         3         1
324       330         6         4
325       330         5         4
327       331         4         3
311       328        17         6
326       329         3         5
318       321         3        13
18       323       305        11
318       324         6        10
315       325        10         9
317       331        14         3
321       333        12         1
315       322         7        12
315       321         6        13
297       317        20        17
328       330         2         4
318       327         9         7
26       325       299         9
326       333         7         1
332       333         1         1
324       330         6         4
328       330         2         4
325       329         4         5
314       318         4        16
300       325        25         9
316       327        11         7
324       333         9         1
21       329       308         5
330       333         3         1
278       326        48         8
312       328        16         6
325       327         2         7
306       325        19         9
329       332         3         2
325       326         1         8
19       332       313         2
313       323        10        11
329       331         2         3
307       323        16        11
331       333         2         1
324       331         7         3
318       333        15         1
310       323        13        11
330       333         3         1
296       319        23        15
295       328        33         6
321       322         1        12
326       328         2         6
326       330         4         4
330       331         1         3
325       326         1         8
330       333         3         1
325       329         4         5
18       324       306        10
323       329         6         5
327       333         6         1
311       312         1        22
331       332         1         2
312       320         8        14
325       329         4         5
317       326         9         8
313       327        14         7
324       329         5         5
17       330       313         4
310       330        20         4
327       333         6         1
305       318        13        16
328       333         5         1
331       332         1         2
308       323        15        11
331       333         2         1
331       332         1         2
324       330         6         4
322       326         4         8
318       325         7         9
332       333         1         1
315       324         9        10
319       333        14         1
27       317       290        17
312       326        14         8
23       329       306         5
324       329         5         5
324       326         2         8
317       326         9         8
324       328         4         6
332       333         1         1
326       328         2         6
313       333        20         1
327       330         3         4
300       313        13        21
312       315         3        19
304       323        19        11
311       329        18         5
24       332       308         2
324       333         9         1
315       330        15         4
309       329        20         5
303       331        28         3
301       310         9        24
313       320         7        14
326       333         7         1
311       316         5        18
21       327       306         7
325       332         7         2
320       332        12         2
307       332        25         2
327       332         5         2
20       317       297        17
330       333         3         1
327       330         3         4
24       328       304         6
331       333         2         1
320       333        13         1
25       328       303         6
325       332         7         2
321       330         9         4
312       328        16         6
311       330        19         4
328       329         1         5
329       332         3         2
324       333         9         1
328       329         1         5
323       332         9         2
321       332        11         2
323       330         7         4
320       331        11         3
26       318       292        16
324       332         8         2
314       329        15         5
315       330        15         4
325       331         6         3
304       331        27         3
27       327       300         7
301       327        26         7
332       333         1         1
330       332         2         2
315       324         9        10
308       327        19         7
318       329        11         5
318       331        13         3
325       327         2         7
24       322       298        12
327       333         6         1
331       333         2         1
322       331         9         3
321       326         5         8
329       332         3         2
27       333       306         1
320       324         4        10
320       328         8         6
14       317       303        17
318       323         5        11
273       302        29        32
327       333         6         1
326       332         6         2
327       331         4         3
326       333         7         1
328       331         3         3
329       332         3         2
24       300       276        34
316       331        15         3
327       330         3         4
331       332         1         2
278       326        48         8
309       311         2        23
8       333       325         1
298       309        11        25
310       316         6        18
319       330        11         4
319       330        11         4
325       332         7         2
17       325       308         9
321       331        10         3
329       330         1         4
328       330         2         4
313       332        19         2
27       327       300         7
330       331         1         3
307       327        20         7
329       333         4         1
320       324         4        10
305       318        13        16
328       332         4         2
325       327         2         7
317       325         8         9
330       333         3         1
324       331         7         3
328       331         3         3
321       329         8         5
27       329       302         5
15       330       315         4
307       324        17        10
316       324         8        10
306       323        17        11
291       317        26        17
297       320        23        14
330       332         2         2
304       323        19        11
319       324         5        10
313       318         5        16
315       319         4        15
332       333         1         1
327       331         4         3
323       332         9         2
320       326         6         8
304       313         9        21
318       333        15         1
321       324         3        10
326       331         5         3
331       333         2         1
325       327         2         7
321       327         6         7
311       328        17         6
18       331       313         3
324       329         5         5
332       333         1         1
323       326         3         8
330       333         3         1
26       324       298        10
318       329        11         5
287       329        42         5
332       333         1         1
28       305       277        29
316       332        16         2
328       329         1         5
311       317         6        17
311       325        14         9
330       333         3         1
322       330         8         4
320       330        10         4
307       332        25         2
302       311         9        23
319       321         2        13
290       308        18        26
325       333         8         1
24       327       303         7
326       332         6         2
294       296         2        38
26       331       305         3
318       332        14         2
320       325         5         9
314       318         4        16
325       331         6         3
331       333         2         1
299       332        33         2
312       330        18         4
315       329        14         5
328       329         1         5
304       333        29         1
324       327         3         7
322       330         8         4
329       333         4         1
314       330        16         4
325       333         8         1
321       326         5         8
319       331        12         3
326       331         5         3
326       328         2         6
331       333         2         1
310       317         7        17
19       322       303        12
328       332         4         2
327       331         4         3
322       324         2        10
306       331        25         3
25       330       305         4
304       309         5        25
330       331         1         3
327       328         1         6
299       304         5        30
317       327        10         7
319       328         9         6
325       328         3         6
322       333        11         1
324       329         5         5
22       324       302        10
332       333         1         1
325       329         4         5
332       333         1         1
293       322        29        12
14       333       319         1
329       332         3         2
316       332        16         2
318       320         2        14
305       307         2        27
27       327       300         7
317       330        13         4
325       326         1         8
25       313       288        21
323       327         4         7
328       330         2         4
317       322         5        12
21       332       311         2
331       332         1         2
322       328         6         6
318       333        15         1
311       331        20         3
328       333         5         1
319       329        10         5
285       321        36        13
297       306         9        28
315       322         7        12
325       332         7         2
22       319       297        15
314       332        18         2
322       333        11         1
314       333        19         1
22       333       311         1
321       332        11         2
26       330       304         4
308       327        19         7
317       325         8         9
326       331         5         3
325       332         7         2
24       323       299        11
320       329         9         5
15       333       318         1
316       322         6        12
26       326       300         8
308       333        25         1
316       332        16         2
324       331         7         3
302       325        23         9
325       326         1         8
301       322        21        12
325       332         7         2
328       329         1         5
319       327         8         7
320       322         2        12
23       326       303         8
307       333        26         1
310       322        12        12
295       309        14        25
23       331       308         3
316       317         1        17
322       333        11         1
327       333         6         1
326       332         6         2
15       333       318         1
312       333        21         1
328       331         3         3
321       329         8         5
323       328         5         6
327       328         1         6
318       333        15         1
299       324        25        10
331       333         2         1
318       319         1        15
327       329         2         5
296       331        35         3
332       333         1         1
314       328        14         6
322       323         1        11
330       333         3         1
311       312         1        22
325       326         1         8
314       317         3        17
321       328         7         6
327       331         4         3
23       328       305         6
329       332         3         2
329       330         1         4
24       325       301         9
321       325         4         9
25       325       300         9
316       332        16         2
323       327         4         7
326       327         1         7
326       329         3         5
23       332       309         2
330       331         1         3
316       325         9         9
316       333        17         1
315       329        14         5
313       332        19         2
324       330         6         4
330       331         1         3
319       328         9         6
321       332        11         2
332       333         1         1
26       317       291        17
331       332         1         2
21       328       307         6
319       325         6         9
321       327         6         7
326       327         1         7
329       333         4         1
331       333         2         1
314       316         2        18
320       332        12         2
325       330         5         4
324       333         9         1
25       330       305         4
28       329       301         5
323       325         2         9
325       327         2         7
332       333         1         1
309       333        24         1
329       332         3         2
325       329         4         5
329       332         3         2
320       325         5         9
313       328        15         6
327       330         3         4
313       333        20         1
324       328         4         6
325       331         6         3
328       333         5         1
310       316         6        18
311       315         4        19
322       333        11         1
323       332         9         2
332       333         1         1
323       329         6         5
331       333         2         1
323       329         6         5
328       333         5         1
325       328         3         6
312       328        16         6
331       332         1         2
326       333         7         1
328       331         3         3
314       330        16         4
329       332         3         2
23       333       310         1
324       330         6         4
315       328        13         6
311       327        16         7
330       333         3         1
328       329         1         5
306       319        13        15
320       332        12         2
315       330        15         4
22       333       311         1
314       330        16         4
320       330        10         4
322       331         9         3
330       331         1         3
328       332         4         2
318       331        13         3
316       324         8        10
323       330         7         4
326       332         6         2
325       333         8         1
332       333         1         1
324       330         6         4
293       330        37         4
331       332         1         2
328       333         5         1
325       327         2         7
316       328        12         6
328       329         1         5
325       333         8         1
308       331        23         3
319       333        14         1
22       332       310         2
330       333         3         1
313       332        19         2
329       333         4         1
326       332         6         2
330       331         1         3
326       331         5         3
310       312         2        22
323       331         8         3
325       332         7         2
292       326        34         8
330       332         2         2
322       333        11         1
314       333        19         1
322       331         9         3
307       330        23         4
324       331         7         3
324       333         9         1
330       333         3         1
327       329         2         5
314       315         1        19
322       325         3         9
317       323         6        11
325       331         6         3
325       331         6         3
310       333        23         1
295       323        28        11
315       332        17         2
329       330         1         4
322       333        11         1
318       333        15         1
317       328        11         6
316       322         6        12
324       332         8         2
21       318       297        16
318       329        11         5
285       313        28        21
28       331       303         3
330       332         2         2
307       322        15        12
18       328       310         6
324       328         4         6
17       327       310         7
332       333         1         1
274       313        39        21
330       332         2         2
326       331         5         3
327       333         6         1
325       328         3         6
324       328         4         6
318       331        13         3
326       328         2         6
320       330        10         4
318       332        14         2
332       333         1         1
330       332         2         2
322       331         9         3
314       324        10        10
324       329         5         5
316       329        13         5
315       333        18         1
318       325         7         9
314       333        19         1
327       329         2         5
295       324        29        10
327       331         4         3
331       332         1         2
319       320         1        14
304       333        29         1
300       320        20        14
320       332        12         2
326       333         7         1
322       330         8         4
15       330       315         4
320       332        12         2
326       328         2         6
329       332         3         2
317       325         8         9
321       327         6         7
326       332         6         2
323       330         7         4
27       330       303         4
10       329       319         5
294       331        37         3
320       326         6         8
27       327       300         7
321       333        12         1
28       325       297         9
329       330         1         4
308       327        19         7
326       328         2         6
312       333        21         1
302       312        10        22
329       330         1         4
329       331         2         3
307       326        19         8
322       332        10         2
310       325        15         9
329       332         3         2
329       333         4         1
308       318        10        16
300       321        21        13
323       326         3         8
325       329         4         5
330       333         3         1
318       321         3        13
321       327         6         7
331       333         2         1
314       333        19         1
322       332        10         2
313       321         8        13
321       324         3        10
311       314         3        20
316       326        10         8
318       332        14         2
313       328        15         6
310       322        12        12
313       324        11        10
322       329         7         5
319       331        12         3
327       333         6         1
330       332         2         2
312       329        17         5
28       326       298         8
21       328       307         6
320       331        11         3
328       330         2         4
328       331         3         3
322       331         9         3
319       330        11         4
28       327       299         7
28       331       303         3
312       322        10        12
318       319         1        15
325       326         1         8
323       324         1        10
325       331         6         3
323       329         6         5
319       330        11         4
325       326         1         8
321       325         4         9
327       331         4         3
326       329         3         5
322       326         4         8
309       329        20         5
327       331         4         3
18       328       310         6
332       333         1         1
317       333        16         1
314       323         9        11
310       320        10        14
325       327         2         7
327       333         6         1
327       333         6         1
328       333         5         1
327       328         1         6
323       326         3         8
331       333         2         1
322       327         5         7
327       329         2         5
327       328         1         6
324       330         6         4
320       330        10         4
331       332         1         2
24       324       300        10
330       333         3         1
315       328        13         6
322       328         6         6
329       333         4         1
326       331         5         3
310       330        20         4
326       332         6         2
328       332         4         2
324       331         7         3
280       323        43        11
321       332        11         2
309       328        19         6
304       325        21         9
331       332         1         2
309       327        18         7
23       329       306         5
327       333         6         1
21       320       299        14
326       333         7         1
323       325         2         9
326       330         4         4
330       333         3         1
8       325       317         9
319       332        13         2
331       332         1         2
322       332        10         2
324       328         4         6
313       329        16         5
308       330        22         4
315       321         6        13
26       329       303         5
313       330        17         4
24       331       307         3
295       306        11        28
332       333         1         1
313       319         6        15
328       329         1         5
329       333         4         1
316       324         8        10
328       331         3         3
328       333         5         1
329       332         3         2
322       325         3         9
327       331         4         3
297       314        17        20
329       333         4         1
323       333        10         1
330       332         2         2
331       332         1         2
329       332         3         2
328       330         2         4
301       329        28         5
317       325         8         9
330       331         1         3
328       333         5         1
318       325         7         9
322       328         6         6
324       327         3         7
312       324        12        10
318       322         4        12
322       328         6         6
321       324         3        10
304       308         4        26
324       325         1         9
320       327         7         7
298       313        15        21
323       325         2         9
313       315         2        19
328       330         2         4
320       331        11         3
327       331         4         3
320       326         6         8
325       332         7         2
315       333        18         1
28       330       302         4
313       314         1        20
299       323        24        11
286       304        18        30
328       330         2         4
328       329         1         5
325       327         2         7
