391       398         7         3
387       393         6         8
46       398       352         3
390       394         4         7
388       394         6         7
387       398        11         3
190       396       206         5
280       381       101        20
388       398        10         3
46       376       330        25
290       380        90        21
27       399       372         2
239       390       151        11
386       392         6         9
356       367        11        34
395       398         3         3
388       395         7         6
370       379         9        22
388       397         9         4
379       400        21         1
394       397         3         4
393       400         7         1
386       395         9         6
46       393       347         8
386       389         3        12
384       397        13         4
391       395         4         6
392       400         8         1
46       398       352         3
44       383       339        18
385       386         1        15
398       400         2         1
382       394        12         7
43       400       357         1
367       391        24        10
396       400         4         1
394       398         4         3
393       395         2         6
399       400         1         1
278       400       122         1
234       385       151        16
394       397         3         4
244       392       148         9
395       400         5         1
391       400         9         1
394       398         4         3
388       395         7         6
394       395         1         6
375       396        21         5
191       396       205         5
386       391         5        10
388       395         7         6
39       396       357         5
40       392       352         9
42       392       350         9
397       400         3         1
287       396       109         5
241       399       158         2
381       395        14         6
182       393       211         8
244       399       155         2
397       400         3         1
397       400         3         1
44       400       356         1
399       400         1         1
391       399         8         2
292       399       107         2
394       395         1         6
392       399         7         2
43       386       343        15
188       398       210         3
234       394       160         7
387       388         1        13
397       398         1         3
392       400         8         1
388       393         5         8
398       400         2         1
380       397        17         4
397       400         3         1
391       397         6         4
243       397       154         4
46       391       345        10
385       398        13         3
395       396         1         5
397       399         2         2
377       383         6        18
387       399        12         2
231       399       168         2
388       390         2        11
44       395       351         6
289       386        97        15
386       390         4        11
280       398       118         3
395       397         2         4
392       400         8         1
399       400         1         1
287       397       110         4
291       392       101         9
237       389       152        12
44       375       331        26
380       400        20         1
193       377       184        24
392       398         6         3
393       394         1         7
391       399         8         2
46       397       351         4
396       400         4         1
391       394         3         7
45       388       343        13
387       389         2        12
396       397         1         4
40       399       359         2
389       391         2        10
386       395         9         6
376       394        18         7
395       400         5         1
391       392         1         9
389       395         6         6
395       397         2         4
392       400         8         1
175       383       208        18
397       398         1         3
25       399       374         2
397       400         3         1
387       399        12         2
393       397         4         4
389       397         8         4
374       396        22         5
391       399         8         2
195       398       203         3
387       400        13         1
293       394       101         7
387       395         8         6
391       397         6         4
396       399         3         2
395       400         5         1
389       391         2        10
393       394         1         7
42       398       356         3
39       383       344        18
232       387       155        14
293       398       105         3
393       399         6         2
44       397       353         4
396       397         1         4
392       393         1         8
287       388       101        13
33       392       359         9
236       399       163         2
386       400        14         1
42       390       348        11
394       399         5         2
382       393        11         8
395       400         5         1
397       398         1         3
398       399         1         2
396       398         2         3
191       394       203         7
372       395        23         6
399       400         1         1
391       396         5         5
388       400        12         1
46       397       351         4
386       400        14         1
380       391        11        10
396       399         3         2
399       400         1         1
389       400        11         1
43       396       353         5
396       398         2         3
378       397        19         4
392       395         3         6
399       400         1         1
372       399        27         2
39       400       361         1
36       392       356         9
382       388         6        13
365       388        23        13
394       398         4         3
390       399         9         2
382       384         2        17
395       400         5         1
398       400         2         1
394       395         1         6
394       397         3         4
369       399        30         2
226       400       174         1
390       400        10         1
394       397         3         4
43       178       135       223
373       399        26         2
397       399         2         2
291       399       108         2
398       400         2         1
48       400       352         1
397       398         1         3
391       394         3         7
261       397       136         4
381       394        13         7
397       399         2         2
391       392         1         9
42       386       344        15
398       399         1         2
388       398        10         3
397       399         2         2
227       396       169         5
392       394         2         7
394       399         5         2
395       397         2         4
387       389         2        12
381       397        16         4
364       373         9        28
395       400         5         1
395       398         3         3
370       397        27         4
374       397        23         4
387       400        13         1
392       394         2         7
369       400        31         1
398       400         2         1
386       398        12         3
386       395         9         6
243       400       157         1
195       397       202         4
397       399         2         2
394       396         2         5
390       399         9         2
392       397         5         4
43       390       347        11
45       391       346        10
397       399         2         2
396       400         4         1
183       389       206        12
396       398         2         3
383       386         3        15
389       398         9         3
374       393        19         8
389       397         8         4
194       400       206         1
395       396         1         5
391       399         8         2
398       400         2         1
381       392        11         9
395       396         1         5
395       400         5         1
390       398         8         3
239       400       161         1
388       395         7         6
33       400       367         1
238       397       159         4
393       399         6         2
390       398         8         3
390       399         9         2
392       396         4         5
396       399         3         2
41       400       359         1
388       391         3        10
47       392       345         9
291       400       109         1
377       396        19         5
386       400        14         1
39       389       350        12
364       399        35         2
398       399         1         2
24       399       375         2
189       394       205         7
36       399       363         2
378       391        13        10
391       397         6         4
392       399         7         2
374       383         9        18
399       400         1         1
386       393         7         8
395       400         5         1
244       397       153         4
286       400       114         1
396       399         3         2
365       374         9        27
390       394         4         7
376       397        21         4
269       389       120        12
392       399         7         2
382       390         8        11
377       389        12        12
381       386         5        15
385       399        14         2
380       393        13         8
391       399         8         2
379       397        18         4
275       391       116        10
381       397        16         4
380       400        20         1
384       392         8         9
236       399       163         2
232       395       163         6
395       398         3         3
381       391        10        10
382       390         8        11
46       398       352         3
230       400       170         1
382       400        18         1
391       399         8         2
26       396       370         5
399       400         1         1
394       400         6         1
286       390       104        11
32        45        13       356
235       391       156        10
284       397       113         4
375       381         6        20
41       366       325        35
289       396       107         5
238       399       161         2
293       395       102         6
396       398         2         3
396       400         4         1
387       399        12         2
389       396         7         5
383       398        15         3
386       387         1        14
392       393         1         8
390       400        10         1
214       293        79       108
399       400         1         1
390       400        10         1
229       396       167         5
394       400         6         1
379       394        15         7
391       400         9         1
395       400         5         1
367       384        17        17
398       399         1         2
394       396         2         5
365       398        33         3
383       394        11         7
396       399         3         2
239       395       156         6
391       398         7         3
380       391        11        10
376       399        23         2
386       390         4        11
397       398         1         3
380       392        12         9
390       400        10         1
397       398         1         3
381       399        18         2
382       399        17         2
384       395        11         6
391       397         6         4
293       398       105         3
397       400         3         1
396       398         2         3
393       398         5         3
394       400         6         1
390       399         9         2
377       383         6        18
391       400         9         1
388       392         4         9
388       398        10         3
367       400        33         1
243       399       156         2
393       396         3         5
389       393         4         8
391       393         2         8
387       400        13         1
42       396       354         5
377       389        12        12
398       399         1         2
391       392         1         9
385       397        12         4
388       397         9         4
395       399         4         2
394       396         2         5
399       400         1         1
395       397         2         4
390       393         3         8
385       393         8         8
387       390         3        11
389       400        11         1
395       400         5         1
395       400         5         1
389       391         2        10
381       392        11         9
387       396         9         5
390       400        10         1
393       399         6         2
395       397         2         4
393       396         3         5
383       394        11         7
386       396        10         5
386       398        12         3
191       400       209         1
381       399        18         2
43       381       338        20
391       400         9         1
383       395        12         6
284       391       107        10
41       400       359         1
48       394       346         7
244       391       147        10
36       391       355        10
43       400       357         1
290       390       100        11
386       392         6         9
371       382        11        19
391       400         9         1
395       400         5         1
376       391        15        10
354       395        41         6
388       398        10         3
398       399         1         2
395       398         3         3
224       398       174         3
383       389         6        12
396       398         2         3
396       400         4         1
30       395       365         6
397       399         2         2
167       399       232         2
47       397       350         4
390       399         9         2
46       395       349         6
189       398       209         3
384       399        15         2
387       392         5         9
369       393        24         8
391       400         9         1
377       399        22         2
238       389       151        12
370       388        18        13
381       394        13         7
387       388         1        13
394       396         2         5
379       384         5        17
374       400        26         1
394       399         5         2
390       394         4         7
387       391         4        10
392       395         3         6
390       398         8         3
46       386       340        15
388       393         5         8
392       400         8         1
40       178       138       223
396       398         2         3
389       399        10         2
227       391       164        10
255       388       133        13
45       393       348         8
33       397       364         4
394       400         6         1
395       399         4         2
380       399        19         2
393       394         1         7
19       379       360        22
393       400         7         1
377       397        20         4
396       398         2         3
389       398         9         3
178       391       213        10
374       394        20         7
240       386       146        15
391       392         1         9
34       400       366         1
391       397         6         4
399       400         1         1
383       395        12         6
376       397        21         4
190       399       209         2
390       400        10         1
390       395         5         6
386       391         5        10
386       400        14         1
379       398        19         3
388       398        10         3
182       392       210         9
381       390         9        11
373       389        16        12
391       396         5         5
395       396         1         5
379       394        15         7
390       394         4         7
395       396         1         5
394       398         4         3
398       400         2         1
396       398         2         3
395       396         1         5
375       396        21         5
391       399         8         2
392       396         4         5
391       395         4         6
393       395         2         6
32       381       349        20
391       397         6         4
397       399         2         2
376       395        19         6
390       399         9         2
393       395         2         6
391       396         5         5
390       396         6         5
381       398        17         3
373       400        27         1
195       394       199         7
395       399         4         2
392       399         7         2
43       183       140       218
381       387         6        14
48       383       335        18
387       395         8         6
399       400         1         1
394       395         1         6
392       393         1         8
45       396       351         5
390       395         5         6
240       398       158         3
244       398       154         3
386       391         5        10
292       400       108         1
382       398        16         3
385       392         7         9
288       398       110         3
40       397       357         4
195       383       188        18
373       400        27         1
191       395       204         6
43       372       329        29
387       392         5         9
383       400        17         1
228       400       172         1
394       397         3         4
391       395         4         6
399       400         1         1
391       393         2         8
40       397       357         4
393       396         3         5
378       400        22         1
394       395         1         6
190       394       204         7
184       399       215         2
396       397         1         4
388       393         5         8
278       384       106        17
241       388       147        13
384       400        16         1
29       400       371         1
377       387        10        14
43       384       341        17
395       398         3         3
371       385        14        16
392       397         5         4
393       394         1         7
371       386        15        15
383       396        13         5
43       400       357         1
44       400       356         1
397       398         1         3
388       399        11         2
388       392         4         9
389       400        11         1
291       393       102         8
390       395         5         6
397       399         2         2
398       399         1         2
366       400        34         1
240       398       158         3
389       391         2        10
380       397        17         4
398       400         2         1
238       400       162         1
387       400        13         1
395       397         2         4
395       396         1         5
357       396        39         5
10       399       389         2
385       397        12         4
386       387         1        14
235       399       164         2
385       394         9         7
396       397         1         4
191       392       201         9
282       392       110         9
374       399        25         2
380       383         3        18
379       398        19         3
394       398         4         3
371       393        22         8
387       396         9         5
378       393        15         8
385       400        15         1
280       396       116         5
391       400         9         1
293       395       102         6
335       398        63         3
395       400         5         1
399       400         1         1
362       396        34         5
372       393        21         8
396       399         3         2
383       392         9         9
392       394         2         7
385       390         5        11
391       396         5         5
397       399         2         2
398       399         1         2
396       399         3         2
380       391        11        10
391       393         2         8
388       398        10         3
388       394         6         7
191       398       207         3
378       381         3        20
46       384       338        17
362       383        21        18
46       243       197       158
384       399        15         2
396       400         4         1
389       400        11         1
398       400         2         1
377       399        22         2
389       391         2        10
386       390         4        11
271       386       115        15
374       400        26         1
386       392         6         9
384       388         4        13
332       379        47        22
368       400        32         1
289       392       103         9
393       396         3         5
386       390         4        11
390       399         9         2
396       399         3         2
244       400       156         1
47       384       337        17
390       391         1        10
397       400         3         1
392       395         3         6
383       388         5        13
379       382         3        19
385       398        13         3
383       397        14         4
387       400        13         1
289       397       108         4
26       396       370         5
389       397         8         4
391       395         4         6
390       400        10         1
399       400         1         1
377       384         7        17
372       397        25         4
395       397         2         4
391       393         2         8
376       392        16         9
376       395        19         6
194       398       204         3
47       398       351         3
387       388         1        13
366       394        28         7
396       398         2         3
375       389        14        12
392       397         5         4
26       398       372         3
244       395       151         6
399       400         1         1
383       393        10         8
26       400       374         1
175       398       223         3
398       400         2         1
189       391       202        10
384       400        16         1
383       398        15         3
390       399         9         2
358       400        42         1
293       393       100         8
373       400        27         1
395       397         2         4
386       398        12         3
398       399         1         2
45       239       194       162
238       391       153        10
43       391       348        10
195       397       202         4
393       398         5         3
398       400         2         1
390       398         8         3
371       385        14        16
396       397         1         4
364       372         8        29
32       398       366         3
45       400       355         1
378       393        15         8
387       392         5         9
193       392       199         9
379       385         6        16
195       231        36       170
398       399         1         2
181       396       215         5
25       395       370         6
395       400         5         1
271       400       129         1
237       393       156         8
389       398         9         3
388       393         5         8
397       399         2         2
390       397         7         4
42       400       358         1
190       391       201        10
392       400         8         1
37       392       355         9
393       397         4         4
390       397         7         4
399       400         1         1
47       400       353         1
389       397         8         4
394       400         6         1
397       399         2         2
396       397         1         4
395       400         5         1
370       399        29         2
35       396       361         5
376       398        22         3
391       394         3         7
396       397         1         4
399       400         1         1
385       396        11         5
46       400       354         1
388       398        10         3
239       396       157         5
288       396       108         5
392       393         1         8
378       396        18         5
399       400         1         1
363       387        24        14
393       400         7         1
389       393         4         8
388       389         1        12
387       398        11         3
191       397       206         4
289       388        99        13
35       398       363         3
385       395        10         6
398       399         1         2
387       394         7         7
394       396         2         5
397       400         3         1
27       387       360        14
385       400        15         1
395       397         2         4
398       400         2         1
240       390       150        11
381       391        10        10
397       400         3         1
382       398        16         3
181       400       219         1
389       399        10         2
387       399        12         2
396       400         4         1
392       396         4         5
280       397       117         4
385       400        15         1
396       398         2         3
391       397         6         4
374       379         5        22
387       389         2        12
375       385        10        16
32       396       364         5
398       399         1         2
380       397        17         4
396       399         3         2
383       396        13         5
395       399         4         2
392       399         7         2
386       397        11         4
398       400         2         1
396       398         2         3
43       397       354         4
388       394         6         7
381       396        15         5
394       400         6         1
387       395         8         6
388       395         7         6
391       395         4         6
391       392         1         9
395       400         5         1
44       397       353         4
382       392        10         9
396       399         3         2
376       397        21         4
393       395         2         6
397       398         1         3
195       398       203         3
380       399        19         2
241       400       159         1
47       391       344        10
45       390       345        11
380       393        13         8
397       399         2         2
376       391        15        10
394       397         3         4
375       394        19         7
397       400         3         1
385       394         9         7
364       400        36         1
388       397         9         4
390       391         1        10
381       383         2        18
42       395       353         6
392       400         8         1
24       386       362        15
388       397         9         4
374       395        21         6
390       397         7         4
394       398         4         3
365       388        23        13
44       399       355         2
293       391        98        10
392       394         2         7
381       392        11         9
388       398        10         3
394       396         2         5
398       400         2         1
396       400         4         1
398       399         1         2
28       399       371         2
235       396       161         5
388       391         3        10
384       399        15         2
398       399         1         2
38       399       361         2
44       398       354         3
37       400       363         1
396       398         2         3
393       399         6         2
390       397         7         4
39       399       360         2
392       399         7         2
371       394        23         7
394       396         2         5
395       400         5         1
373       386        13        15
395       400         5         1
398       399         1         2
349       393        44         8
39       383       344        18
399       400         1         1
367       385        18        16
396       399         3         2
392       397         5         4
392       400         8         1
391       399         8         2
382       395        13         6
243       386       143        15
390       394         4         7
35       386       351        15
396       400         4         1
230       400       170         1
394       398         4         3
233       372       139        29
386       392         6         9
396       398         2         3
377       389        12        12
192       398       206         3
396       398         2         3
394       398         4         3
382       384         2        17
395       396         1         5
293       385        92        16
244       391       147        10
374       396        22         5
390       392         2         9
395       398         3         3
389       396         7         5
372       400        28         1
390       397         7         4
41       371       330        30
393       396         3         5
233       392       159         9
381       390         9        11
9       397       388         4
47       386       339        15
390       400        10         1
187       395       208         6
396       397         1         4
390       398         8         3
386       398        12         3
35       397       362         4
386       388         2        13
393       398         5         3
396       398         2         3
393       396         3         5
363       396        33         5
381       390         9        11
398       399         1         2
384       390         6        11
396       400         4         1
392       397         5         4
393       398         5         3
398       399         1         2
369       393        24         8
376       400        24         1
397       399         2         2
396       400         4         1
387       396         9         5
398       400         2         1
360       389        29        12
393       400         7         1
381       390         9        11
390       394         4         7
395       397         2         4
382       386         4        15
361       381        20        20
397       398         1         3
387       398        11         3
392       397         5         4
388       400        12         1
392       400         8         1
188       399       211         2
395       400         5         1
48       391       343        10
379       397        18         4
33       400       367         1
192       385       193        16
387       395         8         6
399       400         1         1
399       400         1         1
389       391         2        10
395       398         3         3
42       394       352         7
388       399        11         2
46       398       352         3
363       395        32         6
382       400        18         1
384       385         1        16
391       396         5         5
398       400         2         1
394       395         1         6
381       392        11         9
378       391        13        10
392       398         6         3
41       358       317        43
395       397         2         4
389       391         2        10
396       399         3         2
387       391         4        10
397       400         3         1
397       398         1         3
389       390         1        11
244       397       153         4
29       392       363         9
389       395         6         6
288       398       110         3
379       394        15         7
383       396        13         5
388       390         2        11
288       387        99        14
382       400        18         1
181       396       215         5
37       379       342        22
398       399         1         2
392       394         2         7
381       400        19         1
38       385       347        16
395       397         2         4
392       394         2         7
391       397         6         4
386       398        12         3
292       396       104         5
392       399         7         2
48       397       349         4
393       399         6         2
380       392        12         9
395       399         4         2
48       400       352         1
392       399         7         2
391       394         3         7
383       396        13         5
396       398         2         3
377       380         3        21
387       392         5         9
392       397         5         4
43       390       347        11
394       398         4         3
182       393       211         8
47       389       342        12
193       383       190        18
384       391         7        10
399       400         1         1
390       392         2         9
47       400       353         1
358       392        34         9
394       397         3         4
385       388         3        13
389       395         6         6
259       289        30       112
392       394         2         7
397       400         3         1
389       393         4         8
374       399        25         2
395       397         2         4
396       399         3         2
