372       373         1         1
344       348         4        26
345       363        18        11
368       370         2         4
365       367         2         7
340       364        24        10
352       370        18         4
313       366        53         8
369       371         2         3
362       364         2        10
353       373        20         1
360       373        13         1
361       365         4         9
362       370         8         4
337       366        29         8
370       371         1         3
361       372        11         2
358       365         7         9
13       347       334        27
351       370        19         4
364       373         9         1
361       365         4         9
357       371        14         3
361       365         4         9
367       369         2         5
346       368        22         6
354       365        11         9
273       354        81        20
326       373        47         1
14       367       353         7
364       366         2         8
343       355        12        19
356       366        10         8
326       364        38        10
339       352        13        22
372       373         1         1
348       370        22         4
9       354       345        20
371       372         1         2
363       368         5         6
367       372         5         2
369       371         2         3
361       368         7         6
359       370        11         4
372       373         1         1
363       370         7         4
368       370         2         4
356       372        16         2
23       370       347         4
347       359        12        15
346       357        11        17
320       371        51         3
348       363        15        11
28       355       327        19
362       365         3         9
369       372         3         2
357       366         9         8
345       367        22         7
366       373         7         1
367       372         5         2
368       373         5         1
366       372         6         2
363       368         5         6
26       346       320        28
347       365        18         9
1        29        28       345
341       343         2        31
16       357       341        17
357       366         9         8
351       353         2        21
353       354         1        20
358       367         9         7
362       369         7         5
317       332        15        42
28       369       341         5
365       368         3         6
370       373         3         1
214       371       157         3
215       373       158         1
370       371         1         3
370       372         2         2
370       371         1         3
15       373       358         1
350       372        22         2
359       371        12         3
23       373       350         1
30       347       317        27
28       348       320        26
338       353        15        21
359       372        13         2
210       351       141        23
365       372         7         2
351       371        20         3
360       368         8         6
335       350        15        24
216       361       145        13
360       368         8         6
364       373         9         1
354       373        19         1
353       360         7        14
369       370         1         4
371       373         2         1
368       371         3         3
370       373         3         1
365       372         7         2
12        29        17       345
15       356       341        18
364       368         4         6
25       373       348         1
344       346         2        28
367       372         5         2
368       373         5         1
29       362       333        12
214       367       153         7
20       372       352         2
346       348         2        26
346       369        23         5
348       362        14        12
19       359       340        15
365       366         1         8
353       354         1        20
30       373       343         1
335       367        32         7
28       373       345         1
365       372         7         2
351       370        19         4
366       369         3         5
366       372         6         2
347       372        25         2
369       372         3         2
340       341         1        33
28       341       313        33
29       364       335        10
22       366       344         8
306       373        67         1
360       364         4        10
354       358         4        16
363       372         9         2
18       371       353         3
368       372         4         2
367       368         1         6
307       368        61         6
358       364         6        10
29       357       328        17
340       341         1        33
18       364       346        10
362       365         3         9
357       368        11         6
333       365        32         9
355       368        13         6
366       371         5         3
367       370         3         4
360       369         9         5
368       371         3         3
364       369         5         5
368       369         1         5
343       358        15        16
29       371       342         3
365       373         8         1
358       367         9         7
24       373       349         1
28       355       327        19
353       359         6        15
357       373        16         1
336       358        22        16
346       370        24         4
344       368        24         6
360       372        12         2
213       356       143        18
351       369        18         5
364       370         6         4
361       370         9         4
370       373         3         1
6       366       360         8
352       366        14         8
359       360         1        14
350       361        11        13
357       373        16         1
354       369        15         5
358       359         1        15
350       358         8        16
364       372         8         2
348       363        15        11
342       368        26         6
357       366         9         8
355       370        15         4
367       373         6         1
370       373         3         1
30       371       341         3
368       372         4         2
363       364         1        10
28       364       336        10
355       372        17         2
354       367        13         7
369       370         1         4
6       362       356        12
345       359        14        15
364       372         8         2
7       368       361         6
366       369         3         5
26       368       342         6
19       371       352         3
364       372         8         2
13       356       343        18
359       371        12         3
362       366         4         8
344       353         9        21
349       356         7        18
370       372         2         2
369       371         2         3
356       368        12         6
365       369         4         5
346       373        27         1
366       373         7         1
364       369         5         5
350       368        18         6
348       350         2        24
338       373        35         1
26       354       328        20
28       372       344         2
24       370       346         4
358       372        14         2
341       354        13        20
30       358       328        16
340       352        12        22
368       369         1         5
361       362         1        12
216       370       154         4
355       365        10         9
350       364        14        10
317       357        40        17
341       342         1        32
363       367         4         7
345       369        24         5
17       364       347        10
351       369        18         5
368       371         3         3
353       371        18         3
367       368         1         6
329       352        23        22
343       355        12        19
18       373       355         1
214       372       158         2
20       368       348         6
352       372        20         2
326       370        44         4
364       371         7         3
368       373         5         1
368       372         4         2
337       369        32         5
358       372        14         2
356       357         1        17
368       370         2         4
349       369        20         5
366       368         2         6
326       339        13        35
30       371       341         3
349       363        14        11
15       368       353         6
353       357         4        17
345       359        14        15
347       356         9        18
370       373         3         1
363       371         8         3
357       358         1        16
341       350         9        24
367       372         5         2
369       373         4         1
360       373        13         1
324       366        42         8
333       370        37         4
357       365         8         9
365       371         6         3
368       373         5         1
216       373       157         1
338       340         2        34
23       372       349         2
361       371        10         3
371       373         2         1
331       354        23        20
190       373       183         1
367       368         1         6
21       369       348         5
348       357         9        17
29       357       328        17
16       370       354         4
340       362        22        12
367       373         6         1
366       368         2         6
359       363         4        11
351       358         7        16
346       354         8        20
363       373        10         1
361       363         2        11
13       356       343        18
363       365         2         9
214       364       150        10
30       363       333        11
30       373       343         1
366       371         5         3
338       362        24        12
366       370         4         4
356       365         9         9
362       372        10         2
349       363        14        11
331       360        29        14
22       372       350         2
344       359        15        15
24       373       349         1
344       367        23         7
366       367         1         7
361       373        12         1
363       366         3         8
351       366        15         8
342       357        15        17
212       354       142        20
354       359         5        15
344       360        16        14
342       352        10        22
365       371         6         3
351       373        22         1
16       364       348        10
372       373         1         1
345       358        13        16
343       364        21        10
364       373         9         1
339       354        15        20
366       367         1         7
370       371         1         3
350       369        19         5
344       357        13        17
17       373       356         1
362       368         6         6
371       373         2         1
6       361       355        13
363       372         9         2
203       360       157        14
365       371         6         3
21       358       337        16
26       367       341         7
364       368         4         6
368       370         2         4
1       356       355        18
30       373       343         1
369       373         4         1
368       373         5         1
339       368        29         6
365       368         3         6
362       369         7         5
355       357         2        17
359       362         3        12
341       365        24         9
349       356         7        18
337       343         6        31
331       373        42         1
354       372        18         2
359       371        12         3
368       373         5         1
365       367         2         7
359       369        10         5
337       373        36         1
332       357        25        17
318       341        23        33
366       369         3         5
357       371        14         3
358       361         3        13
12       366       354         8
365       370         5         4
30       368       338         6
349       370        21         4
325       372        47         2
369       370         1         4
363       372         9         2
337       341         4        33
355       367        12         7
347       360        13        14
365       372         7         2
355       364         9        10
370       373         3         1
349       361        12        13
336       360        24        14
29       371       342         3
358       363         5        11
332       373        41         1
365       367         2         7
354       370        16         4
344       362        18        12
30       372       342         2
365       370         5         4
23       370       347         4
310       373        63         1
10       347       337        27
348       372        24         2
352       361         9        13
368       373         5         1
329       348        19        26
361       368         7         6
351       368        17         6
370       371         1         3
2       372       370         2
344       371        27         3
363       371         8         3
361       370         9         4
343       358        15        16
20       335       315        39
364       373         9         1
341       364        23        10
372       373         1         1
204       365       161         9
21       369       348         5
364       369         5         5
360       373        13         1
343       373        30         1
28       314       286        60
365       370         5         4
353       373        20         1
26       373       347         1
366       369         3         5
357       363         6        11
354       362         8        12
339       357        18        17
334       345        11        29
24       373       349         1
369       372         3         2
364       369         5         5
363       369         6         5
28       362       334        12
30       325       295        49
364       370         6         4
24       367       343         7
28       322       294        52
367       371         4         3
359       370        11         4
368       370         2         4
28       364       336        10
314       347        33        27
370       372         2         2
370       373         3         1
28       365       337         9
367       373         6         1
331       358        27        16
28       340       312        34
29       370       341         4
13       356       343        18
352       355         3        19
349       373        24         1
354       371        17         3
360       369         9         5
356       364         8        10
369       371         2         3
364       366         2         8
337       352        15        22
343       369        26         5
15       352       337        22
361       369         8         5
364       370         6         4
201       371       170         3
353       364        11        10
342       367        25         7
336       358        22        16
25       370       345         4
368       373         5         1
339       371        32         3
215       360       145        14
330       364        34        10
359       372        13         2
356       372        16         2
370       372         2         2
23       363       340        11
363       371         8         3
367       369         2         5
362       369         7         5
208       368       160         6
20       364       344        10
27       360       333        14
212       345       133        29
369       370         1         4
369       371         2         3
205       355       150        19
359       368         9         6
371       372         1         2
353       365        12         9
193       362       169        12
370       373         3         1
348       349         1        25
360       369         9         5
215       366       151         8
339       373        34         1
368       372         4         2
366       373         7         1
24       370       346         4
343       366        23         8
29       366       337         8
368       373         5         1
363       371         8         3
362       373        11         1
337       343         6        31
360       361         1        13
352       360         8        14
25       346       321        28
344       361        17        13
24       347       323        27
324       362        38        12
21       335       314        39
363       371         8         3
370       372         2         2
347       371        24         3
349       362        13        12
351       363        12        11
353       357         4        17
364       365         1         9
359       362         3        12
352       359         7        15
27       371       344         3
351       362        11        12
363       365         2         9
199       361       162        13
363       367         4         7
366       371         5         3
361       373        12         1
366       372         6         2
11       338       327        36
367       371         4         3
369       370         1         4
346       359        13        15
368       369         1         5
343       368        25         6
366       368         2         6
346       372        26         2
352       373        21         1
357       368        11         6
356       365         9         9
362       366         4         8
350       370        20         4
5       362       357        12
16       373       357         1
361       368         7         6
351       356         5        18
364       366         2         8
362       371         9         3
348       371        23         3
350       365        15         9
332       339         7        35
358       372        14         2
318       354        36        20
354       371        17         3
364       369         5         5
367       371         4         3
13       368       355         6
368       370         2         4
307       365        58         9
346       356        10        18
350       373        23         1
343       371        28         3
343       371        28         3
348       357         9        17
6       351       345        23
371       373         2         1
22       369       347         5
345       346         1        28
345       347         2        27
355       368        13         6
324       346        22        28
338       373        35         1
367       372         5         2
351       366        15         8
336       356        20        18
348       373        25         1
361       364         3        10
340       362        22        12
343       353        10        21
361       362         1        12
358       363         5        11
366       373         7         1
356       369        13         5
369       372         3         2
362       371         9         3
364       372         8         2
364       370         6         4
370       373         3         1
367       371         4         3
352       372        20         2
365       366         1         8
366       371         5         3
371       373         2         1
13       366       353         8
357       363         6        11
351       371        20         3
22       369       347         5
22       370       348         4
346       372        26         2
344       373        29         1
348       369        21         5
366       369         3         5
366       373         7         1
366       372         6         2
341       372        31         2
367       370         3         4
370       371         1         3
354       370        16         4
361       368         7         6
214       372       158         2
206       353       147        21
30       373       343         1
332       357        25        17
355       368        13         6
365       369         4         5
354       371        17         3
368       373         5         1
344       362        18        12
351       370        19         4
365       371         6         3
13       362       349        12
346       350         4        24
349       350         1        24
321       372        51         2
351       369        18         5
364       371         7         3
319       354        35        20
371       372         1         2
355       369        14         5
361       370         9         4
6       372       366         2
363       367         4         7
357       363         6        11
15       373       358         1
345       355        10        19
355       372        17         2
365       367         2         7
347       372        25         2
368       373         5         1
352       370        18         4
364       371         7         3
343       344         1        30
360       371        11         3
29       373       344         1
371       373         2         1
360       373        13         1
30       361       331        13
349       356         7        18
362       370         8         4
363       372         9         2
13       356       343        18
355       360         5        14
342       372        30         2
363       369         6         5
356       357         1        17
347       366        19         8
361       366         5         8
355       373        18         1
360       366         6         8
345       353         8        21
352       373        21         1
200       360       160        14
214       362       148        12
370       371         1         3
356       362         6        12
347       373        26         1
364       367         3         7
346       369        23         5
367       370         3         4
369       373         4         1
358       372        14         2
361       367         6         7
343       368        25         6
200       354       154        20
29       358       329        16
364       369         5         5
360       366         6         8
360       364         4        10
356       368        12         6
366       369         3         5
365       373         8         1
341       351        10        23
367       373         6         1
355       362         7        12
366       371         5         3
347       349         2        25
363       372         9         2
354       360         6        14
28       371       343         3
20       371       351         3
363       371         8         3
347       364        17        10
15        27        12       347
367       368         1         6
362       373        11         1
362       373        11         1
348       370        22         4
340       369        29         5
359       372        13         2
359       366         7         8
362       364         2        10
347       368        21         6
348       363        15        11
346       368        22         6
22       353       331        21
369       373         4         1
351       372        21         2
345       361        16        13
366       369         3         5
345       372        27         2
361       365         4         9
351       371        20         3
20       373       353         1
358       369        11         5
363       366         3         8
364       372         8         2
365       370         5         4
366       373         7         1
366       373         7         1
367       373         6         1
364       370         6         4
345       356        11        18
351       360         9        14
366       370         4         4
342       364        22        10
351       358         7        16
341       371        30         3
29       351       322        23
29       359       330        15
18       366       348         8
362       372        10         2
20       369       349         5
333       353        20        21
367       373         6         1
338       373        35         1
372       373         1         1
370       372         2         2
356       369        13         5
24       373       349         1
366       368         2         6
215       351       136        23
347       367        20         7
372       373         1         1
360       372        12         2
28       371       343         3
18       349       331        25
353       354         1        20
340       361        21        13
349       368        19         6
356       366        10         8
343       367        24         7
358       371        13         3
351       358         7        16
305       358        53        16
365       373         8         1
365       371         6         3
359       372        13         2
361       362         1        12
340       361        21        13
357       373        16         1
357       366         9         8
366       367         1         7
364       372         8         2
341       373        32         1
332       358        26        16
362       373        11         1
364       371         7         3
23       372       349         2
358       370        12         4
29       355       326        19
329       340        11        34
363       369         6         5
361       362         1        12
364       371         7         3
346       354         8        20
26       368       342         6
356       365         9         9
347       362        15        12
352       369        17         5
365       372         7         2
354       365        11         9
353       365        12         9
343       347         4        27
371       372         1         2
339       348         9        26
338       355        17        19
353       363        10        11
361       368         7         6
342       370        28         4
350       369        19         5
320       369        49         5
200       372       172         2
365       369         4         5
19       372       353         2
363       372         9         2
357       359         2        15
334       348        14        26
368       372         4         2
204       346       142        28
369       372         3         2
357       360         3        14
342       359        17        15
367       371         4         3
362       371         9         3
203       349       146        25
370       372         2         2
356       360         4        14
355       371        16         3
358       363         5        11
353       366        13         8
360       373        13         1
357       369        12         5
342       361        19        13
359       368         9         6
349       355         6        19
29       345       316        29
10       373       363         1
336       356        20        18
342       373        31         1
345       357        12        17
304       351        47        23
352       365        13         9
363       371         8         3
363       369         6         5
368       373         5         1
361       368         7         6
368       369         1         5
325       344        19        30
210       369       159         5
216       370       154         4
360       367         7         7
27       356       329        18
370       371         1         3
361       371        10         3
23        24         1       350
202       361       159        13
358       373        15         1
355       362         7        12
363       370         7         4
355       364         9        10
362       370         8         4
372       373         1         1
338       358        20        16
363       367         4         7
209       352       143        22
362       372        10         2
371       372         1         2
21       352       331        22
354       365        11         9
364       371         7         3
337       356        19        18
358       365         7         9
349       368        19         6
357       362         5        12
347       372        25         2
360       368         8         6
356       368        12         6
366       367         1         7
363       368         5         6
21       371       350         3
349       354         5        20
360       361         1        13
363       372         9         2
366       373         7         1
363       372         9         2
364       368         4         6
361       366         5         8
349       354         5        20
29       371       342         3
322       343        21        31
339       340         1        34
370       372         2         2
19       214       195       160
358       373        15         1
2       371       369         3
362       367         5         7
368       371         3         3
367       369         2         5
356       359         3        15
349       354         5        20
366       371         5         3
20       362       342        12
362       373        11         1
214       368       154         6
356       365         9         9
26       363       337        11
349       369        20         5
346       350         4        24
27       361       334        13
358       365         7         9
364       366         2         8
207       372       165         2
349       373        24         1
349       371        22         3
19       340       321        34
350       371        21         3
335       350        15        24
348       359        11        15
354       366        12         8
26       366       340         8
346       349         3        25
350       358         8        16
10       364       354        10
24       361       337        13
370       373         3         1
371       373         2         1
216       363       147        11
370       373         3         1
367       369         2         5
371       373         2         1
365       369         4         5
360       369         9         5
354       372        18         2
358       371        13         3
338       372        34         2
213       372       159         2
346       360        14        14
20       370       350         4
210       369       159         5
361       364         3        10
354       365        11         9
338       368        30         6
15       365       350         9
347       351         4        23
29       358       329        16
358       365         7         9
372       373         1         1
371       372         1         2
368       372         4         2
354       372        18         2
333       365        32         9
370       372         2         2
21       372       351         2
339       359        20        15
326       369        43         5
363       366         3         8
358       360         2        14
334       357        23        17
355       358         3        16
371       373         2         1
348       368        20         6
348       372        24         2
19       369       350         5
361       366         5         8
345       365        20         9
367       373         6         1
352       373        21         1
359       369        10         5
341       366        25         8
364       372         8         2
365       370         5         4
364       372         8         2
349       364        15        10
337       362        25        12
361       362         1        12
367       371         4         3
365       373         8         1
337       372        35         2
362       373        11         1
26       370       344         4
344       368        24         6
350       354         4        20
371       372         1         2
344       352         8        22
350       371        21         3
347       354         7        20
26       367       341         7
345       361        16        13
369       371         2         3
363       371         8         3
25       367       342         7
358       370        12         4
26       364       338        10
21       365       344         9
359       362         3        12
212       365       153         9
363       366         3         8
354       361         7        13
29       347       318        27
362       364         2        10
210       370       160         4
349       364        15        10
355       363         8        11
351       373        22         1
18       342       324        32
353       369        16         5
1       363       362        11
348       373        25         1
350       371        21         3
24       366       342         8
346       358        12        16
345       363        18        11
343       353        10        21
359       364         5        10
359       360         1        14
345       350         5        24
365       373         8         1
353       354         1        20
348       365        17         9
30       345       315        29
23       322       299        52
349       373        24         1
358       363         5        11
368       371         3         3
336       373        37         1
352       357         5        17
364       365         1         9
362       373        11         1
