422       424         2         9
400       408         8        25
418       432        14         1
425       430         5         3
416       417         1        16
423       431         8         2
431       432         1         1
40       421       381        12
419       423         4        10
428       431         3         2
417       432        15         1
232       432       200         1
412       421         9        12
416       424         8         9
425       430         5         3
411       413         2        20
423       431         8         2
404       419        15        14
388       413        25        20
430       431         1         2
417       429        12         4
426       429         3         4
412       423        11        10
375       419        44        14
416       421         5        12
431       432         1         1
426       432         6         1
389       414        25        19
431       432         1         1
428       431         3         2
413       417         4        16
27       222       195       211
37       411       374        22
413       421         8        12
42       421       379        12
392       420        28        13
40       391       351        42
211       422       211        11
413       422         9        11
44       431       387         2
422       430         8         3
427       432         5         1
427       429         2         4
419       432        13         1
421       428         7         5
417       426         9         7
398       411        13        22
15       423       408        10
425       427         2         6
430       431         1         2
39       432       393         1
416       419         3        14
43       429       386         4
409       425        16         8
44       431       387         2
420       426         6         7
29       419       390        14
397       409        12        24
40       417       377        16
275       382       107        51
418       431        13         2
429       431         2         2
44       424       380         9
417       430        13         3
45       429       384         4
419       428         9         5
20       383       363        50
420       430        10         3
268       416       148        17
391       430        39         3
206       425       219         8
394       430        36         3
425       429         4         4
32       398       366        35
395       426        31         7
398       409        11        24
415       431        16         2
416       420         4        13
428       429         1         4
32       413       381        20
42       430       388         3
275       421       146        12
397       403         6        30
409       432        23         1
12       419       407        14
427       431         4         2
404       408         4        25
411       427        16         6
41       417       376        16
222       423       201        10
412       431        19         2
382       403        21        30
398       424        26         9
424       427         3         6
37       412       375        21
416       427        11         6
429       431         2         2
427       431         4         2
431       432         1         1
427       429         2         4
404       431        27         2
410       425        15         8
378       431        53         2
407       419        12        14
403       419        16        14
420       428         8         5
421       424         3         9
44       420       376        13
418       419         1        14
397       431        34         2
222       411       189        22
414       430        16         3
1       432       431         1
393       417        24        16
416       432        16         1
423       430         7         3
399       406         7        27
422       423         1        10
423       427         4         6
421       431        10         2
13       430       417         3
423       430         7         3
23       427       404         6
42       425       383         8
39       422       383        11
392       432        40         1
420       426         6         7
413       429        16         4
412       422        10        11
411       423        12        10
415       428        13         5
397       424        27         9
393       427        34         6
415       424         9         9
430       431         1         2
418       423         5        10
399       409        10        24
264       410       146        23
426       432         6         1
409       418         9        15
425       427         2         6
257       432       175         1
423       424         1         9
254       432       178         1
418       429        11         4
412       432        20         1
416       420         4        13
380       430        50         3
404       430        26         3
429       430         1         3
427       432         5         1
407       428        21         5
402       411         9        22
387       427        40         6
414       430        16         3
427       430         3         3
378       426        48         7
426       427         1         6
413       429        16         4
42       427       385         6
35       423       388        10
216       418       202        15
425       427         2         6
43       224       181       209
411       429        18         4
421       424         3         9
423       430         7         3
426       431         5         2
226       427       201         6
430       431         1         2
416       420         4        13
408       419        11        14
35       388       353        45
417       430        13         3
385       423        38        10
43       432       389         1
429       430         1         3
427       429         2         4
422       432        10         1
401       414        13        19
430       432         2         1
396       428        32         5
421       432        11         1
426       428         2         5
428       431         3         2
412       428        16         5
416       425         9         8
400       427        27         6
411       419         8        14
220       430       210         3
31       398       367        35
408       425        17         8
404       406         2        27
417       429        12         4
408       429        21         4
428       432         4         1
403       426        23         7
429       430         1         3
410       414         4        19
37       431       394         2
410       432        22         1
415       431        16         2
420       423         3        10
425       428         3         5
266       416       150        17
44       430       386         3
25       393       368        40
429       431         2         2
418       421         3        12
413       425        12         8
421       431        10         2
258       418       160        15
263       414       151        19
426       429         3         4
409       424        15         9
228       428       200         5
398       429        31         4
228       430       202         3
382       427        45         6
411       424        13         9
396       412        16        21
417       419         2        14
5       407       402        26
411       431        20         2
428       430         2         3
401       410         9        23
425       427         2         6
35       432       397         1
414       429        15         4
275       424       149         9
275       414       139        19
424       431         7         2
219       430       211         3
414       426        12         7
410       431        21         2
32       429       397         4
403       430        27         3
424       431         7         2
415       423         8        10
427       431         4         2
414       424        10         9
394       402         8        31
422       424         2         9
429       431         2         2
411       424        13         9
391       431        40         2
44       430       386         3
421       429         8         4
403       415        12        18
364       424        60         9
428       432         4         1
13       429       416         4
44       423       379        10
37       426       389         7
31       417       386        16
413       432        19         1
415       426        11         7
388       420        32        13
419       421         2        12
418       430        12         3
33       432       399         1
26       423       397        10
417       429        12         4
403       431        28         2
42       428       386         5
220       427       207         6
44       430       386         3
406       419        13        14
42       369       327        64
430       432         2         1
412       428        16         5
395       402         7        31
418       432        14         1
42       421       379        12
423       431         8         2
422       432        10         1
414       425        11         8
430       432         2         1
44       411       367        22
429       432         3         1
28       408       380        25
41       432       391         1
29       426       397         7
419       420         1        13
33       417       384        16
409       416         7        17
417       431        14         2
402       432        30         1
274       429       155         4
221       419       198        14
412       427        15         6
32        40         8       393
375       425        50         8
430       431         1         2
403       423        20        10
383       421        38        12
399       413        14        20
415       421         6        12
428       432         4         1
39       432       393         1
406       427        21         6
420       430        10         3
418       425         7         8
415       419         4        14
428       430         2         3
426       427         1         6
413       414         1        19
425       426         1         7
431       432         1         1
425       430         5         3
416       420         4        13
418       423         5        10
219       431       212         2
406       409         3        24
395       408        13        25
409       432        23         1
209       426       217         7
429       430         1         3
416       428        12         5
405       422        17        11
407       413         6        20
420       430        10         3
428       432         4         1
420       425         5         8
422       425         3         8
415       430        15         3
416       429        13         4
369       416        47        17
419       426         7         7
410       422        12        11
415       422         7        11
269       423       154        10
269       356        87        77
413       432        19         1
403       423        20        10
426       432         6         1
427       428         1         5
418       425         7         8
400       432        32         1
406       419        13        14
391       425        34         8
422       431         9         2
268       402       134        31
225       429       204         4
381       428        47         5
39       432       393         1
422       423         1        10
421       430         9         3
43       420       377        13
426       429         3         4
396       420        24        13
427       430         3         3
416       423         7        10
422       432        10         1
419       429        10         4
404       431        27         2
26       413       387        20
223       428       205         5
429       432         3         1
220       414       194        19
423       424         1         9
412       419         7        14
417       428        11         5
418       424         6         9
421       427         6         6
402       406         4        27
405       421        16        12
416       424         8         9
379       418        39        15
396       432        36         1
35       430       395         3
387       425        38         8
419       431        12         2
27       396       369        37
425       432         7         1
228       415       187        18
408       426        18         7
418       420         2        13
13       432       419         1
34        44        10       389
415       432        17         1
397       425        28         8
419       427         8         6
402       408         6        25
387       416        29        17
45       429       384         4
404       416        12        17
264       417       153        16
397       427        30         6
391       398         7        35
419       429        10         4
402       407         5        26
409       418         9        15
412       416         4        17
28       431       403         2
414       425        11         8
44       396       352        37
273       431       158         2
427       430         3         3
256       423       167        10
430       431         1         2
424       427         3         6
425       428         3         5
415       422         7        11
408       409         1        24
412       429        17         4
403       427        24         6
424       429         5         4
394       423        29        10
403       407         4        26
44       420       376        13
401       417        16        16
424       432         8         1
22       422       400        11
420       429         9         4
421       425         4         8
419       425         6         8
412       419         7        14
415       430        15         3
420       430        10         3
423       431         8         2
411       415         4        18
420       428         8         5
401       418        17        15
420       422         2        11
427       430         3         3
415       428        13         5
416       421         5        12
431       432         1         1
429       432         3         1
384       425        41         8
260       431       171         2
410       425        15         8
30       428       398         5
412       419         7        14
415       432        17         1
220       412       192        21
412       424        12         9
425       431         6         2
426       430         4         3
414       427        13         6
419       429        10         4
390       421        31        12
427       428         1         5
391       404        13        29
404       412         8        21
420       422         2        11
274       420       146        13
429       432         3         1
404       412         8        21
427       429         2         4
431       432         1         1
392       418        26        15
413       429        16         4
425       426         1         7
399       403         4        30
40       409       369        24
407       421        14        12
37       424       387         9
405       420        15        13
403       432        29         1
416       423         7        10
262       409       147        24
420       424         4         9
42       427       385         6
43       429       386         4
427       431         4         2
414       416         2        17
1       403       402        30
262       424       162         9
416       423         7        10
417       420         3        13
421       425         4         8
29       418       389        15
425       427         2         6
421       423         2        10
229       425       196         8
430       431         1         2
220       422       202        11
415       432        17         1
421       428         7         5
426       428         2         5
430       432         2         1
430       432         2         1
415       428        13         5
386       426        40         7
431       432         1         1
422       423         1        10
423       431         8         2
24       408       384        25
413       431        18         2
429       430         1         3
44       432       388         1
222       425       203         8
415       425        10         8
393       421        28        12
404       426        22         7
393       421        28        12
418       430        12         3
411       425        14         8
427       430         3         3
32       429       397         4
430       432         2         1
45       430       385         3
428       430         2         3
393       405        12        28
421       423         2        10
270       273         3       160
424       425         1         8
218       428       210         5
411       415         4        18
227       428       201         5
401       432        31         1
39       420       381        13
42       407       365        26
425       430         5         3
389       427        38         6
269       426       157         7
423       429         6         4
412       432        20         1
418       427         9         6
415       431        16         2
223       429       206         4
428       431         3         2
410       411         1        22
267       419       152        14
37       432       395         1
35       419       384        14
226       432       206         1
411       429        18         4
342       424        82         9
215       429       214         4
419       429        10         4
402       406         4        27
423       432         9         1
398       415        17        18
423       432         9         1
414       424        10         9
427       431         4         2
401       409         8        24
419       424         5         9
420       431        11         2
417       424         7         9
415       431        16         2
380       423        43        10
410       415         5        18
226       431       205         2
219       402       183        31
425       428         3         5
410       418         8        15
45       430       385         3
247       432       185         1
412       429        17         4
426       432         6         1
418       427         9         6
397       430        33         3
420       430        10         3
420       424         4         9
415       418         3        15
423       426         3         7
397       423        26        10
428       432         4         1
422       427         5         6
419       427         8         6
262       430       168         3
407       423        16        10
44       432       388         1
424       428         4         5
273       410       137        23
413       429        16         4
29       417       388        16
35       409       374        24
42       432       390         1
419       428         9         5
429       431         2         2
406       411         5        22
418       419         1        14
408       411         3        22
427       430         3         3
412       417         5        16
427       429         2         4
39       256       217       177
414       417         3        16
382       388         6        45
398       416        18        17
427       431         4         2
428       429         1         4
426       430         4         3
417       420         3        13
413       427        14         6
37       427       390         6
406       431        25         2
32       427       395         6
414       427        13         6
420       426         6         7
255       428       173         5
265       428       163         5
424       425         1         8
420       431        11         2
416       425         9         8
421       432        11         1
423       427         4         6
409       422        13        11
425       427         2         6
220       428       208         5
418       423         5        10
417       432        15         1
406       430        24         3
386       424        38         9
415       429        14         4
423       432         9         1
411       431        20         2
408       419        11        14
399       412        13        21
424       429         5         4
45       424       379         9
427       432         5         1
423       425         2         8
424       427         3         6
422       429         7         4
421       427         6         6
270       432       162         1
39       396       357        37
412       432        20         1
40       431       391         2
426       432         6         1
424       427         3         6
37       425       388         8
430       432         2         1
418       432        14         1
42       244       202       189
426       427         1         6
417       421         4        12
219       431       212         2
416       428        12         5
422       431         9         2
426       429         3         4
417       427        10         6
429       431         2         2
39       431       392         2
35       426       391         7
407       432        25         1
412       431        19         2
423       432         9         1
42       425       383         8
421       424         3         9
420       428         8         5
410       427        17         6
428       431         3         2
410       431        21         2
423       432         9         1
35       420       385        13
418       431        13         2
420       428         8         5
34       430       396         3
37       432       395         1
424       431         7         2
420       424         4         9
418       432        14         1
266       408       142        25
407       432        25         1
41       400       359        33
43       409       366        24
38       421       383        12
408       430        22         3
426       431         5         2
40       417       377        16
424       430         6         3
413       421         8        12
405       423        18        10
406       417        11        16
423       429         6         4
223       419       196        14
405       423        18        10
41       432       391         1
428       432         4         1
420       421         1        12
427       429         2         4
426       427         1         6
427       432         5         1
390       420        30        13
34       376       342        57
410       414         4        19
426       430         4         3
431       432         1         1
381       430        49         3
419       431        12         2
430       431         1         2
415       432        17         1
34       428       394         5
421       430         9         3
397       432        35         1
368       424        56         9
428       430         2         3
399       418        19        15
428       430         2         3
412       431        19         2
392       426        34         7
401       410         9        23
404       423        19        10
424       427         3         6
430       431         1         2
417       419         2        14
392       419        27        14
221       360       139        73
412       423        11        10
27       427       400         6
412       423        11        10
417       427        10         6
428       430         2         3
428       432         4         1
424       426         2         7
426       432         6         1
426       432         6         1
26       418       392        15
417       431        14         2
408       430        22         3
403       420        17        13
409       420        11        13
422       432        10         1
420       422         2        11
272       431       159         2
426       432         6         1
15       430       415         3
420       424         4         9
397       426        29         7
421       423         2        10
428       431         3         2
37       425       388         8
420       423         3        10
423       430         7         3
416       424         8         9
421       427         6         6
421       422         1        11
421       427         6         6
414       417         3        16
403       425        22         8
381       406        25        27
41       427       386         6
416       425         9         8
428       430         2         3
411       422        11        11
417       422         5        11
43       410       367        23
430       431         1         2
416       429        13         4
228       426       198         7
425       426         1         7
426       432         6         1
399       430        31         3
418       419         1        14
409       427        18         6
404       407         3        26
37       405       368        28
428       430         2         3
426       427         1         6
213       423       210        10
43       408       365        25
407       429        22         4
404       424        20         9
421       431        10         2
421       429         8         4
404       415        11        18
428       429         1         4
428       431         3         2
400       420        20        13
409       423        14        10
271       427       156         6
43       264       221       169
417       430        13         3
417       420         3        13
227       426       199         7
43       429       386         4
401       431        30         2
426       429         3         4
29       431       402         2
390       394         4        39
382       416        34        17
400       428        28         5
428       432         4         1
428       432         4         1
228       420       192        13
425       429         4         4
404       416        12        17
429       432         3         1
417       431        14         2
428       429         1         4
412       432        20         1
421       432        11         1
38       431       393         2
416       425         9         8
417       419         2        14
410       432        22         1
390       406        16        27
27       432       405         1
415       424         9         9
31       420       389        13
29       431       402         2
392       431        39         2
431       432         1         1
392       404        12        29
405       417        12        16
408       422        14        11
414       421         7        12
25       259       234       174
17       424       407         9
415       416         1        17
205       409       204        24
272       432       160         1
422       432        10         1
386       425        39         8
382       427        45         6
33       432       399         1
421       423         2        10
429       431         2         2
418       421         3        12
416       418         2        15
418       420         2        13
229       432       203         1
431       432         1         1
414       423         9        10
429       432         3         1
410       432        22         1
267       429       162         4
393       411        18        22
423       429         6         4
419       430        11         3
428       429         1         4
42       405       363        28
40       431       391         2
418       429        11         4
407       412         5        21
422       426         4         7
418       421         3        12
419       430        11         3
401       422        21        11
38       428       390         5
422       430         8         3
417       429        12         4
226       409       183        24
424       430         6         3
385       418        33        15
405       408         3        25
423       430         7         3
427       429         2         4
428       431         3         2
428       431         3         2
380       424        44         9
400       420        20        13
226       412       186        21
425       429         4         4
421       426         5         7
407       432        25         1
406       431        25         2
410       411         1        22
407       424        17         9
31       424       393         9
428       431         3         2
425       429         4         4
419       421         2        12
411       431        20         2
414       421         7        12
419       424         5         9
418       431        13         2
415       426        11         7
427       429         2         4
410       414         4        19
240       428       188         5
426       429         3         4
419       427         8         6
425       426         1         7
219       427       208         6
416       432        16         1
411       423        12        10
425       430         5         3
429       430         1         3
25       431       406         2
203       431       228         2
213       431       218         2
408       422        14        11
271       430       159         3
415       430        15         3
42       427       385         6
390       432        42         1
37       432       395         1
421       431        10         2
429       431         2         2
423       432         9         1
421       432        11         1
38       415       377        18
44       430       386         3
422       428         6         5
418       426         8         7
212       408       196        25
424       426         2         7
210       426       216         7
402       416        14        17
32       217       185       216
417       432        15         1
424       426         2         7
427       430         3         3
39       406       367        27
422       426         4         7
424       431         7         2
430       431         1         2
229       397       168        36
31       428       397         5
425       432         7         1
212       428       216         5
421       425         4         8
408       430        22         3
418       432        14         1
44       428       384         5
420       432        12         1
414       426        12         7
424       430         6         3
388       405        17        28
417       420         3        13
407       425        18         8
266       430       164         3
17       268       251       165
406       425        19         8
226       431       205         2
30       262       232       171
413       424        11         9
415       421         6        12
422       423         1        10
203       408       205        25
421       423         2        10
410       413         3        20
407       422        15        11
408       430        22         3
411       419         8        14
43       427       384         6
215       415       200        18
404       415        11        18
44       427       383         6
430       431         1         2
398       400         2        33
410       417         7        16
411       430        19         3
45       432       387         1
428       432         4         1
422       429         7         4
391       424        33         9
412       414         2        19
41       429       388         4
413       414         1        19
44       408       364        25
423       428         5         5
427       429         2         4
27       404       377        29
221       424       203         9
408       430        22         3
420       431        11         2
427       430         3         3
404       425        21         8
407       429        22         4
425       428         3         5
416       430        14         3
381       414        33        19
425       432         7         1
429       432         3         1
274       431       157         2
418       430        12         3
272       412       140        21
41       432       391         1
424       432         8         1
42       413       371        20
44       432       388         1
406       412         6        21
421       423         2        10
430       432         2         1
424       429         5         4
411       427        16         6
44       209       165       224
404       412         8        21
422       425         3         8
424       430         6         3
29       424       395         9
411       426        15         7
393       396         3        37
272       422       150        11
431       432         1         1
399       424        25         9
424       431         7         2
391       412        21        21
416       427        11         6
416       431        15         2
272       432       160         1
220       222         2       211
396       426        30         7
427       432         5         1
406       429        23         4
418       430        12         3
419       424         5         9
411       430        19         3
214       429       215         4
407       426        19         7
422       429         7         4
