196       324       128         4
32       315       283        13
267       293        26        35
320       321         1         7
325       327         2         1
314       325        11         3
318       327         9         1
314       322         8         6
326       327         1         1
321       326         5         2
319       321         2         7
304       327        23         1
21       326       305         2
311       321        10         7
316       321         5         7
190       308       118        20
317       324         7         4
323       327         4         1
319       322         3         6
316       326        10         2
302       327        25         1
313       321         8         7
300       304         4        24
296       299         3        29
31       326       295         2
326       327         1         1
28       321       293         7
30       299       269        29
32       327       295         1
311       322        11         6
311       312         1        16
24       303       279        25
17       323       306         5
185       326       141         2
277       305        28        23
29       327       298         1
299       319        20         9
32       194       162       134
32       325       293         3
302       311         9        17
323       324         1         4
321       322         1         6
26       318       292        10
314       322         8         6
22       315       293        13
194       321       127         7
316       325         9         3
316       326        10         2
295       320        25         8
314       318         4        10
315       323         8         5
308       326        18         2
28       303       275        25
301       325        24         3
318       326         8         2
308       315         7        13
307       316         9        12
295       314        19        14
313       314         1        14
23        32         9       296
310       326        16         2
316       325         9         3
312       322        10         6
313       317         4        11
182       325       143         3
307       314         7        14
318       327         9         1
178       325       147         3
324       326         2         2
322       325         3         3
312       322        10         6
307       324        17         4
326       327         1         1
307       326        19         2
310       326        16         2
323       326         3         2
322       325         3         3
299       326        27         2
305       327        22         1
319       322         3         6
163       305       142        23
325       327         2         1
314       323         9         5
163       327       164         1
318       327         9         1
320       326         6         2
325       326         1         2
318       325         7         3
322       325         3         3
311       322        11         6
316       323         7         5
195       322       127         6
296       308        12        20
318       324         6         4
301       323        22         5
324       326         2         2
315       327        12         1
196       317       121        11
164       321       157         7
292       303        11        25
322       325         3         3
30       325       295         3
318       322         4         6
309       326        17         2
307       317        10        11
15       323       308         5
295       327        32         1
313       319         6         9
309       318         9        10
323       325         2         3
312       327        15         1
316       324         8         4
312       317         5        11
313       326        13         2
193       326       133         2
316       326        10         2
191       321       130         7
187       327       140         1
192       327       135         1
321       324         3         4
294       327        33         1
325       327         2         1
301       326        25         2
311       317         6        11
194       326       132         2
313       317         4        11
184       319       135         9
184       311       127        17
299       309        10        19
308       318        10        10
296       317        21        11
303       322        19         6
321       324         3         4
322       325         3         3
321       322         1         6
324       325         1         3
310       321        11         7
310       318         8        10
313       327        14         1
184       313       129        15
319       326         7         2
299       327        28         1
316       322         6         6
306       311         5        17
293       321        28         7
324       327         3         1
322       327         5         1
323       326         3         2
312       325        13         3
304       324        20         4
319       327         8         1
30       327       297         1
18       319       301         9
306       322        16         6
315       319         4         9
317       321         4         7
323       327         4         1
323       327         4         1
285       309        24        19
310       322        12         6
308       310         2        18
317       325         8         3
267       307        40        21
308       312         4        16
191       324       133         4
302       305         3        23
325       327         2         1
320       324         4         4
322       325         3         3
312       320         8         8
323       327         4         1
321       324         3         4
319       327         8         1
300       327        27         1
303       321        18         7
32       301       269        27
31       323       292         5
316       319         3         9
319       327         8         1
319       326         7         2
315       322         7         6
313       319         6         9
27        31         4       297
315       325        10         3
322       327         5         1
317       327        10         1
322       327         5         1
307       313         6        15
321       323         2         5
310       325        15         3
326       327         1         1
196       324       128         4
319       325         6         3
29       324       295         4
26       327       301         1
307       320        13         8
164       314       150        14
304       319        15         9
310       318         8        10
295       307        12        21
314       326        12         2
293       314        21        14
285       313        28        15
301       323        22         5
323       325         2         3
325       327         2         1
316       317         1        11
313       317         4        11
303       326        23         2
297       313        16        15
299       319        20         9
24       323       299         5
28       301       273        27
316       326        10         2
296       320        24         8
298       301         3        27
315       327        12         1
310       321        11         7
322       325         3         3
315       327        12         1
304       322        18         6
306       316        10        12
325       326         1         2
321       327         6         1
18       322       304         6
316       319         3         9
277       312        35        16
295       319        24         9
321       323         2         5
301       316        15        12
315       327        12         1
313       324        11         4
305       323        18         5
317       326         9         2
311       318         7        10
297       319        22         9
32       327       295         1
312       320         8         8
322       326         4         2
28       323       295         5
321       326         5         2
304       319        15         9
321       327         6         1
311       327        16         1
326       327         1         1
164       317       153        11
314       324        10         4
322       326         4         2
321       322         1         6
308       325        17         3
298       317        19        11
322       325         3         3
324       327         3         1
305       315        10        13
320       324         4         4
315       320         5         8
321       326         5         2
320       322         2         6
319       324         5         4
185       308       123        20
309       317         8        11
317       325         8         3
291       311        20        17
302       307         5        21
307       311         4        17
164       315       151        13
322       323         1         5
311       320         9         8
322       324         2         4
326       327         1         1
321       326         5         2
298       322        24         6
318       319         1         9
317       327        10         1
317       327        10         1
317       318         1        10
314       323         9         5
299       310        11        18
296       317        21        11
325       327         2         1
314       326        12         2
317       323         6         5
317       327        10         1
321       327         6         1
324       326         2         2
322       323         1         5
309       321        12         7
197       325       128         3
324       325         1         3
193       327       134         1
24        29         5       299
318       320         2         8
31       319       288         9
314       327        13         1
191       325       134         3
179       319       140         9
297       317        20        11
32       325       293         3
302       320        18         8
319       324         5         4
307       323        16         5
197       315       118        13
318       325         7         3
318       325         7         3
319       324         5         4
311       320         9         8
326       327         1         1
300       324        24         4
310       327        17         1
315       327        12         1
315       321         6         7
296       311        15        17
31       327       296         1
298       318        20        10
259       316        57        12
315       317         2        11
31       327       296         1
318       320         2         8
320       327         7         1
317       327        10         1
271       304        33        24
32       310       278        18
180       320       140         8
313       327        14         1
318       327         9         1
323       327         4         1
196       301       105        27
29       326       297         2
326       327         1         1
324       327         3         1
296       324        28         4
308       319        11         9
292       327        35         1
317       327        10         1
189       327       138         1
24       326       302         2
307       324        17         4
304       315        11        13
310       324        14         4
301       308         7        20
316       318         2        10
305       318        13        10
320       321         1         7
324       327         3         1
316       320         4         8
325       326         1         2
319       324         5         4
286       320        34         8
315       321         6         7
315       319         4         9
319       322         3         6
312       326        14         2
299       327        28         1
314       317         3        11
194       322       128         6
323       327         4         1
315       316         1        12
320       325         5         3
304       325        21         3
307       320        13         8
311       322        11         6
318       323         5         5
305       318        13        10
319       326         7         2
317       324         7         4
321       327         6         1
317       327        10         1
301       319        18         9
313       320         7         8
319       326         7         2
305       326        21         2
295       327        32         1
326       327         1         1
291       321        30         7
324       325         1         3
319       325         6         3
320       325         5         3
284       303        19        25
319       323         4         5
316       319         3         9
322       327         5         1
325       327         2         1
297       320        23         8
326       327         1         1
318       327         9         1
30       326       296         2
20       315       295        13
308       324        16         4
307       315         8        13
23       326       303         2
315       316         1        12
28       325       297         3
304       308         4        20
313       317         4        11
322       326         4         2
292       305        13        23
319       325         6         3
27       307       280        21
306       315         9        13
325       327         2         1
303       312         9        16
319       326         7         2
321       326         5         2
324       326         2         2
310       318         8        10
325       326         1         2
318       323         5         5
296       299         3        29
313       327        14         1
312       323        11         5
324       327         3         1
23       314       291        14
323       327         4         1
30       327       297         1
313       326        13         2
31       321       290         7
318       324         6         4
316       327        11         1
325       326         1         2
31       315       284        13
294       318        24        10
314       318         4        10
322       327         5         1
318       327         9         1
322       326         4         2
320       324         4         4
29       321       292         7
322       326         4         2
321       326         5         2
196       320       124         8
300       322        22         6
299       315        16        13
316       327        11         1
320       321         1         7
298       308        10        20
30       327       297         1
293       296         3        32
184       325       141         3
319       327         8         1
321       327         6         1
275       295        20        33
305       325        20         3
303       322        19         6
325       327         2         1
309       311         2        17
28       294       266        34
322       323         1         5
316       318         2        10
193       316       123        12
318       321         3         7
325       326         1         2
319       323         4         5
191       313       122        15
315       317         2        11
310       327        17         1
322       326         4         2
310       311         1        17
306       327        21         1
295       319        24         9
317       323         6         5
19       326       307         2
322       324         2         4
32       324       292         4
31       324       293         4
305       321        16         7
322       327         5         1
317       327        10         1
319       325         6         3
164       304       140        24
325       327         2         1
303       325        22         3
307       314         7        14
324       326         2         2
323       326         3         2
313       319         6         9
312       315         3        13
321       327         6         1
16        26        10       302
304       312         8        16
318       324         6         4
306       323        17         5
319       326         7         2
324       325         1         3
27       301       274        27
321       327         6         1
313       322         9         6
164       325       161         3
323       327         4         1
295       313        18        15
298       317        19        11
163       325       162         3
316       322         6         6
320       325         5         3
322       326         4         2
306       320        14         8
291       298         7        30
17       315       298        13
319       324         5         4
31       323       292         5
259       325        66         3
320       327         7         1
299       327        28         1
316       327        11         1
307       314         7        14
317       318         1        10
319       325         6         3
322       324         2         4
323       326         3         2
18       327       309         1
310       316         6        12
290       323        33         5
326       327         1         1
317       326         9         2
315       325        10         3
319       327         8         1
31       288       257        40
324       327         3         1
324       326         2         2
317       326         9         2
190       318       128        10
197       305       108        23
320       327         7         1
32       303       271        25
318       322         4         6
311       317         6        11
310       319         9         9
326       327         1         1
29       320       291         8
7       318       311        10
323       327         4         1
326       327         1         1
290       296         6        32
194       318       124        10
295       309        14        19
316       322         6         6
22       325       303         3
305       326        21         2
320       327         7         1
315       320         5         8
323       324         1         4
287       320        33         8
307       316         9        12
319       322         3         6
313       327        14         1
321       323         2         5
297       303         6        25
316       322         6         6
26       322       296         6
315       323         8         5
310       323        13         5
310       322        12         6
314       323         9         5
301       313        12        15
318       319         1         9
314       325        11         3
302       316        14        12
29       317       288        11
324       325         1         3
25       325       300         3
194       317       123        11
314       319         5         9
322       324         2         4
317       320         3         8
303       319        16         9
312       327        15         1
313       326        13         2
315       321         6         7
306       326        20         2
296       320        24         8
321       327         6         1
277       317        40        11
197       320       123         8
309       322        13         6
163       305       142        23
317       322         5         6
321       327         6         1
301       313        12        15
188       327       139         1
321       323         2         5
321       327         6         1
310       325        15         3
315       319         4         9
305       323        18         5
298       327        29         1
293       318        25        10
317       320         3         8
322       324         2         4
297       325        28         3
321       323         2         5
322       327         5         1
27       315       288        13
312       320         8         8
312       319         7         9
321       325         4         3
320       324         4         4
321       327         6         1
309       324        15         4
325       326         1         2
324       326         2         2
317       319         2         9
183       311       128        17
304       308         4        20
19       315       296        13
318       327         9         1
313       314         1        14
313       315         2        13
286       312        26        16
310       326        16         2
323       327         4         1
301       311        10        17
314       323         9         5
322       324         2         4
298       306         8        22
316       319         3         9
24       313       289        15
318       319         1         9
321       324         3         4
318       326         8         2
32       327       295         1
311       326        15         2
306       309         3        19
30       326       296         2
308       317         9        11
323       325         2         3
296       304         8        24
317       327        10         1
309       318         9        10
290       303        13        25
283       325        42         3
14       288       274        40
311       318         7        10
313       325        12         3
313       314         1        14
314       325        11         3
322       326         4         2
311       314         3        14
321       326         5         2
183       313       130        15
309       327        18         1
318       325         7         3
312       320         8         8
194       324       130         4
322       324         2         4
315       325        10         3
317       321         4         7
308       314         6        14
315       323         8         5
320       325         5         3
275       309        34        19
318       319         1         9
312       318         6        10
29       325       296         3
189       327       138         1
320       322         2         6
319       322         3         6
321       323         2         5
309       323        14         5
301       320        19         8
318       320         2         8
32       320       288         8
303       308         5        20
27       290       263        38
289       291         2        37
28       325       297         3
317       327        10         1
313       325        12         3
301       327        26         1
304       320        16         8
295       307        12        21
319       326         7         2
316       327        11         1
324       327         3         1
317       322         5         6
317       327        10         1
26       313       287        15
317       318         1        10
24       300       276        28
196       327       131         1
309       313         4        15
304       315        11        13
316       319         3         9
317       322         5         6
196       307       111        21
296       318        22        10
310       312         2        16
314       319         5         9
311       321        10         7
308       327        19         1
27       307       280        21
294       321        27         7
300       312        12        16
318       326         8         2
325       326         1         2
325       327         2         1
163       164         1       164
288       316        28        12
314       327        13         1
194       316       122        12
319       320         1         8
317       321         4         7
300       321        21         7
300       324        24         4
314       325        11         3
318       327         9         1
306       320        14         8
319       321         2         7
307       315         8        13
309       323        14         5
312       324        12         4
292       322        30         6
186       301       115        27
325       327         2         1
295       296         1        32
316       327        11         1
316       326        10         2
308       315         7        13
317       318         1        10
312       324        12         4
313       327        14         1
290       294         4        34
318       327         9         1
28       320       292         8
305       322        17         6
189       307       118        21
291       326        35         2
308       325        17         3
310       313         3        15
26       327       301         1
196       318       122        10
310       312         2        16
314       316         2        12
325       327         2         1
320       323         3         5
29       320       291         8
312       325        13         3
315       326        11         2
323       326         3         2
312       323        11         5
30       316       286        12
312       324        12         4
324       327         3         1
316       327        11         1
303       323        20         5
313       315         2        13
301       305         4        23
321       322         1         6
29       323       294         5
30       326       296         2
323       325         2         3
308       309         1        19
305       322        17         6
296       314        18        14
311       327        16         1
321       325         4         3
313       325        12         3
305       320        15         8
312       323        11         5
196       314       118        14
308       319        11         9
311       317         6        11
294       320        26         8
299       326        27         2
186       315       129        13
318       323         5         5
18       321       303         7
320       324         4         4
298       323        25         5
319       322         3         6
316       326        10         2
32       326       294         2
309       315         6        13
295       313        18        15
321       324         3         4
320       326         6         2
319       326         7         2
293       325        32         3
323       324         1         4
317       319         2         9
306       327        21         1
316       325         9         3
289       307        18        21
294       314        20        14
301       322        21         6
326       327         1         1
305       314         9        14
311       326        15         2
284       314        30        14
318       325         7         3
323       325         2         3
193       311       118        17
196       327       131         1
324       327         3         1
300       321        21         7
320       324         4         4
321       325         4         3
325       327         2         1
318       319         1         9
321       322         1         6
324       327         3         1
8       322       314         6
163       315       152        13
319       325         6         3
309       326        17         2
319       327         8         1
7       327       320         1
309       317         8        11
313       317         4        11
323       327         4         1
318       327         9         1
302       327        25         1
30       325       295         3
317       319         2         9
163       299       136        29
27       327       300         1
318       324         6         4
294       324        30         4
326       327         1         1
326       327         1         1
307       313         6        15
22       322       300         6
312       317         5        11
29       184       155       144
273       325        52         3
321       326         5         2
164       327       163         1
31       293       262        35
320       326         6         2
291       309        18        19
325       327         2         1
288       318        30        10
322       326         4         2
307       325        18         3
315       318         3        10
320       327         7         1
321       323         2         5
299       326        27         2
280       313        33        15
325       327         2         1
297       306         9        22
308       315         7        13
317       320         3         8
322       325         3         3
194       302       108        26
323       324         1         4
309       310         1        18
318       325         7         3
313       316         3        12
296       324        28         4
321       322         1         6
316       327        11         1
320       325         5         3
325       327         2         1
314       324        10         4
311       314         3        14
315       326        11         2
326       327         1         1
310       325        15         3
324       326         2         2
320       323         3         5
315       324         9         4
319       323         4         5
15       326       311         2
195       320       125         8
290       319        29         9
316       318         2        10
309       313         4        15
312       322        10         6
324       325         1         3
321       322         1         6
289       325        36         3
293       303        10        25
322       325         3         3
324       327         3         1
31       193       162       135
309       327        18         1
1       310       309        18
193       319       126         9
311       324        13         4
320       326         6         2
321       324         3         4
317       321         4         7
325       327         2         1
313       324        11         4
314       322         8         6
315       325        10         3
318       323         5         5
315       325        10         3
312       320         8         8
314       319         5         9
305       326        21         2
305       319        14         9
325       327         2         1
321       326         5         2
322       325         3         3
313       323        10         5
186       307       121        21
323       326         3         2
290       320        30         8
300       313        13        15
322       324         2         4
295       300         5        28
32       324       292         4
284       313        29        15
311       321        10         7
315       325        10         3
319       326         7         2
32       308       276        20
322       327         5         1
300       325        25         3
300       302         2        26
321       326         5         2
318       323         5         5
314       317         3        11
319       325         6         3
32       299       267        29
310       320        10         8
163       295       132        33
326       327         1         1
314       319         5         9
316       325         9         3
316       322         6         6
308       317         9        11
323       325         2         3
306       313         7        15
309       326        17         2
314       325        11         3
32       317       285        11
317       321         4         7
19       323       304         5
298       318        20        10
315       317         2        11
326       327         1         1
322       327         5         1
319       320         1         8
322       327         5         1
319       320         1         8
310       327        17         1
13       313       300        15
276       322        46         6
324       327         3         1
320       323         3         5
22       316       294        12
288       326        38         2
318       319         1         9
315       324         9         4
317       318         1        10
315       316         1        12
318       321         3         7
319       325         6         3
316       323         7         5
313       316         3        12
20       318       298        10
318       320         2         8
283       315        32        13
323       327         4         1
304       319        15         9
295       301         6        27
323       324         1         4
14       319       305         9
308       316         8        12
317       318         1        10
319       320         1         8
292       318        26        10
323       325         2         3
181       321       140         7
315       318         3        10
30       309       279        19
324       327         3         1
319       322         3         6
316       322         6         6
28       305       277        23
309       319        10         9
320       327         7         1
23        29         6       299
316       324         8         4
307       321        14         7
321       326         5         2
318       325         7         3
31       324       293         4
324       326         2         2
326       327         1         1
313       322         9         6
326       327         1         1
26       325       299         3
298       324        26         4
315       325        10         3
300       324        24         4
312       315         3        13
186       310       124        18
312       313         1        15
307       327        20         1
311       319         8         9
304       317        13        11
27       324       297         4
26       326       300         2
319       321         2         7
315       327        12         1
313       326        13         2
317       323         6         5
322       325         3         3
