389       397         8         7
381       396        15         8
387       402        15         2
396       403         7         1
275       402       127         2
397       403         6         1
359       399        40         5
263       386       123        18
383       395        12         9
380       403        23         1
44       400       356         4
271       396       125         8
397       398         1         6
395       402         7         2
389       403        14         1
402       403         1         1
395       403         8         1
45       382       337        22
399       403         4         1
391       398         7         6
37       399       362         5
401       403         2         1
397       402         5         2
385       397        12         7
382       396        14         8
223       403       180         1
393       402         9         2
275       400       125         4
402       403         1         1
187       401       214         3
398       401         3         3
391       401        10         3
380       397        17         7
398       403         5         1
393       403        10         1
398       403         5         1
391       396         5         8
389       399        10         5
234       400       166         4
402       403         1         1
378       403        25         1
396       402         6         2
386       403        17         1
395       403         8         1
378       394        16        10
398       403         5         1
275       396       121         8
379       401        22         3
390       394         4        10
370       402        32         2
402       403         1         1
394       398         4         6
376       403        27         1
397       398         1         6
392       403        11         1
40       399       359         5
397       403         6         1
398       400         2         4
32       393       361        11
394       399         5         5
398       399         1         5
364       390        26        14
396       401         5         3
30       397       367         7
183       367       184        37
42       401       359         3
381       393        12        11
397       403         6         1
384       402        18         2
271       387       116        17
275       401       126         3
400       403         3         1
397       399         2         5
392       396         4         8
391       400         9         4
396       402         6         2
38       384       346        20
401       403         2         1
390       397         7         7
233       401       168         3
390       393         3        11
381       397        16         7
26       401       375         3
186       397       211         7
396       398         2         6
393       398         5         6
401       403         2         1
43       402       359         2
386       392         6        12
386       394         8        10
398       402         4         2
399       400         1         4
396       403         7         1
281       384       103        20
371       386        15        18
384       389         5        15
46       270       224       134
24       401       377         3
398       402         4         2
35       395       360         9
45       372       327        32
401       403         2         1
400       403         3         1
280       402       122         2
386       403        17         1
186       393       207        11
275       402       127         2
390       403        13         1
393       399         6         5
396       402         6         2
398       400         2         4
178       187         9       217
42       388       346        16
386       403        17         1
400       401         1         3
389       403        14         1
394       398         4         6
395       400         5         4
376       392        16        12
281       396       115         8
400       402         2         2
384       398        14         6
381       402        21         2
388       390         2        14
224       403       179         1
343       403        60         1
399       403         4         1
378       399        21         5
395       398         3         6
402       403         1         1
394       398         4         6
392       400         8         4
385       402        17         2
233       403       170         1
400       403         3         1
277       396       119         8
402       403         1         1
383       388         5        16
394       400         6         4
364       403        39         1
225       374       149        30
378       385         7        19
277       386       109        18
390       403        13         1
396       400         4         4
399       401         2         3
397       400         3         4
398       402         4         2
380       403        23         1
394       403         9         1
396       398         2         6
395       402         7         2
268       403       135         1
397       402         5         2
396       401         5         3
393       397         4         7
42       397       355         7
42       391       349        13
39       400       361         4
393       395         2         9
46       390       344        14
386       400        14         4
399       401         2         3
398       403         5         1
398       402         4         2
398       401         3         3
390       397         7         7
39       402       363         2
395       403         8         1
395       401         6         3
386       389         3        15
399       402         3         2
389       393         4        11
399       401         2         3
378       391        13        13
396       400         4         4
390       403        13         1
30       403       373         1
27       379       352        25
383       399        16         5
384       390         6        14
386       388         2        16
24       402       378         2
402       403         1         1
385       401        16         3
386       403        17         1
384       398        14         6
400       401         1         3
392       400         8         4
279       401       122         3
395       403         8         1
401       402         1         2
395       397         2         7
401       402         1         2
376       390        14        14
380       391        11        13
45       403       358         1
386       388         2        16
394       399         5         5
376       395        19         9
393       398         5         6
400       403         3         1
372       400        28         4
394       397         3         7
399       403         4         1
395       398         3         6
39       400       361         4
371       395        24         9
365       388        23        16
186       402       216         2
381       395        14         9
396       403         7         1
46       396       350         8
376       395        19         9
25       387       362        17
391       399         8         5
398       400         2         4
401       403         2         1
378       382         4        22
397       399         2         5
280       400       120         4
36       399       363         5
386       398        12         6
395       402         7         2
399       403         4         1
234       403       169         1
388       401        13         3
396       399         3         5
392       394         2        10
398       403         5         1
357       385        28        19
386       396        10         8
393       403        10         1
387       397        10         7
399       403         4         1
395       396         1         8
279       393       114        11
390       403        13         1
395       397         2         7
393       397         4         7
389       391         2        13
234       401       167         3
392       403        11         1
273       402       129         2
395       397         2         7
399       403         4         1
395       397         2         7
399       402         3         2
388       390         2        14
389       396         7         8
373       400        27         4
391       399         8         5
395       397         2         7
45       401       356         3
393       399         6         5
391       403        12         1
393       402         9         2
218       399       181         5
265       401       136         3
381       392        11        12
270       395       125         9
374       385        11        19
31       396       365         8
40       366       326        38
376       383         7        21
382       395        13         9
42       397       355         7
398       399         1         5
182       402       220         2
44       402       358         2
385       396        11         8
395       398         3         6
29       401       372         3
365       400        35         4
394       403         9         1
384       403        19         1
396       402         6         2
384       394        10        10
388       391         3        13
274       402       128         2
394       402         8         2
226       402       176         2
400       401         1         3
397       403         6         1
391       401        10         3
398       403         5         1
397       400         3         4
231       401       170         3
399       403         4         1
394       402         8         2
381       397        16         7
401       403         2         1
232       401       169         3
40       397       357         7
388       402        14         2
398       402         4         2
379       392        13        12
380       399        19         5
391       397         6         7
36       399       363         5
224       399       175         5
182       386       204        18
385       393         8        11
394       401         7         3
274       393       119        11
393       399         6         5
397       399         2         5
383       385         2        19
183       400       217         4
384       394        10        10
402       403         1         1
392       399         7         5
36       394       358        10
401       403         2         1
376       389        13        15
396       398         2         6
388       402        14         2
185       402       217         2
396       397         1         7
278       396       118         8
399       401         2         3
389       402        13         2
400       403         3         1
393       399         6         5
398       400         2         4
399       400         1         4
371       392        21        12
390       401        11         3
373       397        24         7
387       401        14         3
400       401         1         3
234       400       166         4
397       402         5         2
44       398       354         6
399       402         3         2
28       400       372         4
402       403         1         1
44       386       342        18
400       402         2         2
401       402         1         2
187       384       197        20
46       395       349         9
364       375        11        29
264       389       125        15
366       401        35         3
183       403       220         1
351       401        50         3
28       402       374         2
385       398        13         6
186       401       215         3
396       398         2         6
394       398         4         6
394       396         2         8
281       395       114         9
397       399         2         5
384       403        19         1
399       401         2         3
400       401         1         3
385       401        16         3
398       400         2         4
400       401         1         3
399       403         4         1
44       399       355         5
374       393        19        11
187       393       206        11
395       400         5         4
364       392        28        12
402       403         1         1
38       400       362         4
389       393         4        11
364       402        38         2
393       398         5         6
401       402         1         2
28       398       370         6
44       399       355         5
388       396         8         8
372       401        29         3
213       403       190         1
394       402         8         2
396       401         5         3
385       401        16         3
32       403       371         1
394       403         9         1
365       403        38         1
180       395       215         9
395       401         6         3
181       393       212        11
380       386         6        18
394       400         6         4
382       385         3        19
46       267       221       137
402       403         1         1
396       403         7         1
398       402         4         2
41       390       349        14
388       400        12         4
375       394        19        10
400       402         2         2
371       400        29         4
393       400         7         4
379       401        22         3
395       402         7         2
391       395         4         9
41       400       359         4
395       398         3         6
354       377        23        27
371       377         6        27
379       398        19         6
399       402         3         2
399       402         3         2
378       397        19         7
10       392       382        12
399       403         4         1
402       403         1         1
381       382         1        22
398       403         5         1
389       391         2        13
42       398       356         6
393       403        10         1
389       403        14         1
376       401        25         3
382       398        16         6
391       400         9         4
45       391       346        13
390       397         7         7
381       402        21         2
388       393         5        11
31       395       364         9
390       399         9         5
387       402        15         2
392       400         8         4
395       396         1         8
392       399         7         5
401       402         1         2
385       400        15         4
401       403         2         1
181       398       217         6
45       381       336        23
390       393         3        11
385       387         2        17
40       401       361         3
397       401         4         3
228       402       174         2
38       393       355        11
383       396        13         8
45       401       356         3
271       392       121        12
392       403        11         1
395       403         8         1
44       393       349        11
401       403         2         1
390       395         5         9
366       394        28        10
391       402        11         2
389       403        14         1
41       394       353        10
400       403         3         1
277       382       105        22
28       402       374         2
390       396         6         8
391       401        10         3
381       398        17         6
378       402        24         2
382       399        17         5
396       399         3         5
257       403       146         1
397       403         6         1
392       395         3         9
397       399         2         5
42       392       350        12
399       403         4         1
374       386        12        18
39       400       361         4
395       397         2         7
373       399        26         5
392       402        10         2
398       401         3         3
185       403       218         1
400       403         3         1
46       388       342        16
396       398         2         6
399       400         1         4
393       402         9         2
34       396       362         8
397       402         5         2
389       402        13         2
367       395        28         9
176       402       226         2
397       398         1         6
38       398       360         6
400       403         3         1
394       396         2         8
391       399         8         5
38        39         1       365
399       403         4         1
380       384         4        20
279       403       124         1
396       401         5         3
396       402         6         2
399       403         4         1
385       401        16         3
234       396       162         8
393       397         4         7
396       399         3         5
379       389        10        15
380       388         8        16
270       396       126         8
44       400       356         4
31        38         7       366
398       403         5         1
384       400        16         4
170       400       230         4
366       393        27        11
28       403       375         1
394       398         4         6
386       391         5        13
393       403        10         1
395       399         4         5
400       401         1         3
389       394         5        10
377       402        25         2
400       401         1         3
389       396         7         8
381       401        20         3
376       383         7        21
230       395       165         9
394       396         2         8
402       403         1         1
386       402        16         2
42       395       353         9
402       403         1         1
396       403         7         1
394       397         3         7
391       393         2        11
396       402         6         2
389       391         2        13
366       399        33         5
35       395       360         9
400       401         1         3
395       401         6         3
381       402        21         2
398       402         4         2
273       391       118        13
389       391         2        13
23       403       380         1
391       403        12         1
394       400         6         4
399       400         1         4
396       399         3         5
391       403        12         1
396       402         6         2
394       399         5         5
399       402         3         2
388       402        14         2
15       264       249       140
394       398         4         6
399       402         3         2
402       403         1         1
397       403         6         1
381       401        20         3
401       402         1         2
394       398         4         6
387       393         6        11
397       401         4         3
368       395        27         9
367       399        32         5
276       397       121         7
392       403        11         1
41       393       352        11
393       401         8         3
394       396         2         8
38       171       133       233
377       380         3        24
396       398         2         6
395       399         4         5
339       403        64         1
399       402         3         2
231       399       168         5
392       395         3         9
393       403        10         1
16       402       386         2
399       402         3         2
306       396        90         8
32       396       364         8
374       392        18        12
394       400         6         4
387       399        12         5
393       403        10         1
391       393         2        11
390       402        12         2
374       398        24         6
366       395        29         9
388       397         9         7
382       395        13         9
182       376       194        28
276       402       126         2
32       400       368         4
390       392         2        12
398       402         4         2
40       398       358         6
368       402        34         2
386       399        13         5
388       398        10         6
400       401         1         3
396       399         3         5
396       403         7         1
277       393       116        11
373       403        30         1
45       397       352         7
395       402         7         2
391       403        12         1
393       402         9         2
233       395       162         9
281       399       118         5
186       391       205        13
44       402       358         2
388       400        12         4
395       397         2         7
393       399         6         5
187       266        79       138
399       403         4         1
398       401         3         3
389       397         8         7
399       402         3         2
393       403        10         1
401       403         2         1
380       392        12        12
391       400         9         4
45       396       351         8
234       395       161         9
350       403        53         1
386       390         4        14
44       403       359         1
45       402       357         2
175       401       226         3
386       399        13         5
392       397         5         7
395       397         2         7
44       388       344        16
395       396         1         8
398       403         5         1
270       402       132         2
41       403       362         1
379       400        21         4
386       399        13         5
396       402         6         2
397       398         1         6
349       398        49         6
399       402         3         2
233       403       170         1
366       403        37         1
393       403        10         1
44       399       355         5
230       399       169         5
399       403         4         1
46       380       334        24
393       396         3         8
363       398        35         6
380       389         9        15
395       402         7         2
392       395         3         9
386       400        14         4
180       400       220         4
33       398       365         6
281       394       113        10
268       401       133         3
391       397         6         7
396       401         5         3
348       401        53         3
398       402         4         2
402       403         1         1
185       225        40       179
222       395       173         9
386       403        17         1
385       399        14         5
381       403        22         1
396       397         1         7
381       393        12        11
392       396         4         8
390       391         1        13
233       401       168         3
380       401        21         3
42       401       359         3
44       402       358         2
383       393        10        11
183       397       214         7
392       402        10         2
394       396         2         8
390       392         2        12
31       394       363        10
386       398        12         6
397       402         5         2
394       396         2         8
390       391         1        13
396       402         6         2
394       402         8         2
381       389         8        15
392       395         3         9
370       395        25         9
398       403         5         1
395       396         1         8
258       390       132        14
370       386        16        18
392       397         5         7
396       401         5         3
398       403         5         1
391       402        11         2
185       396       211         8
386       390         4        14
233       403       170         1
38       391       353        13
326       403        77         1
384       396        12         8
276       402       126         2
232       399       167         5
399       403         4         1
391       401        10         3
388       398        10         6
387       403        16         1
397       398         1         6
397       399         2         5
274       382       108        22
30       391       361        13
400       402         2         2
233       398       165         6
396       403         7         1
398       401         3         3
384       396        12         8
43       402       359         2
400       402         2         2
382       388         6        16
385       400        15         4
401       403         2         1
383       390         7        14
395       397         2         7
399       401         2         3
391       395         4         9
392       396         4         8
26       398       372         6
366       403        37         1
186       402       216         2
280       401       121         3
401       403         2         1
400       403         3         1
397       398         1         6
397       401         4         3
396       402         6         2
396       402         6         2
387       392         5        12
392       402        10         2
379       403        24         1
393       401         8         3
390       398         8         6
399       402         3         2
398       402         4         2
277       403       126         1
402       403         1         1
394       396         2         8
399       402         3         2
46       402       356         2
397       399         2         5
386       387         1        17
380       402        22         2
388       403        15         1
394       403         9         1
369       402        33         2
379       399        20         5
397       399         2         5
391       400         9         4
374       402        28         2
391       401        10         3
394       399         5         5
401       402         1         2
40       403       363         1
395       397         2         7
391       402        11         2
386       402        16         2
401       403         2         1
271       403       132         1
389       392         3        12
400       402         2         2
397       402         5         2
378       392        14        12
390       399         9         5
386       400        14         4
396       400         4         4
391       398         7         6
46       386       340        18
183       391       208        13
392       400         8         4
398       402         4         2
381       395        14         9
186       396       210         8
392       403        11         1
395       397         2         7
222       402       180         2
262       403       141         1
401       402         1         2
385       392         7        12
46       401       355         3
396       397         1         7
396       402         6         2
384       402        18         2
264       275        11       129
26       403       377         1
31        40         9       364
392       397         5         7
402       403         1         1
388       391         3        13
397       402         5         2
399       400         1         4
393       397         4         7
394       401         7         3
401       403         2         1
401       403         2         1
399       402         3         2
395       403         8         1
181       394       213        10
388       390         2        14
387       389         2        15
399       403         4         1
387       400        13         4
386       401        15         3
398       401         3         3
41        43         2       361
395       400         5         4
395       402         7         2
35       399       364         5
356       388        32        16
373       376         3        28
384       395        11         9
396       402         6         2
396       398         2         6
35       401       366         3
387       401        14         3
402       403         1         1
394       395         1         9
269       403       134         1
388       401        13         3
395       401         6         3
398       400         2         4
394       398         4         6
393       402         9         2
384       403        19         1
388       392         4        12
185       403       218         1
375       403        28         1
261       391       130        13
225       397       172         7
400       403         3         1
399       403         4         1
400       401         1         3
45       403       358         1
401       402         1         2
400       401         1         3
373       393        20        11
379       396        17         8
174       398       224         6
372       400        28         4
400       402         2         2
389       397         8         7
371       383        12        21
394       396         2         8
400       401         1         3
41       403       362         1
398       400         2         4
400       402         2         2
46       402       356         2
402       403         1         1
394       398         4         6
231       399       168         5
399       401         2         3
397       400         3         4
29       169       140       235
391       403        12         1
25        29         4       375
392       400         8         4
401       403         2         1
398       400         2         4
40       397       357         7
397       400         3         4
399       400         1         4
395       403         8         1
399       400         1         4
12       390       378        14
209       394       185        10
396       400         4         4
268       389       121        15
388       394         6        10
397       399         2         5
391       398         7         6
398       403         5         1
397       401         4         3
387       392         5        12
387       402        15         2
393       401         8         3
386       387         1        17
395       403         8         1
388       392         4        12
389       398         9         6
368       403        35         1
395       400         5         4
390       392         2        12
398       400         2         4
398       402         4         2
381       400        19         4
401       403         2         1
399       402         3         2
384       403        19         1
276       386       110        18
394       400         6         4
392       402        10         2
383       401        18         3
398       399         1         5
389       403        14         1
46       398       352         6
42       396       354         8
379       395        16         9
44       386       342        18
390       392         2        12
233       401       168         3
281       392       111        12
387       400        13         4
383       394        11        10
399       402         3         2
397       403         6         1
273       395       122         9
382       390         8        14
398       401         3         3
381       403        22         1
275       390       115        14
382       393        11        11
396       399         3         5
389       403        14         1
371       403        32         1
394       397         3         7
395       397         2         7
45       403       358         1
401       402         1         2
401       403         2         1
384       399        15         5
389       401        12         3
398       399         1         5
226       397       171         7
39       393       354        11
388       400        12         4
397       403         6         1
401       403         2         1
375       401        26         3
379       396        17         8
402       403         1         1
391       397         6         7
400       402         2         2
389       399        10         5
390       394         4        10
391       400         9         4
234       390       156        14
391       403        12         1
381       402        21         2
387       403        16         1
399       403         4         1
385       400        15         4
395       401         6         3
396       403         7         1
397       402         5         2
391       403        12         1
399       400         1         4
228       386       158        18
381       389         8        15
390       400        10         4
377       402        25         2
385       399        14         5
386       400        14         4
381       402        21         2
46       389       343        15
40       399       359         5
397       400         3         4
392       403        11         1
380       392        12        12
402       403         1         1
382       392        10        12
178       401       223         3
354       382        28        22
281       402       121         2
386       394         8        10
390       397         7         7
401       402         1         2
45       398       353         6
39       384       345        20
359       397        38         7
400       402         2         2
45       390       345        14
396       397         1         7
395       403         8         1
32       399       367         5
35       393       358        11
397       403         6         1
170       281       111       123
391       403        12         1
279       401       122         3
