415       483        68         1
464       467         3        17
460       478        18         6
481       482         1         2
439       479        40         5
461       466         5        18
455       462         7        22
461       476        15         8
461       465         4        19
443       459        16        25
460       472        12        12
458       472        14        12
463       472         9        12
438       477        39         7
458       476        18         8
24       474       450        10
465       480        15         4
441       451        10        33
467       481        14         3
445       464        19        20
472       481         9         3
412       459        47        25
440       454        14        30
452       466        14        18
481       482         1         2
476       481         5         3
457       469        12        15
436       448        12        36
446       467        21        17
448       483        35         1
464       473         9        11
29       475       446         9
470       474         4        10
463       475        12         9
43       481       438         3
456       468        12        16
476       482         6         2
478       480         2         4
39       480       441         4
451       477        26         7
455       483        28         1
456       473        17        11
455       474        19        10
455       481        26         3
456       476        20         8
473       477         4         7
470       481        11         3
468       475         7         9
474       475         1         9
426       468        42        16
15       467       452        17
458       483        25         1
478       482         4         2
466       470         4        14
40       470       430        14
470       471         1        13
467       477        10         7
469       470         1        14
473       474         1        10
440       459        19        25
38       467       429        17
10       462       452        22
474       477         3         7
458       483        25         1
471       476         5         8
466       479        13         5
36       439       403        45
473       483        10         1
476       482         6         2
41       482       441         2
473       478         5         6
443       451         8        33
472       483        11         1
42       456       414        28
463       470         7        14
43       471       428        13
471       474         3        10
34       436       402        48
37       459       422        25
478       479         1         5
471       481        10         3
455       469        14        15
473       481         8         3
459       472        13        12
31       481       450         3
465       473         8        11
438       478        40         6
461       470         9        14
448       462        14        22
43       479       436         5
452       465        13        19
443       447         4        37
476       483         7         1
467       482        15         2
463       482        19         2
456       458         2        26
431       475        44         9
479       480         1         4
466       468         2        16
478       483         5         1
425       450        25        34
456       483        27         1
21       458       437        26
10       449       439        35
481       482         1         2
478       479         1         5
465       476        11         8
466       470         4        14
473       482         9         2
452       453         1        31
32       467       435        17
471       472         1        12
477       483         6         1
476       478         2         6
471       480         9         4
473       480         7         4
2       422       420        62
458       468        10        16
32       476       444         8
470       481        11         3
464       467         3        17
433       463        30        21
14       477       463         7
476       477         1         7
481       482         1         2
465       470         5        14
433       460        27        24
35       458       423        26
478       482         4         2
430       474        44        10
460       481        21         3
41       483       442         1
478       482         4         2
442       477        35         7
477       483         6         1
387       418        31        66
478       479         1         5
472       480         8         4
474       476         2         8
472       482        10         2
420       438        18        46
472       475         3         9
41       467       426        17
480       483         3         1
478       480         2         4
26       469       443        15
457       480        23         4
26       474       448        10
463       472         9        12
465       468         3        16
40       469       429        15
467       482        15         2
478       481         3         3
462       482        20         2
474       482         8         2
457       460         3        24
470       479         9         5
476       481         5         3
475       476         1         8
39       458       419        26
23       481       458         3
474       481         7         3
35       482       447         2
477       483         6         1
460       462         2        22
465       466         1        18
477       480         3         4
479       481         2         3
473       483        10         1
462       472        10        12
40       476       436         8
34       474       440        10
471       481        10         3
475       479         4         5
475       478         3         6
41       483       442         1
474       482         8         2
463       481        18         3
478       480         2         4
473       480         7         4
477       479         2         5
444       483        39         1
480       482         2         2
469       480        11         4
28       474       446        10
480       482         2         2
468       473         5        11
477       483         6         1
28       477       449         7
471       480         9         4
463       467         4        17
453       463        10        21
466       477        11         7
37       479       442         5
42       482       440         2
461       480        19         4
459       462         3        22
469       470         1        14
473       482         9         2
453       480        27         4
475       481         6         3
474       481         7         3
481       483         2         1
35       473       438        11
35       483       448         1
462       476        14         8
446       473        27        11
476       482         6         2
34       481       447         3
474       482         8         2
482       483         1         1
481       482         1         2
414       419         5        65
43       468       425        16
468       470         2        14
466       481        15         3
27       482       455         2
37       483       446         1
465       476        11         8
34       481       447         3
469       481        12         3
460       467         7        17
454       479        25         5
459       483        24         1
448       476        28         8
462       472        10        12
473       474         1        10
473       480         7         4
474       478         4         6
477       483         6         1
468       473         5        11
445       469        24        15
38       475       437         9
471       483        12         1
474       480         6         4
439       477        38         7
455       474        19        10
472       477         5         7
480       481         1         3
452       475        23         9
476       480         4         4
473       474         1        10
450       464        14        20
435       483        48         1
467       481        14         3
42       468       426        16
17       483       466         1
479       481         2         3
471       477         6         7
447       476        29         8
451       455         4        29
456       479        23         5
457       471        14        13
439       466        27        18
34       474       440        10
479       482         3         2
463       475        12         9
465       473         8        11
470       472         2        12
478       480         2         4
449       481        32         3
406       465        59        19
454       474        20        10
457       458         1        26
477       478         1         6
473       477         4         7
430       473        43        11
430       481        51         3
459       468         9        16
477       481         4         3
464       470         6        14
467       473         6        11
473       482         9         2
446       482        36         2
41       478       437         6
465       482        17         2
467       482        15         2
473       480         7         4
472       476         4         8
482       483         1         1
462       483        21         1
439       452        13        32
475       479         4         5
464       468         4        16
481       482         1         2
42       455       413        29
481       482         1         2
466       479        13         5
457       464         7        20
469       480        11         4
482       483         1         1
467       479        12         5
458       473        15        11
21       480       459         4
478       482         4         2
475       483         8         1
465       483        18         1
470       479         9         5
450       451         1        33
41       481       440         3
466       471         5        13
467       470         3        14
480       483         3         1
460       465         5        19
17       453       436        31
36       478       442         6
479       483         4         1
434       480        46         4
472       477         5         7
473       483        10         1
473       479         6         5
433       459        26        25
468       481        13         3
457       465         8        19
31       474       443        10
30       483       453         1
462       481        19         3
451       477        26         7
432       479        47         5
467       473         6        11
29        40        11       444
25       483       458         1
466       483        17         1
412       479        67         5
465       477        12         7
476       483         7         1
459       461         2        23
451       466        15        18
454       471        17        13
435       436         1        48
473       478         5         6
39       483       444         1
471       479         8         5
30       464       434        20
38       407       369        77
452       477        25         7
430       458        28        26
477       480         3         4
482       483         1         1
470       476         6         8
460       478        18         6
472       473         1        11
437       479        42         5
455       467        12        17
473       479         6         5
463       473        10        11
461       482        21         2
480       482         2         2
448       467        19        17
446       465        19        19
418       469        51        15
471       482        11         2
479       480         1         4
441       467        26        17
473       474         1        10
473       480         7         4
482       483         1         1
433       483        50         1
466       473         7        11
479       483         4         1
23       482       459         2
43       467       424        17
481       483         2         1
446       470        24        14
422       471        49        13
471       472         1        12
446       448         2        36
440       446         6        38
460       483        23         1
459       464         5        20
468       476         8         8
474       480         6         4
459       482        23         2
447       472        25        12
480       481         1         3
479       480         1         4
43       475       432         9
476       481         5         3
38       474       436        10
480       483         3         1
445       472        27        12
418       462        44        22
449       480        31         4
464       482        18         2
462       471         9        13
433       457        24        27
456       469        13        15
462       483        21         1
472       480         8         4
466       482        16         2
467       473         6        11
41       472       431        12
39       479       440         5
481       483         2         1
466       471         5        13
6       467       461        17
478       481         3         3
471       478         7         6
441       449         8        35
477       482         5         2
441       450         9        34
41       453       412        31
480       482         2         2
458       467         9        17
466       483        17         1
416       431        15        53
32       470       438        14
465       481        16         3
466       469         3        15
453       479        26         5
477       481         4         3
469       476         7         8
462       475        13         9
454       483        29         1
480       483         3         1
451       483        32         1
477       479         2         5
433       482        49         2
456       471        15        13
479       483         4         1
29       482       453         2
40       481       441         3
456       468        12        16
478       479         1         5
479       483         4         1
473       483        10         1
480       482         2         2
462       473        11        11
466       481        15         3
467       477        10         7
453       481        28         3
467       468         1        16
464       476        12         8
478       479         1         5
32       483       451         1
469       482        13         2
449       483        34         1
463       472         9        12
420       458        38        26
482       483         1         1
463       466         3        18
469       475         6         9
475       480         5         4
473       475         2         9
475       481         6         3
42       478       436         6
449       461        12        23
448       449         1        35
480       483         3         1
482       483         1         1
467       476         9         8
468       480        12         4
468       470         2        14
411       457        46        27
479       481         2         3
467       471         4        13
472       483        11         1
32       472       440        12
468       479        11         5
468       480        12         4
476       483         7         1
402       452        50        32
442       469        27        15
449       453         4        31
473       478         5         6
29       481       452         3
397       449        52        35
32       478       446         6
445       469        24        15
453       482        29         2
449       482        33         2
453       461         8        23
468       471         3        13
453       463        10        21
479       483         4         1
31       472       441        12
477       481         4         3
466       474         8        10
450       472        22        12
441       442         1        42
35       478       443         6
460       469         9        15
480       483         3         1
461       466         5        18
447       472        25        12
442       481        39         3
466       469         3        15
471       483        12         1
33       472       439        12
38       476       438         8
475       483         8         1
477       479         2         5
23       479       456         5
28       476       448         8
445       453         8        31
33       456       423        28
43       480       437         4
466       483        17         1
439       479        40         5
461       473        12        11
20       474       454        10
39       482       443         2
481       483         2         1
466       475         9         9
474       482         8         2
471       483        12         1
471       478         7         6
469       472         3        12
457       483        26         1
464       483        19         1
457       481        24         3
459       481        22         3
438       467        29        17
463       467         4        17
39       462       423        22
443       455        12        29
463       482        19         2
480       481         1         3
460       462         2        22
474       478         4         6
471       483        12         1
478       480         2         4
38       481       443         3
428       440        12        44
477       483         6         1
40       482       442         2
478       481         3         3
449       471        22        13
479       480         1         4
462       481        19         3
464       482        18         2
34       479       445         5
479       480         1         4
31       471       440        13
402       427        25        57
465       471         6        13
473       476         3         8
464       477        13         7
34       472       438        12
469       473         4        11
472       474         2        10
470       475         5         9
7       472       465        12
441       483        42         1
481       482         1         2
42       480       438         4
472       483        11         1
449       472        23        12
472       481         9         3
464       466         2        18
473       474         1        10
468       477         9         7
443       446         3        38
39       479       440         5
13        40        27       444
414       456        42        28
444       471        27        13
473       480         7         4
457       477        20         7
460       472        12        12
40       483       443         1
470       483        13         1
481       482         1         2
42       452       410        32
466       482        16         2
470       479         9         5
417       444        27        40
43       469       426        15
460       473        13        11
464       476        12         8
419       449        30        35
42       477       435         7
463       469         6        15
465       474         9        10
463       481        18         3
25       472       447        12
465       482        17         2
26       452       426        32
472       479         7         5
449       457         8        27
481       483         2         1
472       483        11         1
456       482        26         2
470       476         6         8
448       463        15        21
422       462        40        22
456       477        21         7
463       465         2        19
480       482         2         2
461       469         8        15
454       473        19        11
463       481        18         3
453       472        19        12
480       482         2         2
461       481        20         3
467       468         1        16
464       480        16         4
462       470         8        14
480       481         1         3
470       474         4        10
449       479        30         5
9       482       473         2
468       475         7         9
463       467         4        17
467       481        14         3
423       443        20        41
463       475        12         9
455       465        10        19
472       473         1        11
473       482         9         2
458       480        22         4
463       467         4        17
446       476        30         8
445       451         6        33
463       479        16         5
455       456         1        28
461       470         9        14
451       479        28         5
39       465       426        19
467       483        16         1
481       483         2         1
481       483         2         1
468       471         3        13
471       483        12         1
461       475        14         9
462       477        15         7
453       456         3        28
474       481         7         3
473       479         6         5
413       440        27        44
469       476         7         8
456       460         4        24
40       476       436         8
481       483         2         1
35       460       425        24
426       469        43        15
469       470         1        14
460       481        21         3
38       471       433        13
458       483        25         1
475       478         3         6
439       474        35        10
36       480       444         4
42       483       441         1
455       482        27         2
35       482       447         2
457       475        18         9
471       475         4         9
465       467         2        17
476       479         3         5
464       465         1        19
464       483        19         1
473       483        10         1
43       483       440         1
460       475        15         9
466       479        13         5
482       483         1         1
468       482        14         2
42       450       408        34
42       480       438         4
466       481        15         3
478       483         5         1
455       479        24         5
481       483         2         1
468       474         6        10
456       474        18        10
458       480        22         4
441       463        22        21
471       478         7         6
459       481        22         3
39       466       427        18
18       471       453        13
31       481       450         3
439       442         3        42
463       478        15         6
458       466         8        18
470       471         1        13
470       483        13         1
453       479        26         5
466       474         8        10
474       475         1         9
456       461         5        23
461       465         4        19
426       431         5        53
478       481         3         3
469       481        12         3
481       482         1         2
397       477        80         7
476       479         3         5
451       467        16        17
478       483         5         1
478       482         4         2
452       483        31         1
41       479       438         5
31       483       452         1
470       481        11         3
466       475         9         9
462       475        13         9
43       480       437         4
470       483        13         1
477       482         5         2
481       483         2         1
455       479        24         5
468       475         7         9
456       483        27         1
480       483         3         1
412       470        58        14
457       480        23         4
38       473       435        11
475       477         2         7
467       473         6        11
442       479        37         5
19       482       463         2
477       482         5         2
475       476         1         8
39       469       430        15
463       480        17         4
444       477        33         7
469       473         4        11
7       483       476         1
480       482         2         2
447       480        33         4
37       471       434        13
38       476       438         8
39       482       443         2
469       473         4        11
415       474        59        10
469       471         2        13
455       473        18        11
39       480       441         4
480       482         2         2
451       459         8        25
449       482        33         2
460       472        12        12
476       483         7         1
450       472        22        12
428       457        29        27
19        37        18       447
469       482        13         2
479       483         4         1
437       478        41         6
32       483       451         1
26       480       454         4
430       481        51         3
15       483       468         1
476       477         1         7
477       480         3         4
477       481         4         3
438       474        36        10
469       473         4        11
452       457         5        27
453       463        10        21
445       479        34         5
475       479         4         5
405       458        53        26
482       483         1         1
460       479        19         5
448       463        15        21
24       465       441        19
479       481         2         3
477       482         5         2
461       474        13        10
469       470         1        14
482       483         1         1
453       482        29         2
42       479       437         5
477       478         1         6
480       483         3         1
465       475        10         9
474       483         9         1
460       467         7        17
472       479         7         5
460       461         1        23
399       482        83         2
479       482         3         2
463       464         1        20
479       481         2         3
465       480        15         4
474       481         7         3
437       482        45         2
41       480       439         4
397       459        62        25
464       474        10        10
480       483         3         1
479       481         2         3
460       474        14        10
481       483         2         1
481       482         1         2
476       483         7         1
459       476        17         8
476       478         2         6
478       481         3         3
33       482       449         2
477       478         1         6
38       483       445         1
29       476       447         8
477       482         5         2
478       480         2         4
479       482         3         2
481       482         1         2
464       467         3        17
454       475        21         9
482       483         1         1
442       464        22        20
468       482        14         2
34       455       421        29
40       441       401        43
438       481        43         3
476       483         7         1
466       473         7        11
479       481         2         3
26        34         8       450
464       469         5        15
39       473       434        11
469       474         5        10
467       481        14         3
437       443         6        41
468       481        13         3
25       478       453         6
35       463       428        21
458       482        24         2
448       460        12        24
19       455       436        29
468       482        14         2
454       474        20        10
6       452       446        32
466       479        13         5
447       480        33         4
447       481        34         3
466       467         1        17
438       469        31        15
4       479       475         5
3       455       452        29
463       464         1        20
27       477       450         7
471       475         4         9
457       458         1        26
42       476       434         8
39       460       421        24
468       481        13         3
38       401       363        83
460       461         1        23
32       477       445         7
481       483         2         1
464       483        19         1
28       482       454         2
43       474       431        10
476       479         3         5
457       483        26         1
479       480         1         4
456       483        27         1
375       470        95        14
20       468       448        16
26        43        17       441
437       463        26        21
462       469         7        15
477       483         6         1
466       478        12         6
468       476         8         8
33       467       434        17
469       473         4        11
450       475        25         9
438       474        36        10
466       481        15         3
475       479         4         5
471       478         7         6
452       481        29         3
431       457        26        27
478       482         4         2
429       481        52         3
481       482         1         2
480       483         3         1
31       482       451         2
449       457         8        27
428       482        54         2
477       483         6         1
444       470        26        14
25       469       444        15
468       477         9         7
475       482         7         2
441       452        11        32
462       481        19         3
442       449         7        35
468       477         9         7
475       480         5         4
474       481         7         3
468       479        11         5
466       473         7        11
473       483        10         1
448       463        15        21
405       476        71         8
33       460       427        24
476       479         3         5
469       476         7         8
450       466        16        18
409       445        36        39
475       483         8         1
463       480        17         4
471       476         5         8
470       480        10         4
464       479        15         5
482       483         1         1
448       463        15        21
21       483       462         1
470       480        10         4
482       483         1         1
452       481        29         3
473       477         4         7
480       481         1         3
453       473        20        11
440       470        30        14
43       469       426        15
440       460        20        24
456       473        17        11
442       445         3        39
43       480       437         4
41       445       404        39
27       482       455         2
20       480       460         4
439       450        11        34
464       482        18         2
439       470        31        14
452       454         2        30
466       472         6        12
465       479        14         5
468       481        13         3
458       477        19         7
464       469         5        15
465       478        13         6
459       475        16         9
446       452         6        32
25       465       440        19
443       477        34         7
476       483         7         1
460       472        12        12
473       481         8         3
38       481       443         3
475       483         8         1
32       466       434        18
478       481         3         3
23       463       440        21
381       455        74        29
43       465       422        19
463       481        18         3
452       463        11        21
479       480         1         4
457       464         7        20
474       483         9         1
452       465        13        19
472       480         8         4
447       480        33         4
41       479       438         5
452       461         9        23
440       480        40         4
474       482         8         2
468       481        13         3
415       478        63         6
37       483       446         1
42       456       414        28
448       459        11        25
481       482         1         2
446       464        18        20
469       475         6         9
419       481        62         3
474       482         8         2
472       481         9         3
35       476       441         8
470       471         1        13
457       458         1        26
460       474        14        10
467       478        11         6
452       481        29         3
445       482        37         2
38       468       430        16
34        40         6       444
465       466         1        18
430       482        52         2
457       467        10        17
479       481         2         3
450       470        20        14
24       448       424        36
481       482         1         2
456       465         9        19
448       450         2        34
473       475         2         9
441       451        10        33
462       477        15         7
480       481         1         3
478       482         4         2
423       469        46        15
465       477        12         7
34       461       427        23
450       470        20        14
462       469         7        15
427       430         3        54
29       477       448         7
440       448         8        36
460       470        10        14
475       483         8         1
473       475         2         9
