427       440        13        12
448       449         1         3
200       449       249         3
311       451       140         1
438       441         3        11
443       451         8         1
259       444       185         8
436       444         8         8
207       445       238         7
432       439         7        13
443       451         8         1
448       451         3         1
249       451       202         1
425       436        11        16
433       451        18         1
428       437         9        15
425       443        18         9
449       451         2         1
436       439         3        13
207       448       241         4
444       445         1         7
442       451         9         1
443       449         6         3
431       451        20         1
442       450         8         2
428       442        14        10
445       451         6         1
445       450         5         2
422       428         6        24
40       200       160       252
416       447        31         5
301       445       144         7
441       443         2         9
448       449         1         3
203       446       243         6
259       444       185         8
243       447       204         5
41       433       392        19
51       449       398         3
207       451       244         1
256       449       193         3
439       445         6         7
438       451        13         1
445       451         6         1
305       438       133        14
425       451        26         1
311       445       134         7
437       447        10         5
423       440        17        12
431       450        19         2
442       451         9         1
432       439         7        13
412       419         7        33
418       427         9        25
450       451         1         1
438       444         6         8
440       443         3         9
206       449       243         3
434       451        17         1
446       450         4         2
425       447        22         5
443       450         7         2
203       451       248         1
436       440         4        12
442       451         9         1
424       433         9        19
436       437         1        15
448       450         2         2
446       450         4         2
245       450       205         2
439       442         3        10
201       295        94       157
198       447       249         5
434       437         3        15
449       450         1         2
435       448        13         4
444       446         2         6
304       448       144         4
442       450         8         2
430       442        12        10
448       450         2         2
310       451       141         1
423       439        16        13
434       447        13         5
443       449         6         3
422       431         9        21
437       447        10         5
259       443       184         9
424       447        23         5
429       438         9        14
448       450         2         2
431       447        16         5
50       447       397         5
430       443        13         9
437       444         7         8
205       448       243         4
445       448         3         4
51       444       393         8
449       451         2         1
440       443         3         9
428       437         9        15
445       447         2         5
446       451         5         1
47       433       386        19
450       451         1         1
302       419       117        33
441       443         2         9
442       446         4         6
427       446        19         6
444       446         2         6
434       449        15         3
435       443         8         9
444       449         5         3
389       441        52        11
417       451        34         1
439       446         7         6
443       450         7         2
444       450         6         2
419       450        31         2
410       425        15        27
441       443         2         9
437       451        14         1
47       451       404         1
45       450       405         2
443       446         3         6
410       428        18        24
443       451         8         1
447       448         1         4
433       449        16         3
447       449         2         3
448       449         1         3
443       445         2         7
430       450        20         2
439       449        10         3
427       429         2        23
445       450         5         2
409       451        42         1
441       451        10         1
432       442        10        10
448       451         3         1
426       430         4        22
440       443         3         9
441       444         3         8
437       450        13         2
255       434       179        18
431       442        11        10
441       449         8         3
405       444        39         8
41       443       402         9
443       444         1         8
442       444         2         8
420       428         8        24
443       447         4         5
424       451        27         1
445       450         5         2
259       445       186         7
445       446         1         6
441       448         7         4
449       450         1         2
437       451        14         1
442       446         4         6
32       451       419         1
449       450         1         2
442       451         9         1
436       444         8         8
50       447       397         5
417       426         9        26
435       443         8         9
447       451         4         1
423       433        10        19
442       447         5         5
440       449         9         3
302       410       108        42
255       422       167        30
436       448        12         4
51       451       400         1
437       450        13         2
259       451       192         1
436       445         9         7
46       448       402         4
429       448        19         4
429       448        19         4
443       446         3         6
430       436         6        16
259       429       170        23
436       450        14         2
438       446         8         6
429       433         4        19
443       448         5         4
431       436         5        16
427       430         3        22
444       446         2         6
446       450         4         2
441       445         4         7
429       447        18         5
434       444        10         8
445       447         2         5
431       449        18         3
441       450         9         2
431       448        17         4
444       448         4         4
47       451       404         1
444       445         1         7
437       439         2        13
247       439       192        13
256       445       189         7
206       445       239         7
422       446        24         6
434       441         7        11
445       447         2         5
255       451       196         1
435       443         8         9
447       450         3         2
446       449         3         3
304       449       145         3
428       442        14        10
448       449         1         3
449       451         2         1
441       449         8         3
449       450         1         2
431       433         2        19
443       450         7         2
433       445        12         7
47       446       399         6
206       435       229        17
46       450       404         2
443       446         3         6
433       448        15         4
429       449        20         3
446       451         5         1
433       443        10         9
410       414         4        38
442       445         3         7
440       443         3         9
441       443         2         9
450       451         1         1
251       433       182        19
431       449        18         3
410       425        15        27
431       447        16         5
448       450         2         2
416       446        30         6
443       451         8         1
39       443       404         9
426       428         2        24
434       450        16         2
439       441         2        11
436       440         4        12
207       425       218        27
434       441         7        11
435       450        15         2
421       439        18        13
202       447       245         5
434       439         5        13
425       445        20         7
438       446         8         6
447       449         2         3
444       449         5         3
299       441       142        11
410       449        39         3
440       444         4         8
438       443         5         9
434       438         4        14
442       448         6         4
426       433         7        19
408       442        34        10
445       448         3         4
308       422       114        30
437       451        14         1
439       449        10         3
49       444       395         8
446       450         4         2
442       448         6         4
430       441        11        11
439       449        10         3
448       451         3         1
295       451       156         1
204       445       241         7
432       449        17         3
205       431       226        21
444       447         3         5
427       432         5        20
413       431        18        21
422       432        10        20
38       444       406         8
437       440         3        12
47       441       394        11
446       449         3         3
425       437        12        15
428       447        19         5
50       451       401         1
448       451         3         1
431       447        16         5
50       424       374        28
449       450         1         2
37       446       409         6
421       444        23         8
440       445         5         7
448       451         3         1
439       444         5         8
438       449        11         3
48       437       389        15
445       447         2         5
446       451         5         1
448       451         3         1
440       449         9         3
432       446        14         6
427       447        20         5
49       443       394         9
299       447       148         5
46       450       404         2
254       442       188        10
443       446         3         6
448       450         2         2
447       451         4         1
6       449       443         3
442       445         3         7
309       445       136         7
442       449         7         3
442       444         2         8
446       451         5         1
434       437         3        15
249       448       199         4
440       446         6         6
426       433         7        19
448       449         1         3
434       441         7        11
446       451         5         1
435       443         8         9
450       451         1         1
442       447         5         5
443       450         7         2
443       451         8         1
435       447        12         5
436       437         1        15
442       443         1         9
443       445         2         7
438       444         6         8
420       428         8        24
430       432         2        20
434       445        11         7
418       428        10        24
308       449       141         3
436       441         5        11
438       449        11         3
430       449        19         3
434       442         8        10
437       448        11         4
436       442         6        10
441       448         7         4
440       448         8         4
447       448         1         4
257       450       193         2
427       435         8        17
293       449       156         3
446       448         2         4
446       448         2         4
433       444        11         8
448       451         3         1
26       423       397        29
445       450         5         2
436       449        13         3
440       445         5         7
441       442         1        10
448       450         2         2
424       450        26         2
423       444        21         8
296       436       140        16
308       428       120        24
439       449        10         3
239       448       209         4
449       450         1         2
418       441        23        11
449       450         1         2
250       451       201         1
440       451        11         1
434       450        16         2
426       437        11        15
435       445        10         7
429       450        21         2
304       448       144         4
448       449         1         3
449       450         1         2
440       450        10         2
206       451       245         1
446       448         2         4
428       431         3        21
430       445        15         7
425       447        22         5
299       443       144         9
447       451         4         1
437       446         9         6
447       450         3         2
44       451       407         1
435       439         4        13
408       432        24        20
435       446        11         6
206       434       228        18
439       448         9         4
308       451       143         1
410       450        40         2
25       449       424         3
435       439         4        13
447       448         1         4
435       450        15         2
437       447        10         5
443       445         2         7
254       451       197         1
39       450       411         2
47       447       400         5
47       431       384        21
442       449         7         3
448       451         3         1
448       451         3         1
436       439         3        13
417       442        25        10
442       451         9         1
37       448       411         4
443       444         1         8
448       449         1         3
429       443        14         9
436       451        15         1
307       445       138         7
444       445         1         7
446       447         1         5
448       450         2         2
46       447       401         5
441       442         1        10
449       451         2         1
449       451         2         1
450       451         1         1
435       437         2        15
444       449         5         3
443       447         4         5
446       449         3         3
441       451        10         1
439       450        11         2
439       451        12         1
438       451        13         1
439       450        11         2
206       450       244         2
445       451         6         1
311       437       126        15
426       437        11        15
42       430       388        22
259       451       192         1
44       433       389        19
414       447        33         5
447       449         2         3
441       444         3         8
430       447        17         5
305       450       145         2
435       448        13         4
449       451         2         1
443       446         3         6
446       449         3         3
444       447         3         5
418       436        18        16
409       449        40         3
258       445       187         7
429       436         7        16
434       451        17         1
438       447         9         5
442       448         6         4
429       444        15         8
429       446        17         6
441       446         5         6
47       247       200       205
433       447        14         5
414       449        35         3
420       427         7        25
440       442         2        10
429       434         5        18
408       438        30        14
446       448         2         4
311       447       136         5
428       434         6        18
427       443        16         9
442       443         1         9
445       450         5         2
201       448       247         4
441       443         2         9
447       451         4         1
446       448         2         4
37       446       409         6
301       449       148         3
436       446        10         6
50       434       384        18
440       441         1        11
445       448         3         4
448       449         1         3
445       448         3         4
437       443         6         9
421       447        26         5
436       441         5        11
430       450        20         2
435       449        14         3
432       437         5        15
441       445         4         7
254       450       196         2
444       449         5         3
433       436         3        16
43       448       405         4
441       443         2         9
433       449        16         3
417       425         8        27
432       440         8        12
309       449       140         3
437       447        10         5
439       445         6         7
449       450         1         2
447       451         4         1
449       451         2         1
37       443       406         9
309       451       142         1
411       447        36         5
443       449         6         3
434       443         9         9
439       447         8         5
443       450         7         2
436       441         5        11
29        38         9       414
435       451        16         1
439       442         3        10
47       440       393        12
432       440         8        12
447       451         4         1
441       444         3         8
412       419         7        33
448       449         1         3
445       451         6         1
431       451        20         1
445       450         5         2
419       441        22        11
439       441         2        11
447       449         2         3
444       451         7         1
445       446         1         6
447       448         1         4
445       451         6         1
449       451         2         1
448       451         3         1
431       450        19         2
440       451        11         1
447       448         1         4
445       447         2         5
432       445        13         7
437       446         9         6
435       451        16         1
433       441         8        11
429       430         1        22
448       449         1         3
249       441       192        11
200       450       250         2
195       441       246        11
257       450       193         2
445       448         3         4
442       451         9         1
440       445         5         7
422       451        29         1
441       447         6         5
439       441         2        11
426       451        25         1
432       449        17         3
443       444         1         8
433       437         4        15
436       441         5        11
431       442        11        10
449       451         2         1
206       444       238         8
428       433         5        19
50       446       396         6
435       442         7        10
50       406       356        46
435       449        14         3
249       443       194         9
435       443         8         9
436       438         2        14
431       440         9        12
48       432       384        20
442       450         8         2
49       448       399         4
442       451         9         1
434       437         3        15
445       447         2         5
431       444        13         8
207       449       242         3
423       438        15        14
440       446         6         6
411       441        30        11
433       438         5        14
415       441        26        11
413       443        30         9
207       445       238         7
442       444         2         8
444       447         3         5
440       450        10         2
440       441         1        11
447       449         2         3
49       438       389        14
432       444        12         8
450       451         1         1
448       449         1         3
414       428        14        24
433       444        11         8
206       451       245         1
424       432         8        20
207       450       243         2
439       451        12         1
448       449         1         3
41       442       401        10
429       442        13        10
437       445         8         7
442       450         8         2
446       451         5         1
446       451         5         1
449       451         2         1
447       451         4         1
447       451         4         1
429       450        21         2
441       446         5         6
441       443         2         9
41       441       400        11
447       449         2         3
428       444        16         8
444       446         2         6
428       447        19         5
305       449       144         3
439       449        10         3
426       444        18         8
435       439         4        13
433       438         5        14
35       445       410         7
206       446       240         6
254       446       192         6
432       437         5        15
441       448         7         4
446       451         5         1
446       451         5         1
46       437       391        15
449       451         2         1
434       451        17         1
446       447         1         5
449       451         2         1
248       448       200         4
438       449        11         3
431       439         8        13
416       451        35         1
34       443       409         9
446       449         3         3
440       444         4         8
256       448       192         4
436       437         1        15
421       451        30         1
207       442       235        10
441       448         7         4
443       450         7         2
50       449       399         3
440       442         2        10
48       451       403         1
420       449        29         3
442       449         7         3
431       438         7        14
436       446        10         6
301       447       146         5
442       446         4         6
255       449       194         3
50       445       395         7
199       447       248         5
413       418         5        34
449       451         2         1
431       437         6        15
48       451       403         1
443       450         7         2
440       446         6         6
436       441         5        11
438       448        10         4
426       443        17         9
448       451         3         1
413       441        28        11
448       450         2         2
440       448         8         4
442       451         9         1
449       451         2         1
438       439         1        13
444       450         6         2
446       447         1         5
32       444       412         8
444       445         1         7
434       439         5        13
25       444       419         8
449       451         2         1
421       440        19        12
437       441         4        11
428       439        11        13
49       443       394         9
440       448         8         4
448       450         2         2
445       451         6         1
421       432        11        20
441       447         6         5
253       446       193         6
406       436        30        16
449       450         1         2
438       450        12         2
443       450         7         2
432       443        11         9
446       447         1         5
198       440       242        12
50       441       391        11
50       443       393         9
207       451       244         1
439       451        12         1
311       446       135         6
442       444         2         8
197       441       244        11
415       433        18        19
310       439       129        13
249       443       194         9
205       447       242         5
434       439         5        13
38       430       392        22
41       442       401        10
446       447         1         5
446       449         3         3
49       451       402         1
439       444         5         8
50       448       398         4
435       448        13         4
428       445        17         7
259       446       187         6
439       441         2        11
307       447       140         5
390       417        27        35
445       451         6         1
446       448         2         4
443       446         3         6
436       449        13         3
428       431         3        21
443       447         4         5
39       450       411         2
439       444         5         8
436       447        11         5
203       451       248         1
207       308       101       144
446       448         2         4
44       445       401         7
448       450         2         2
250       443       193         9
430       447        17         5
443       444         1         8
450       451         1         1
435       444         9         8
44       451       407         1
447       448         1         4
441       446         5         6
448       451         3         1
443       450         7         2
430       448        18         4
257       450       193         2
441       442         1        10
200       438       238        14
445       448         3         4
450       451         1         1
430       439         9        13
46       450       404         2
437       451        14         1
429       449        20         3
50       443       393         9
449       450         1         2
428       449        21         3
437       449        12         3
207       433       226        19
433       440         7        12
432       438         6        14
429       448        19         4
448       451         3         1
444       450         6         2
449       451         2         1
435       438         3        14
439       442         3        10
434       441         7        11
441       445         4         7
441       450         9         2
430       434         4        18
445       449         4         3
442       451         9         1
445       449         4         3
255       442       187        10
439       449        10         3
43       447       404         5
255       451       196         1
446       447         1         5
401       433        32        19
48       437       389        15
435       446        11         6
437       449        12         3
416       418         2        34
431       435         4        17
47       445       398         7
437       441         4        11
430       437         7        15
25       451       426         1
48       450       402         2
442       447         5         5
438       450        12         2
424       446        22         6
435       439         4        13
448       451         3         1
449       451         2         1
439       448         9         4
245       451       206         1
417       448        31         4
444       450         6         2
203       237        34       215
429       448        19         4
430       445        15         7
420       423         3        29
442       448         6         4
443       451         8         1
430       439         9        13
445       451         6         1
424       425         1        27
439       449        10         3
48        50         2       402
36       438       402        14
433       441         8        11
308       439       131        13
424       446        22         6
441       445         4         7
444       449         5         3
439       441         2        11
444       450         6         2
443       444         1         8
439       451        12         1
438       448        10         4
311       451       140         1
45       447       402         5
417       430        13        22
420       441        21        11
48       446       398         6
439       450        11         2
441       446         5         6
439       449        10         3
440       444         4         8
428       449        21         3
429       439        10        13
440       443         3         9
443       451         8         1
26       448       422         4
445       446         1         6
433       443        10         9
433       445        12         7
446       450         4         2
425       444        19         8
440       451        11         1
429       445        16         7
424       426         2        26
438       447         9         5
45       438       393        14
415       439        24        13
201       449       248         3
412       443        31         9
436       448        12         4
207       449       242         3
437       451        14         1
444       451         7         1
444       448         4         4
439       448         9         4
51       442       391        10
444       446         2         6
51       446       395         6
47       434       387        18
444       451         7         1
50       428       378        24
438       449        11         3
448       449         1         3
438       442         4        10
409       445        36         7
207       449       242         3
45       427       382        25
255       448       193         4
435       448        13         4
445       451         6         1
442       445         3         7
443       445         2         7
435       450        15         2
44       440       396        12
441       449         8         3
205       448       243         4
427       443        16         9
418       442        24        10
310       442       132        10
445       450         5         2
442       450         8         2
207       451       244         1
432       439         7        13
203       415       212        37
441       444         3         8
437       451        14         1
445       447         2         5
445       447         2         5
415       417         2        35
422       439        17        13
432       440         8        12
426       449        23         3
437       441         4        11
444       450         6         2
306       448       142         4
445       451         6         1
443       450         7         2
299       448       149         4
435       437         2        15
204       451       247         1
424       438        14        14
444       447         3         5
420       446        26         6
449       450         1         2
444       450         6         2
41       451       410         1
439       446         7         6
258       437       179        15
436       450        14         2
49       449       400         3
441       445         4         7
448       451         3         1
47       451       404         1
446       451         5         1
204       444       240         8
49       443       394         9
50       443       393         9
447       451         4         1
435       445        10         7
439       448         9         4
408       451        43         1
240       258        18       194
258       451       193         1
442       450         8         2
311       442       131        10
50       449       399         3
448       450         2         2
446       449         3         3
419       426         7        26
439       449        10         3
423       447        24         5
424       444        20         8
308       440       132        12
450       451         1         1
258       450       192         2
444       451         7         1
425       449        24         3
433       448        15         4
254       300        46       152
198       444       246         8
200       446       246         6
33       451       418         1
445       447         2         5
40       435       395        17
427       445        18         7
447       451         4         1
437       448        11         4
422       423         1        29
428       451        23         1
446       447         1         5
196       449       253         3
443       445         2         7
427       449        22         3
439       449        10         3
311       450       139         2
450       451         1         1
441       449         8         3
444       448         4         4
447       448         1         4
439       445         6         7
441       447         6         5
446       450         4         2
442       446         4         6
48       450       402         2
447       448         1         4
446       449         3         3
444       448         4         4
440       443         3         9
439       447         8         5
446       447         1         5
438       449        11         3
443       450         7         2
37       450       413         2
204       436       232        16
255       448       193         4
441       444         3         8
446       449         3         3
308       449       141         3
415       451        36         1
423       451        28         1
434       442         8        10
431       435         4        17
254       449       195         3
431       443        12         9
445       447         2         5
444       451         7         1
