408       409         1         1
405       409         4         1
403       408         5         2
42       395       353        15
217       407       190         3
402       405         3         5
399       406         7         4
405       408         3         2
392       405        13         5
406       409         3         1
392       409        17         1
43       405       362         5
403       404         1         6
391       403        12         7
399       402         3         8
313       408        95         2
386       394         8        16
314       409        95         1
391       404        13         6
401       408         7         2
403       404         1         6
396       408        12         2
405       408         3         2
397       403         6         7
399       402         3         8
221       406       185         4
44       405       361         5
402       403         1         7
403       409         6         1
402       404         2         6
403       407         4         3
406       409         3         1
402       406         4         4
37       406       369         4
407       408         1         2
404       405         1         5
399       405         6         5
407       408         1         2
402       403         1         7
390       404        14         6
406       407         1         3
408       409         1         1
394       398         4        12
393       401         8         9
407       408         1         2
43       409       366         1
400       403         3         7
402       409         7         1
403       405         2         5
224       388       164        22
389       397         8        13
388       408        20         2
37       409       372         1
402       405         3         5
223       403       180         7
388       406        18         4
406       409         3         1
400       406         6         4
44       403       359         7
260       393       133        17
394       395         1        15
397       409        12         1
400       408         8         2
397       409        12         1
400       405         5         5
396       402         6         8
392       404        12         6
404       409         5         1
383       409        26         1
247       394       147        16
405       407         2         3
179       396       217        14
38       409       371         1
395       404         9         6
404       407         3         3
408       409         1         1
401       407         6         3
404       405         1         5
394       408        14         2
212       409       197         1
408       409         1         1
408       409         1         1
403       409         6         1
393       406        13         4
387       396         9        14
403       409         6         1
40       409       369         1
405       409         4         1
381       409        28         1
391       399         8        11
407       409         2         1
406       408         2         2
405       406         1         4
400       409         9         1
398       405         7         5
394       403         9         7
394       406        12         4
377       398        21        12
223       394       171        16
402       404         2         6
304       400        96        10
393       407        14         3
44       406       362         4
403       409         6         1
398       408        10         2
404       407         3         3
31       404       373         6
215       268        53       142
401       408         7         2
262       409       147         1
403       407         4         3
388       407        19         3
391       406        15         4
396       408        12         2
405       409         4         1
397       409        12         1
389       408        19         2
400       402         2         8
390       405        15         5
389       398         9        12
408       409         1         1
404       408         4         2
405       406         1         4
267       402       135         8
162       409       247         1
393       396         3        14
402       409         7         1
307       409       102         1
38       395       357        15
40       406       366         4
390       409        19         1
391       400         9        10
269       372       103        38
178       404       226         6
406       408         2         2
222       401       179         9
400       402         2         8
388       406        18         4
405       408         3         2
406       407         1         3
402       404         2         6
314       400        86        10
400       402         2         8
400       409         9         1
401       402         1         8
369       402        33         8
399       404         5         6
404       409         5         1
378       398        20        12
390       406        16         4
402       409         7         1
380       406        26         4
397       401         4         9
406       409         3         1
401       407         6         3
404       408         4         2
165       409       244         1
404       405         1         5
394       409        15         1
404       407         3         3
403       406         3         4
408       409         1         1
400       402         2         8
37       407       370         3
400       401         1         9
401       409         8         1
395       406        11         4
160       409       249         1
402       406         4         4
387       397        10        13
403       404         1         6
398       400         2        10
407       408         1         2
268       400       132        10
406       409         3         1
399       405         6         5
403       408         5         2
395       408        13         2
394       399         5        11
368       406        38         4
400       409         9         1
404       407         3         3
404       408         4         2
393       402         9         8
403       408         5         2
224       405       181         5
407       408         1         2
174       407       233         3
382       404        22         6
403       404         1         6
391       400         9        10
393       409        16         1
379       398        19        12
406       407         1         3
396       405         9         5
223       396       173        14
397       407        10         3
406       409         3         1
403       405         2         5
399       409        10         1
223       406       183         4
403       408         5         2
395       397         2        13
385       400        15        10
402       405         3         5
267       405       138         5
401       408         7         2
391       402        11         8
302       386        84        24
405       408         3         2
217       398       181        12
392       402        10         8
42       409       367         1
397       400         3        10
402       407         5         3
40       399       359        11
401       406         5         4
389       404        15         6
396       409        13         1
258       408       150         2
408       409         1         1
404       406         2         4
406       408         2         2
256       406       150         4
310       405        95         5
408       409         1         1
396       398         2        12
401       404         3         6
404       408         4         2
311       400        89        10
219       404       185         6
394       409        15         1
401       403         2         7
302       401        99         9
398       407         9         3
25       409       384         1
393       407        14         3
397       408        11         2
38       408       370         2
405       408         3         2
357       408        51         2
402       407         5         3
405       406         1         4
406       409         3         1
178       404       226         6
215       408       193         2
401       405         4         5
402       407         5         3
33       407       374         3
404       406         2         4
391       393         2        17
397       409        12         1
388       403        15         7
395       403         8         7
399       400         1        10
403       408         5         2
173       402       229         8
395       400         5        10
402       409         7         1
311       409        98         1
221       407       186         3
394       401         7         9
401       409         8         1
405       409         4         1
401       404         3         6
403       408         5         2
396       408        12         2
399       409        10         1
401       403         2         7
220       403       183         7
405       408         3         2
408       409         1         1
41       216       175       194
391       398         7        12
401       405         4         5
403       409         6         1
405       409         4         1
400       401         1         9
400       407         7         3
401       403         2         7
178       403       225         7
262       402       140         8
402       407         5         3
390       398         8        12
384       402        18         8
398       409        11         1
398       406         8         4
401       406         5         4
403       407         4         3
404       406         2         4
397       404         7         6
401       409         8         1
43       179       136       231
386       408        22         2
404       406         2         4
403       407         4         3
395       405        10         5
382       397        15        13
397       409        12         1
266       398       132        12
407       408         1         2
403       405         2         5
404       409         5         1
313       407        94         3
400       409         9         1
401       409         8         1
396       401         5         9
393       404        11         6
399       403         4         7
403       408         5         2
396       402         6         8
406       408         2         2
38       400       362        10
400       408         8         2
404       409         5         1
403       407         4         3
399       403         4         7
402       404         2         6
403       409         6         1
400       406         6         4
401       408         7         2
314       406        92         4
41       404       363         6
28       402       374         8
394       407        13         3
19       395       376        15
403       406         3         4
397       405         8         5
394       409        15         1
405       407         2         3
398       404         6         6
403       409         6         1
264       408       144         2
407       409         2         1
403       408         5         2
222       394       172        16
218       409       191         1
404       405         1         5
398       402         4         8
376       408        32         2
369       397        28        13
397       409        12         1
400       403         3         7
399       408         9         2
401       409         8         1
388       401        13         9
397       404         7         6
387       391         4        19
402       408         6         2
405       408         3         2
388       400        12        10
261       401       140         9
397       399         2        11
269       405       136         5
388       408        20         2
401       403         2         7
40       409       369         1
406       408         2         2
395       409        14         1
392       403        11         7
387       396         9        14
389       407        18         3
398       405         7         5
306       406       100         4
214       401       187         9
166       309       143       101
406       408         2         2
35       404       369         6
402       409         7         1
223       409       186         1
389       398         9        12
240       405       165         5
36       400       364        10
403       407         4         3
399       401         2         9
406       407         1         3
169       406       237         4
396       405         9         5
405       406         1         4
408       409         1         1
394       404        10         6
397       400         3        10
307       399        92        11
42       396       354        14
192       405       213         5
384       409        25         1
391       399         8        11
40       314       274        96
407       409         2         1
397       404         7         6
399       405         6         5
405       409         4         1
403       405         2         5
311       400        89        10
404       408         4         2
386       406        20         4
310       408        98         2
361       401        40         9
394       396         2        14
406       409         3         1
405       408         3         2
407       409         2         1
401       409         8         1
396       406        10         4
400       409         9         1
405       407         2         3
404       409         5         1
407       408         1         2
405       408         3         2
406       409         3         1
393       409        16         1
402       403         1         7
312       402        90         8
305       396        91        14
42       409       367         1
397       402         5         8
397       400         3        10
255       397       142        13
405       409         4         1
215       409       194         1
41       402       361         8
397       409        12         1
404       405         1         5
296       409       113         1
404       409         5         1
406       408         2         2
168       409       241         1
384       400        16        10
398       401         3         9
397       400         3        10
399       408         9         2
405       407         2         3
393       404        11         6
267       389       122        21
394       404        10         6
30       407       377         3
402       408         6         2
397       406         9         4
392       407        15         3
398       400         2        10
398       405         7         5
392       403        11         7
264       409       145         1
407       409         2         1
44       409       365         1
405       407         2         3
398       408        10         2
174       404       230         6
395       397         2        13
400       409         9         1
394       401         7         9
380       384         4        26
405       408         3         2
396       406        10         4
404       407         3         3
400       408         8         2
407       408         1         2
40       409       369         1
394       403         9         7
406       407         1         3
403       405         2         5
176       409       233         1
42       407       365         3
400       407         7         3
404       409         5         1
403       409         6         1
264       394       130        16
312       313         1        97
40       409       369         1
404       405         1         5
408       409         1         1
398       406         8         4
396       398         2        12
176       403       227         7
42       158       116       252
406       408         2         2
402       409         7         1
404       408         4         2
265       409       144         1
401       403         2         7
401       405         4         5
394       409        15         1
408       409         1         1
173       388       215        22
403       405         2         5
401       403         2         7
402       409         7         1
392       403        11         7
390       397         7        13
393       408        15         2
400       403         3         7
403       408         5         2
407       408         1         2
223       406       183         4
40       398       358        12
399       406         7         4
404       405         1         5
400       409         9         1
401       403         2         7
402       406         4         4
306       404        98         6
391       408        17         2
388       400        12        10
403       406         3         4
387       406        19         4
40       401       361         9
287       402       115         8
404       408         4         2
40       376       336        34
385       408        23         2
405       407         2         3
398       405         7         5
398       407         9         3
404       408         4         2
262       405       143         5
401       409         8         1
222       402       180         8
405       408         3         2
381       400        19        10
374       409        35         1
403       404         1         6
388       408        20         2
404       407         3         3
397       400         3        10
44       407       363         3
388       401        13         9
404       405         1         5
397       405         8         5
261       372       111        38
177       409       232         1
402       407         5         3
314       409        95         1
377       399        22        11
224       405       181         5
36       405       369         5
406       407         1         3
398       408        10         2
395       409        14         1
37        43         6       367
404       408         4         2
158       405       247         5
405       406         1         4
395       402         7         8
393       405        12         5
407       409         2         1
398       403         5         7
400       409         9         1
381       404        23         6
388       404        16         6
401       409         8         1
382       397        15        13
175       407       232         3
397       402         5         8
407       409         2         1
403       405         2         5
403       404         1         6
403       404         1         6
308       404        96         6
405       408         3         2
389       404        15         6
405       409         4         1
37       404       367         6
34       405       371         5
403       406         3         4
42       396       354        14
394       407        13         3
318       396        78        14
398       404         6         6
399       409        10         1
44       176       132       234
407       409         2         1
38       215       177       195
43       404       361         6
386       404        18         6
391       406        15         4
400       406         6         4
392       405        13         5
404       406         2         4
401       402         1         8
385       403        18         7
403       404         1         6
298       403       105         7
402       403         1         7
404       409         5         1
387       396         9        14
220       402       182         8
379       408        29         2
406       409         3         1
388       408        20         2
402       409         7         1
398       407         9         3
390       405        15         5
389       405        16         5
400       406         6         4
401       404         3         6
393       406        13         4
388       396         8        14
406       409         3         1
37       407       370         3
406       409         3         1
404       405         1         5
398       406         8         4
398       406         8         4
407       409         2         1
403       408         5         2
401       405         4         5
407       409         2         1
44       408       364         2
386       398        12        12
395       399         4        11
39       406       367         4
397       407        10         3
394       395         1        15
407       408         1         2
25       398       373        12
307       409       102         1
405       408         3         2
399       402         3         8
397       405         8         5
403       404         1         6
402       403         1         7
390       406        16         4
391       408        17         2
398       405         7         5
387       408        21         2
269       409       140         1
402       405         3         5
404       406         2         4
401       409         8         1
401       408         7         2
178       408       230         2
313       405        92         5
405       407         2         3
312       396        84        14
405       407         2         3
221       405       184         5
405       407         2         3
397       402         5         8
41       402       361         8
314       396        82        14
173       408       235         2
208       389       181        21
395       402         7         8
407       409         2         1
43       408       365         2
269       405       136         5
406       409         3         1
40       407       367         3
391       398         7        12
391       408        17         2
403       409         6         1
398       408        10         2
384       403        19         7
353       400        47        10
405       407         2         3
405       408         3         2
396       402         6         8
405       406         1         4
169       409       240         1
169       393       224        17
223       409       186         1
405       409         4         1
402       408         6         2
223       408       185         2
399       405         6         5
43       400       357        10
40       399       359        11
394       395         1        15
249       398       149        12
401       402         1         8
399       407         8         3
404       407         3         3
398       402         4         8
402       407         5         3
176       409       233         1
404       406         2         4
398       405         7         5
408       409         1         1
406       408         2         2
392       405        13         5
190       402       212         8
42       396       354        14
393       399         6        11
407       408         1         2
167       409       242         1
404       405         1         5
406       407         1         3
398       407         9         3
381       403        22         7
405       407         2         3
398       407         9         3
397       407        10         3
390       408        18         2
169       400       231        10
395       403         8         7
400       409         9         1
383       408        25         2
394       409        15         1
294       404       110         6
393       409        16         1
392       396         4        14
401       406         5         4
37       402       365         8
399       409        10         1
405       409         4         1
407       409         2         1
313       407        94         3
404       406         2         4
385       406        21         4
398       407         9         3
398       403         5         7
402       408         6         2
382       402        20         8
389       406        17         4
395       407        12         3
408       409         1         1
32       404       372         6
394       408        14         2
39       396       357        14
387       405        18         5
394       406        12         4
407       408         1         2
405       408         3         2
407       409         2         1
401       402         1         8
398       407         9         3
222       399       177        11
408       409         1         1
401       402         1         8
371       405        34         5
42       409       367         1
397       406         9         4
395       409        14         1
399       400         1        10
308       408       100         2
395       400         5        10
405       409         4         1
401       402         1         8
392       405        13         5
386       409        23         1
395       406        11         4
267       409       142         1
35       408       373         2
284       401       117         9
42       395       353        15
390       403        13         7
262       407       145         3
34       400       366        10
176       393       217        17
404       408         4         2
407       408         1         2
379       405        26         5
397       408        11         2
391       407        16         3
389       395         6        15
406       408         2         2
407       409         2         1
40       408       368         2
405       407         2         3
402       407         5         3
394       403         9         7
408       409         1         1
401       408         7         2
37       409       372         1
44       408       364         2
400       401         1         9
256       408       152         2
299       409       110         1
42       402       360         8
401       405         4         5
388       403        15         7
392       404        12         6
406       409         3         1
268       405       137         5
387       408        21         2
19        44        25       366
399       403         4         7
397       405         8         5
403       405         2         5
400       406         6         4
304       403        99         7
309       408        99         2
34       408       374         2
393       406        13         4
269       392       123        18
397       409        12         1
392       409        17         1
394       409        15         1
401       406         5         4
392       401         9         9
407       408         1         2
408       409         1         1
24       406       382         4
307       405        98         5
402       408         6         2
224       409       185         1
381       407        26         3
219       396       177        14
37       302       265       108
41       404       363         6
394       397         3        13
302       408       106         2
402       404         2         6
400       405         5         5
404       405         1         5
403       409         6         1
404       407         3         3
401       406         5         4
393       408        15         2
397       404         7         6
314       408        94         2
404       407         3         3
393       404        11         6
303       400        97        10
304       407       103         3
267       407       140         3
404       409         5         1
397       409        12         1
403       409         6         1
402       404         2         6
178       409       231         1
407       409         2         1
397       406         9         4
396       399         3        11
39       403       364         7
298       404       106         6
394       406        12         4
407       409         2         1
308       408       100         2
396       402         6         8
391       408        17         2
390       409        19         1
313       403        90         7
408       409         1         1
400       402         2         8
401       406         5         4
313       407        94         3
44       408       364         2
392       402        10         8
392       407        15         3
405       408         3         2
393       406        13         4
44       407       363         3
408       409         1         1
373       389        16        21
403       409         6         1
406       408         2         2
403       409         6         1
402       404         2         6
382       406        24         4
405       409         4         1
302       409       107         1
399       408         9         2
401       409         8         1
33       403       370         7
403       408         5         2
408       409         1         1
267       403       136         7
393       407        14         3
306       409       103         1
407       409         2         1
391       407        16         3
402       405         3         5
398       405         7         5
37       407       370         3
395       403         8         7
405       409         4         1
38       401       363         9
223       397       174        13
178       399       221        11
399       406         7         4
405       407         2         3
380       408        28         2
309       401        92         9
398       407         9         3
400       404         4         6
386       397        11        13
269       392       123        18
406       408         2         2
385       388         3        22
397       399         2        11
399       408         9         2
403       406         3         4
308       396        88        14
405       406         1         4
173       407       234         3
174       379       205        31
44       382       338        28
207       258        51       152
31       161       130       249
398       400         2        10
259       408       149         2
403       406         3         4
387       407        20         3
406       408         2         2
405       407         2         3
405       406         1         4
393       405        12         5
312       406        94         4
393       400         7        10
391       409        18         1
265       407       142         3
169       405       236         5
396       403         7         7
395       401         6         9
392       404        12         6
388       409        21         1
404       409         5         1
404       407         3         3
404       407         3         3
404       407         3         3
206       407       201         3
398       409        11         1
395       404         9         6
404       408         4         2
261       409       148         1
219       408       189         2
42       397       355        13
402       404         2         6
401       407         6         3
377       401        24         9
401       403         2         7
394       407        13         3
397       403         6         7
398       399         1        11
406       407         1         3
403       409         6         1
263       405       142         5
395       406        11         4
395       409        14         1
404       408         4         2
255       408       153         2
38       401       363         9
394       409        15         1
407       409         2         1
401       408         7         2
403       405         2         5
407       409         2         1
406       407         1         3
396       406        10         4
41       404       363         6
393       409        16         1
408       409         1         1
395       403         8         7
397       398         1        12
397       409        12         1
383       409        26         1
389       406        17         4
400       401         1         9
172       400       228        10
401       403         2         7
405       406         1         4
387       406        19         4
398       408        10         2
35       399       364        11
36       409       373         1
402       408         6         2
389       408        19         2
215       404       189         6
179       409       230         1
382       406        24         4
404       408         4         2
40       162       122       248
388       394         6        16
402       403         1         7
404       407         3         3
398       400         2        10
28       407       379         3
37       404       367         6
401       405         4         5
406       408         2         2
42       404       362         6
390       400        10        10
394       403         9         7
401       407         6         3
264       399       135        11
394       409        15         1
38       408       370         2
406       409         3         1
404       406         2         4
378       409        31         1
223       403       180         7
222       406       184         4
175       403       228         7
402       409         7         1
393       403        10         7
401       407         6         3
394       406        12         4
404       408         4         2
175       385       210        25
376       397        21        13
397       407        10         3
397       404         7         6
405       406         1         4
407       408         1         2
207       300        93       110
166       408       242         2
399       407         8         3
400       409         9         1
406       408         2         2
