193       326       133        14
318       323         5        17
329       339        10         1
18       339       321         1
328       338        10         2
298       335        37         5
321       325         4        15
330       339         9         1
336       339         3         1
328       337         9         3
337       339         2         1
336       339         3         1
332       338         6         2
321       328         7        12
327       328         1        12
337       338         1         2
338       339         1         1
328       330         2        10
322       334        12         6
208       327       119        13
292       332        40         8
163       312       149        28
179       321       142        19
335       339         4         1
24       337       313         3
322       335        13         5
333       336         3         4
331       335         4         5
331       337         6         3
27       329       302        11
303       336        33         4
335       339         4         1
304       316        12        24
314       330        16        10
336       338         2         2
335       339         4         1
335       336         1         4
323       337        14         3
333       339         6         1
328       338        10         2
22       324       302        16
322       338        16         2
325       335        10         5
328       335         7         5
338       339         1         1
321       333        12         7
321       335        14         5
314       335        21         5
333       339         6         1
332       335         3         5
331       335         4         5
321       338        17         2
177       335       158         5
336       337         1         3
332       336         4         4
209       339       130         1
324       335        11         5
320       335        15         5
333       339         6         1
29       330       301        10
312       318         6        22
322       338        16         2
332       336         4         4
330       338         8         2
309       334        25         6
328       335         7         5
309       322        13        18
297       337        40         3
324       326         2        14
277       327        50        13
322       325         3        15
329       332         3         8
314       315         1        25
326       338        12         2
338       339         1         1
319       327         8        13
279       326        47        14
24       333       309         7
330       332         2         8
331       339         8         1
203       323       120        17
333       339         6         1
332       336         4         4
334       337         3         3
28       339       311         1
276       338        62         2
327       333         6         7
22        26         4       314
317       325         8        15
331       337         6         3
24       336       312         4
196       331       135         9
333       337         4         3
3       337       334         3
334       339         5         1
330       338         8         2
329       333         4         7
329       330         1        10
321       337        16         3
327       334         7         6
330       338         8         2
314       329        15        11
327       332         5         8
324       328         4        12
318       328        10        12
29       321       292        19
328       336         8         4
330       335         5         5
322       335        13         5
336       337         1         3
328       337         9         3
267       337        70         3
329       333         4         7
324       332         8         8
315       337        22         3
204       334       130         6
333       334         1         6
333       339         6         1
331       337         6         3
172       332       160         8
332       333         1         7
28       331       303         9
326       328         2        12
329       338         9         2
320       337        17         3
331       337         6         3
307       336        29         4
319       322         3        18
19       329       310        11
24       289       265        51
316       338        22         2
330       339         9         1
319       329        10        11
310       324        14        16
332       335         3         5
337       338         1         2
337       339         2         1
329       338         9         2
322       335        13         5
337       339         2         1
335       337         2         3
194       334       140         6
197       333       136         7
206       317       111        23
326       334         8         6
337       338         1         2
325       326         1        14
337       338         1         2
202       338       136         2
311       338        27         2
314       339        25         1
329       335         6         5
334       336         2         4
319       338        19         2
335       337         2         3
324       337        13         3
323       333        10         7
337       338         1         2
26       330       304        10
325       337        12         3
328       337         9         3
177       316       139        24
331       335         4         5
205       328       123        12
336       339         3         1
307       319        12        21
25       327       302        13
313       339        26         1
335       339         4         1
322       329         7        11
309       337        28         3
21       329       308        11
334       337         3         3
321       333        12         7
334       335         1         5
326       333         7         7
330       335         5         5
334       335         1         5
322       330         8        10
331       338         7         2
309       332        23         8
313       337        24         3
323       329         6        11
331       334         3         6
338       339         1         1
170       333       163         7
28       317       289        23
19       310       291        30
304       317        13        23
319       335        16         5
315       328        13        12
175       339       164         1
21       327       306        13
310       338        28         2
288       327        39        13
27        29         2       311
315       320         5        20
327       330         3        10
319       335        16         5
337       339         2         1
332       335         3         5
302       322        20        18
305       317        12        23
334       338         4         2
332       339         7         1
27       339       312         1
308       327        19        13
325       329         4        11
304       334        30         6
325       339        14         1
309       337        28         3
316       339        23         1
323       334        11         6
325       337        12         3
333       334         1         6
322       338        16         2
321       327         6        13
8       335       327         5
330       337         7         3
326       334         8         6
324       333         9         7
320       334        14         6
336       337         1         3
179       334       155         6
336       337         1         3
322       337        15         3
316       334        18         6
328       339        11         1
335       336         1         4
25       321       296        19
321       331        10         9
333       334         1         6
334       337         3         3
338       339         1         1
298       322        24        18
28       339       311         1
313       318         5        22
308       318        10        22
200       321       121        19
318       320         2        20
334       337         3         3
332       337         5         3
331       339         8         1
323       332         9         8
295       313        18        27
329       331         2         9
338       339         1         1
327       336         9         4
335       339         4         1
319       322         3        18
338       339         1         1
10       337       327         3
307       311         4        29
333       338         5         2
314       337        23         3
335       338         3         2
312       327        15        13
332       338         6         2
327       333         6         7
320       335        15         5
338       339         1         1
311       330        19        10
332       337         5         3
179       337       158         3
337       338         1         2
338       339         1         1
327       339        12         1
29       339       310         1
330       336         6         4
332       339         7         1
330       336         6         4
315       323         8        17
322       327         5        13
322       337        15         3
327       339        12         1
320       326         6        14
176       329       153        11
334       338         4         2
334       338         4         2
332       339         7         1
335       339         4         1
328       330         2        10
307       339        32         1
24       330       306        10
331       338         7         2
328       339        11         1
178       333       155         7
333       335         2         5
11       333       322         7
333       337         4         3
29       327       298        13
24       322       298        18
334       339         5         1
307       329        22        11
303       307         4        33
325       335        10         5
323       339        16         1
308       321        13        19
324       338        14         2
325       338        13         2
308       318        10        22
175       334       159         6
332       338         6         2
328       332         4         8
328       332         4         8
13       330       317        10
336       337         1         3
333       337         4         3
171       337       166         3
334       339         5         1
330       333         3         7
335       339         4         1
24       327       303        13
321       335        14         5
295       320        25        20
319       339        20         1
331       336         5         4
329       337         8         3
300       337        37         3
335       337         2         3
335       337         2         3
324       331         7         9
332       334         2         6
319       334        15         6
320       339        19         1
328       333         5         7
321       335        14         5
328       336         8         4
334       339         5         1
318       320         2        20
176       330       154        10
329       331         2         9
303       313        10        27
24       307       283        33
316       335        19         5
324       337        13         3
325       331         6         9
315       329        14        11
325       334         9         6
168       327       159        13
327       334         7         6
336       339         3         1
209       331       122         9
329       337         8         3
323       339        16         1
327       337        10         3
298       339        41         1
320       336        16         4
318       328        10        12
19       330       311        10
202       337       135         3
336       338         2         2
338       339         1         1
302       325        23        15
336       339         3         1
328       332         4         8
297       339        42         1
24       336       312         4
320       324         4        16
328       333         5         7
316       329        13        11
330       337         7         3
332       337         5         3
203       335       132         5
326       327         1        13
323       330         7        10
323       339        16         1
316       337        21         3
320       328         8        12
164       339       175         1
314       318         4        22
333       339         6         1
332       337         5         3
335       338         3         2
14       335       321         5
333       335         2         5
179       328       149        12
185       338       153         2
333       335         2         5
335       339         4         1
281       337        56         3
333       337         4         3
333       338         5         2
160       333       173         7
334       335         1         5
303       311         8        29
332       333         1         7
26       186       160       154
311       330        19        10
338       339         1         1
324       337        13         3
336       338         2         2
298       311        13        29
327       337        10         3
320       328         8        12
25       338       313         2
325       339        14         1
306       323        17        17
337       339         2         1
28       338       310         2
29       310       281        30
315       331        16         9
332       337         5         3
331       337         6         3
27       338       311         2
311       331        20         9
309       337        28         3
320       338        18         2
312       327        15        13
314       315         1        25
336       339         3         1
315       327        12        13
332       334         2         6
323       325         2        15
322       325         3        15
333       339         6         1
334       338         4         2
23       337       314         3
318       339        21         1
320       327         7        13
338       339         1         1
326       336        10         4
325       326         1        14
324       325         1        15
324       337        13         3
26       335       309         5
333       338         5         2
334       335         1         5
336       339         3         1
321       322         1        18
315       336        21         4
333       339         6         1
327       335         8         5
338       339         1         1
326       331         5         9
328       333         5         7
324       338        14         2
28       336       308         4
334       339         5         1
337       338         1         2
316       339        23         1
171       333       162         7
330       334         4         6
315       331        16         9
322       326         4        14
289       312        23        28
323       329         6        11
332       339         7         1
160       339       179         1
29       333       304         7
318       327         9        13
331       335         4         5
336       339         3         1
335       336         1         4
175       337       162         3
321       327         6        13
163       337       174         3
318       336        18         4
323       337        14         3
337       338         1         2
336       339         3         1
315       339        24         1
314       315         1        25
296       299         3        41
11       336       325         4
327       332         5         8
338       339         1         1
323       331         8         9
179       336       157         4
334       339         5         1
198       323       125        17
327       334         7         6
335       339         4         1
333       334         1         6
324       328         4        12
336       338         2         2
301       327        26        13
303       329        26        11
323       326         3        14
325       328         3        12
306       335        29         5
209       333       124         7
316       326        10        14
335       339         4         1
332       333         1         7
319       333        14         7
328       336         8         4
25       336       311         4
331       339         8         1
328       329         1        11
310       331        21         9
332       337         5         3
299       329        30        11
326       337        11         3
308       333        25         7
325       335        10         5
22       336       314         4
324       334        10         6
312       333        21         7
307       335        28         5
331       339         8         1
24       332       308         8
311       333        22         7
324       330         6        10
330       338         8         2
281       319        38        21
332       335         3         5
22       333       311         7
326       331         5         9
26       334       308         6
29       337       308         3
330       336         6         4
331       338         7         2
319       325         6        15
331       338         7         2
331       339         8         1
334       336         2         4
328       338        10         2
161       339       178         1
326       332         6         8
326       337        11         3
334       338         4         2
209       338       129         2
324       331         7         9
329       339        10         1
319       333        14         7
320       337        17         3
324       328         4        12
331       335         4         5
315       334        19         6
332       334         2         6
333       338         5         2
29       336       307         4
313       326        13        14
324       329         5        11
322       338        16         2
312       321         9        19
179       338       159         2
165       339       174         1
327       339        12         1
336       339         3         1
320       336        16         4
314       316         2        24
22       331       309         9
198       327       129        13
28       310       282        30
316       336        20         4
205       328       123        12
316       336        20         4
333       338         5         2
320       324         4        16
316       330        14        10
324       331         7         9
15       318       303        22
315       338        23         2
179       321       142        19
325       332         7         8
330       334         4         6
318       326         8        14
335       339         4         1
338       339         1         1
329       339        10         1
334       336         2         4
19       327       308        13
18       339       321         1
177       326       149        14
28       320       292        20
330       337         7         3
320       338        18         2
332       334         2         6
335       336         1         4
337       338         1         2
326       331         5         9
18       316       298        24
204       335       131         5
336       339         3         1
11       339       328         1
337       338         1         2
328       337         9         3
327       328         1        12
178       324       146        16
308       332        24         8
333       337         4         3
13       316       303        24
333       338         5         2
322       333        11         7
25       323       298        17
179       329       150        11
27       338       311         2
23       334       311         6
27       326       299        14
322       332        10         8
332       337         5         3
324       337        13         3
338       339         1         1
317       329        12        11
331       336         5         4
331       333         2         7
26       320       294        20
17       331       314         9
14       322       308        18
338       339         1         1
324       335        11         5
329       338         9         2
316       339        23         1
337       339         2         1
311       314         3        26
321       332        11         8
334       337         3         3
328       335         7         5
28       337       309         3
317       333        16         7
317       338        21         2
325       331         6         9
321       325         4        15
15       339       324         1
321       337        16         3
312       327        15        13
317       338        21         2
185       206        21       134
315       320         5        20
324       333         9         7
325       336        11         4
295       339        44         1
325       333         8         7
329       333         4         7
334       339         5         1
331       339         8         1
333       338         5         2
314       319         5        21
168       339       171         1
310       334        24         6
28       335       307         5
313       317         4        23
331       336         5         4
329       338         9         2
334       337         3         3
26       321       295        19
337       339         2         1
337       339         2         1
325       333         8         7
312       336        24         4
329       339        10         1
334       337         3         3
313       318         5        22
337       338         1         2
300       328        28        12
165       309       144        31
330       339         9         1
24       338       314         2
26       325       299        15
336       337         1         3
28       301       273        39
327       333         6         7
325       331         6         9
327       334         7         6
315       319         4        21
29       331       302         9
323       333        10         7
335       339         4         1
323       336        13         4
322       336        14         4
327       338        11         2
330       337         7         3
328       333         5         7
324       338        14         2
165       336       171         4
333       337         4         3
333       335         2         5
337       339         2         1
320       337        17         3
330       337         7         3
331       339         8         1
338       339         1         1
335       336         1         4
324       329         5        11
334       336         2         4
16       324       308        16
337       338         1         2
329       339        10         1
326       327         1        13
326       337        11         3
29       318       289        22
328       339        11         1
178       330       152        10
164       334       170         6
313       330        17        10
336       339         3         1
15       338       323         2
330       334         4         6
27       327       300        13
328       333         5         7
319       335        16         5
320       324         4        16
28       337       309         3
335       336         1         4
321       327         6        13
330       333         3         7
316       328        12        12
321       323         2        17
316       320         4        20
303       339        36         1
171       323       152        17
329       338         9         2
338       339         1         1
333       339         6         1
315       332        17         8
177       315       138        25
319       333        14         7
29       339       310         1
318       321         3        19
29       331       302         9
333       334         1         6
285       330        45        10
318       334        16         6
209       337       128         3
326       327         1        13
202       317       115        23
313       331        18         9
314       337        23         3
25       299       274        41
334       337         3         3
24       176       152       164
188       315       127        25
330       338         8         2
314       339        25         1
322       323         1        17
318       321         3        19
327       337        10         3
318       327         9        13
324       332         8         8
176       322       146        18
335       337         2         3
332       339         7         1
321       332        11         8
337       339         2         1
19       315       296        25
324       334        10         6
327       338        11         2
309       338        29         2
329       339        10         1
286       319        33        21
208       332       124         8
319       335        16         5
297       308        11        32
330       338         8         2
28       332       304         8
177       336       159         4
14       335       321         5
319       331        12         9
332       337         5         3
330       338         8         2
332       339         7         1
334       337         3         3
329       339        10         1
329       334         5         6
196       314       118        26
328       337         9         3
197       338       141         2
29       339       310         1
332       333         1         7
190       319       129        21
316       331        15         9
327       331         4         9
322       336        14         4
309       322        13        18
172       338       166         2
12       337       325         3
336       339         3         1
320       326         6        14
337       339         2         1
324       325         1        15
305       316        11        24
329       335         6         5
313       338        25         2
320       336        16         4
312       338        26         2
322       325         3        15
326       331         5         9
313       334        21         6
331       336         5         4
332       335         3         5
321       334        13         6
313       336        23         4
319       327         8        13
327       336         9         4
19       317       298        23
329       338         9         2
337       339         2         1
173       322       149        18
335       336         1         4
13       328       315        12
327       334         7         6
332       334         2         6
21       328       307        12
203       339       136         1
297       331        34         9
315       332        17         8
319       339        20         1
333       338         5         2
206       334       128         6
27       331       304         9
320       327         7        13
326       338        12         2
334       336         2         4
315       322         7        18
179       339       160         1
321       333        12         7
321       332        11         8
316       325         9        15
336       337         1         3
28       338       310         2
27       329       302        11
316       321         5        19
336       337         1         3
209       337       128         3
323       336        13         4
305       310         5        30
333       336         3         4
335       339         4         1
11       167       156       173
317       338        21         2
306       333        27         7
325       328         3        12
328       336         8         4
327       337        10         3
324       332         8         8
313       339        26         1
333       338         5         2
333       338         5         2
26       333       307         7
330       333         3         7
311       338        27         2
330       333         3         7
176       334       158         6
334       338         4         2
330       339         9         1
335       339         4         1
326       338        12         2
332       338         6         2
337       339         2         1
297       339        42         1
335       338         3         2
330       338         8         2
179       337       158         3
335       337         2         3
321       331        10         9
25       337       312         3
326       330         4        10
314       336        22         4
327       336         9         4
338       339         1         1
288       335        47         5
316       333        17         7
323       325         2        15
313       324        11        16
326       328         2        12
338       339         1         1
309       338        29         2
208       323       115        17
28       325       297        15
332       339         7         1
334       337         3         3
26       322       296        18
312       333        21         7
322       337        15         3
331       333         2         7
323       327         4        13
303       319        16        21
337       338         1         2
335       337         2         3
309       335        26         5
338       339         1         1
330       334         4         6
319       336        17         4
330       339         9         1
330       339         9         1
329       339        10         1
312       331        19         9
322       339        17         1
25       333       308         7
329       332         3         8
173       338       165         2
189       339       150         1
331       334         3         6
201       330       129        10
328       332         4         8
321       324         3        16
332       335         3         5
310       330        20        10
322       324         2        16
329       334         5         6
330       335         5         5
318       336        18         4
324       334        10         6
330       336         6         4
327       333         6         7
327       331         4         9
300       336        36         4
329       336         7         4
337       339         2         1
322       335        13         5
319       335        16         5
313       315         2        25
311       332        21         8
333       337         4         3
316       334        18         6
27       332       305         8
331       334         3         6
321       331        10         9
334       339         5         1
333       339         6         1
323       328         5        12
329       339        10         1
319       321         2        19
319       324         5        16
336       339         3         1
314       335        21         5
337       339         2         1
302       335        33         5
331       335         4         5
328       330         2        10
304       323        19        17
324       337        13         3
327       328         1        12
332       338         6         2
329       331         2         9
209       335       126         5
329       336         7         4
325       331         6         9
207       337       130         3
337       339         2         1
316       336        20         4
204       330       126        10
8       335       327         5
333       338         5         2
318       325         7        15
168       339       171         1
333       334         1         6
313       333        20         7
305       323        18        17
328       336         8         4
329       335         6         5
27       334       307         6
337       338         1         2
305       310         5        30
330       336         6         4
320       323         3        17
336       337         1         3
27       206       179       134
337       338         1         2
328       339        11         1
314       324        10        16
325       333         8         7
332       338         6         2
325       336        11         4
328       329         1        11
207       338       131         2
288       334        46         6
336       338         2         2
323       331         8         9
332       335         3         5
338       339         1         1
323       331         8         9
22       333       311         7
337       339         2         1
324       337        13         3
334       339         5         1
23       327       304        13
338       339         1         1
316       335        19         5
331       338         7         2
324       338        14         2
330       334         4         6
329       338         9         2
330       338         8         2
326       328         2        12
318       332        14         8
29       324       295        16
177       337       160         3
332       333         1         7
164       335       171         5
332       337         5         3
314       331        17         9
289       330        41        10
315       318         3        22
321       337        16         3
331       339         8         1
329       331         2         9
324       339        15         1
316       338        22         2
329       335         6         5
318       333        15         7
330       334         4         6
199       321       122        19
337       338         1         2
330       337         7         3
199       322       123        18
334       336         2         4
336       338         2         2
