267       288        21         4
264       268         4        24
26       275       249        17
254       288        34         4
272       288        16         4
284       286         2         6
286       290         4         2
286       287         1         5
32       287       255         5
280       281         1        11
290       291         1         1
282       291         9         1
267       290        23         2
276       279         3        13
283       286         3         6
281       291        10         1
288       291         3         1
258       273        15        19
284       289         5         3
33       290       257         2
271       289        18         3
280       291        11         1
285       286         1         6
24       287       263         5
281       287         6         5
275       278         3        14
285       290         5         2
4       290       286         2
275       289        14         3
274       278         4        14
276       291        15         1
274       275         1        17
273       285        12         7
274       288        14         4
289       291         2         1
26       284       258         8
285       290         5         2
282       286         4         6
23       281       258        11
286       288         2         4
290       291         1         1
283       289         6         3
282       283         1         9
289       290         1         2
278       282         4        10
289       291         2         1
277       288        11         4
282       291         9         1
284       289         5         3
271       282        11        10
270       289        19         3
22       244       222        48
286       288         2         4
278       281         3        11
285       291         6         1
289       290         1         2
288       289         1         3
286       289         3         3
269       284        15         8
277       286         9         6
274       291        17         1
283       289         6         3
265       289        24         3
287       288         1         4
282       283         1         9
167       283       116         9
275       286        11         6
163       285       122         7
286       288         2         4
237       277        40        15
271       284        13         8
290       291         1         1
274       286        12         6
282       289         7         3
275       277         2        15
280       287         7         5
264       290        26         2
273       291        18         1
13       291       278         1
260       270        10        22
279       283         4         9
269       291        22         1
283       287         4         5
285       291         6         1
279       281         2        11
290       291         1         1
286       288         2         4
31       285       254         7
26        29         3       263
280       284         4         8
280       291        11         1
260       287        27         5
287       291         4         1
288       290         2         2
289       291         2         1
263       291        28         1
286       291         5         1
282       289         7         3
261       289        28         3
285       291         6         1
32       290       258         2
243       286        43         6
285       291         6         1
32       289       257         3
287       291         4         1
289       291         2         1
280       285         5         7
276       289        13         3
277       280         3        12
260       290        30         2
284       288         4         4
282       284         2         8
271       288        17         4
285       290         5         2
286       291         5         1
276       288        12         4
286       290         4         2
268       291        23         1
266       291        25         1
272       290        18         2
286       291         5         1
287       289         2         3
28       265       237        27
275       283         8         9
282       285         3         7
276       286        10         6
281       290         9         2
161       280       119        12
288       290         2         2
276       284         8         8
280       284         4         8
257       287        30         5
285       289         4         3
276       289        13         3
282       285         3         7
287       291         4         1
275       287        12         5
17       290       273         2
248       287        39         5
287       288         1         4
287       290         3         2
280       286         6         6
285       286         1         6
23       280       257        12
283       284         1         8
28       290       262         2
288       290         2         2
277       280         3        12
290       291         1         1
285       288         3         4
276       283         7         9
263       286        23         6
287       288         1         4
280       283         3         9
273       288        15         4
273       283        10         9
290       291         1         1
33       291       258         1
284       289         5         3
26       282       256        10
287       289         2         3
267       286        19         6
281       289         8         3
289       290         1         2
285       289         4         3
20       288       268         4
274       289        15         3
286       288         2         4
165       289       124         3
273       277         4        15
275       288        13         4
286       291         5         1
287       290         3         2
280       284         4         8
286       288         2         4
31        32         1       260
275       285        10         7
166       291       125         1
282       284         2         8
279       285         6         7
284       288         4         4
33       281       248        11
262       285        23         7
288       289         1         3
266       285        19         7
275       289        14         3
284       291         7         1
166       290       124         2
281       287         6         5
287       291         4         1
28       280       252        12
265       278        13        14
282       287         5         5
158       290       132         2
276       288        12         4
274       277         3        15
285       290         5         2
277       287        10         5
275       291        16         1
22       289       267         3
287       289         2         3
269       290        21         2
271       291        20         1
275       283         8         9
255       290        35         2
290       291         1         1
279       291        12         1
275       291        16         1
288       289         1         3
271       290        19         2
274       285        11         7
277       291        14         1
257       288        31         4
265       283        18         9
283       290         7         2
266       286        20         6
287       289         2         3
275       286        11         6
273       290        17         2
277       286         9         6
279       289        10         3
265       288        23         4
10       291       281         1
277       287        10         5
256       285        29         7
288       289         1         3
265       283        18         9
278       291        13         1
276       283         7         9
290       291         1         1
272       288        16         4
282       285         3         7
285       288         3         4
274       275         1        17
288       291         3         1
272       288        16         4
257       288        31         4
275       288        13         4
270       287        17         5
287       289         2         3
266       290        24         2
282       286         4         6
285       291         6         1
290       291         1         1
261       266         5        26
277       282         5        10
278       290        12         2
273       287        14         5
273       286        13         6
28       269       241        23
263       289        26         3
273       274         1        18
285       288         3         4
273       281         8        11
279       284         5         8
30       288       258         4
276       288        12         4
286       291         5         1
277       287        10         5
20       289       269         3
277       290        13         2
290       291         1         1
285       286         1         6
279       283         4         9
288       291         3         1
28       280       252        12
283       291         8         1
279       281         2        11
278       287         9         5
287       290         3         2
289       290         1         2
273       289        16         3
287       288         1         4
283       291         8         1
273       287        14         5
251       288        37         4
284       286         2         6
279       291        12         1
268       280        12        12
290       291         1         1
285       286         1         6
286       291         5         1
288       291         3         1
264       283        19         9
166       290       124         2
274       283         9         9
270       287        17         5
281       289         8         3
274       286        12         6
25       238       213        54
259       290        31         2
279       286         7         6
29       289       260         3
273       291        18         1
33       278       245        14
273       291        18         1
275       282         7        10
258       279        21        13
283       285         2         7
288       291         3         1
285       286         1         6
273       278         5        14
282       284         2         8
284       289         5         3
276       284         8         8
285       289         4         3
259       285        26         7
283       290         7         2
286       291         5         1
289       290         1         2
287       291         4         1
25       289       264         3
31       282       251        10
268       291        23         1
288       291         3         1
284       287         3         5
32       280       248        12
31       290       259         2
288       289         1         3
282       289         7         3
273       287        14         5
270       284        14         8
282       287         5         5
288       291         3         1
282       287         5         5
18       289       271         3
272       290        18         2
271       282        11        10
287       291         4         1
276       285         9         7
25       289       264         3
270       289        19         3
281       291        10         1
273       291        18         1
33       291       258         1
274       290        16         2
279       280         1        12
283       285         2         7
277       287        10         5
276       280         4        12
22       228       206        64
287       289         2         3
285       287         2         5
169       290       121         2
258       288        30         4
284       289         5         3
273       276         3        16
33       290       257         2
278       282         4        10
280       285         5         7
272       291        19         1
269       284        15         8
286       289         3         3
284       291         7         1
282       284         2         8
13       260       247        32
270       287        17         5
287       291         4         1
287       288         1         4
290       291         1         1
279       289        10         3
267       270         3        22
286       291         5         1
277       286         9         6
32       291       259         1
278       285         7         7
266       291        25         1
275       290        15         2
268       287        19         5
165       259        94        33
278       281         3        11
252       286        34         6
289       291         2         1
280       287         7         5
284       291         7         1
287       290         3         2
282       290         8         2
282       291         9         1
284       290         6         2
282       283         1         9
285       286         1         6
286       287         1         5
282       290         8         2
275       285        10         7
290       291         1         1
268       285        17         7
169       286       117         6
278       289        11         3
286       289         3         3
290       291         1         1
279       291        12         1
285       291         6         1
280       287         7         5
282       290         8         2
282       283         1         9
254       289        35         3
246       286        40         6
32       287       255         5
275       290        15         2
287       288         1         4
288       291         3         1
275       291        16         1
33       290       257         2
269       281        12        11
261       273        12        19
267       289        22         3
279       291        12         1
274       285        11         7
270       288        18         4
259       281        22        11
289       291         2         1
282       287         5         5
278       291        13         1
286       288         2         4
289       291         2         1
286       290         4         2
263       289        26         3
260       286        26         6
284       286         2         6
272       288        16         4
2       267       265        25
29       290       261         2
284       288         4         4
285       289         4         3
279       290        11         2
288       291         3         1
274       282         8        10
288       289         1         3
284       290         6         2
279       289        10         3
273       283        10         9
283       289         6         3
28       287       259         5
284       291         7         1
156       289       133         3
236       290        54         2
281       291        10         1
28       277       249        15
273       288        15         4
9       290       281         2
23       290       267         2
29       279       250        13
290       291         1         1
270       289        19         3
273       285        12         7
284       285         1         7
281       285         4         7
23       282       259        10
284       291         7         1
280       287         7         5
164       265       101        27
284       285         1         7
290       291         1         1
283       284         1         8
280       286         6         6
285       287         2         5
280       283         3         9
270       278         8        14
252       290        38         2
28       286       258         6
259       280        21        12
28       291       263         1
30       285       255         7
283       289         6         3
272       288        16         4
25       275       250        17
279       289        10         3
286       291         5         1
269       278         9        14
262       276        14        16
288       290         2         2
289       290         1         2
287       291         4         1
168       288       120         4
278       279         1        13
288       291         3         1
262       288        26         4
284       287         3         5
271       282        11        10
284       285         1         7
264       286        22         6
282       289         7         3
262       266         4        26
282       287         5         5
29       267       238        25
267       271         4        21
274       283         9         9
280       286         6         6
268       281        13        11
259       286        27         6
30       289       259         3
290       291         1         1
284       290         6         2
269       282        13        10
278       289        11         3
264       287        23         5
284       288         4         4
274       280         6        12
276       290        14         2
288       290         2         2
269       277         8        15
288       291         3         1
277       278         1        14
286       288         2         4
28       277       249        15
275       289        14         3
285       290         5         2
15       291       276         1
274       289        15         3
281       284         3         8
279       282         3        10
31       262       231        30
283       284         1         8
286       291         5         1
28       288       260         4
284       291         7         1
23       287       264         5
268       291        23         1
290       291         1         1
284       290         6         2
284       287         3         5
282       289         7         3
279       282         3        10
32       282       250        10
267       288        21         4
290       291         1         1
282       286         4         6
31       272       241        20
29       289       260         3
288       289         1         3
161       284       123         8
288       291         3         1
287       291         4         1
278       285         7         7
272       280         8        12
274       289        15         3
278       285         7         7
284       286         2         6
285       291         6         1
281       291        10         1
32       280       248        12
167       288       121         4
284       289         5         3
27       290       263         2
283       284         1         8
271       284        13         8
284       287         3         5
238       271        33        21
285       289         4         3
283       287         4         5
287       291         4         1
277       291        14         1
278       283         5         9
32       277       245        15
32       274       242        18
160       287       127         5
20       282       262        10
28       283       255         9
28       291       263         1
19       284       265         8
281       291        10         1
274       286        12         6
273       277         4        15
280       291        11         1
282       287         5         5
283       291         8         1
252       290        38         2
285       287         2         5
283       286         3         6
282       286         4         6
282       290         8         2
281       283         2         9
28       288       260         4
268       273         5        19
276       291        15         1
276       291        15         1
278       282         4        10
277       283         6         9
277       286         9         6
282       287         5         5
278       290        12         2
272       277         5        15
274       283         9         9
287       289         2         3
283       290         7         2
274       282         8        10
269       288        19         4
33       280       247        12
286       288         2         4
287       288         1         4
289       291         2         1
281       288         7         4
270       286        16         6
286       289         3         3
277       279         2        13
283       286         3         6
33       272       239        20
283       285         2         7
283       290         7         2
282       289         7         3
278       291        13         1
232       291        59         1
269       272         3        20
275       276         1        16
278       282         4        10
287       289         2         3
272       286        14         6
18       286       268         6
277       278         1        14
275       291        16         1
280       283         3         9
267       290        23         2
284       290         6         2
286       291         5         1
278       283         5         9
286       291         5         1
290       291         1         1
290       291         1         1
32       287       255         5
279       289        10         3
277       287        10         5
277       288        11         4
274       288        14         4
286       288         2         4
265       286        21         6
268       283        15         9
281       285         4         7
280       287         7         5
269       288        19         4
262       283        21         9
277       291        14         1
19       280       261        12
272       284        12         8
285       290         5         2
265       285        20         7
285       287         2         5
25       286       261         6
266       275         9        17
284       291         7         1
158       281       123        11
265       283        18         9
270       288        18         4
281       282         1        10
285       289         4         3
283       288         5         4
285       286         1         6
268       289        21         3
270       287        17         5
270       284        14         8
278       291        13         1
286       288         2         4
272       290        18         2
273       284        11         8
32       258       226        34
240       270        30        22
275       279         4        13
275       284         9         8
276       277         1        15
253       285        32         7
282       284         2         8
277       291        14         1
282       283         1         9
284       287         3         5
283       288         5         4
25       273       248        19
289       291         2         1
277       290        13         2
271       276         5        16
165       289       124         3
284       286         2         6
33       286       253         6
28       268       240        24
269       289        20         3
286       290         4         2
275       284         9         8
286       291         5         1
284       291         7         1
262       282        20        10
283       287         4         5
279       286         7         6
287       288         1         4
276       291        15         1
23       286       263         6
286       291         5         1
258       289        31         3
31       290       259         2
13       291       278         1
280       289         9         3
28       250       222        42
290       291         1         1
273       290        17         2
277       291        14         1
288       289         1         3
272       284        12         8
30       291       261         1
271       276         5        16
260       288        28         4
32       273       241        19
289       291         2         1
269       282        13        10
283       288         5         4
284       289         5         3
277       279         2        13
262       286        24         6
285       287         2         5
283       290         7         2
273       291        18         1
9       261       252        31
273       275         2        17
287       289         2         3
27       290       263         2
252       289        37         3
270       288        18         4
281       291        10         1
288       291         3         1
285       291         6         1
262       288        26         4
278       288        10         4
275       285        10         7
248       291        43         1
288       291         3         1
281       290         9         2
9       290       281         2
277       281         4        11
283       291         8         1
270       276         6        16
256       290        34         2
248       283        35         9
279       291        12         1
282       283         1         9
290       291         1         1
283       288         5         4
282       288         6         4
290       291         1         1
281       283         2         9
288       291         3         1
283       288         5         4
288       289         1         3
267       280        13        12
285       291         6         1
267       291        24         1
280       285         5         7
287       288         1         4
262       287        25         5
271       279         8        13
276       291        15         1
281       289         8         3
267       283        16         9
274       276         2        16
271       288        17         4
290       291         1         1
269       290        21         2
22       290       268         2
269       275         6        17
282       291         9         1
266       268         2        24
287       291         4         1
288       290         2         2
278       281         3        11
285       286         1         6
279       282         3        10
278       280         2        12
169       269       100        23
25       286       261         6
285       290         5         2
283       286         3         6
284       288         4         4
276       290        14         2
28       290       262         2
277       279         2        13
27       289       262         3
282       291         9         1
287       290         3         2
267       290        23         2
253       290        37         2
24       285       261         7
288       291         3         1
290       291         1         1
276       286        10         6
279       288         9         4
271       291        20         1
278       283         5         9
261       288        27         4
285       286         1         6
279       283         4         9
282       288         6         4
288       289         1         3
286       290         4         2
279       287         8         5
30       282       252        10
290       291         1         1
241       289        48         3
280       289         9         3
289       291         2         1
276       288        12         4
17       287       270         5
161       264       103        28
265       271         6        21
276       285         9         7
279       282         3        10
268       281        13        11
261       273        12        19
276       291        15         1
290       291         1         1
280       283         3         9
266       288        22         4
287       289         2         3
249       288        39         4
282       291         9         1
27       291       264         1
285       291         6         1
284       290         6         2
285       290         5         2
275       286        11         6
285       287         2         5
265       273         8        19
278       290        12         2
276       277         1        15
264       280        16        12
286       291         5         1
285       289         4         3
224       282        58        10
282       289         7         3
279       291        12         1
289       290         1         2
269       287        18         5
283       286         3         6
287       291         4         1
279       291        12         1
262       290        28         2
257       288        31         4
254       274        20        18
30       289       259         3
276       278         2        14
274       285        11         7
282       286         4         6
274       281         7        11
277       290        13         2
263       284        21         8
267       291        24         1
271       284        13         8
33       290       257         2
288       289         1         3
277       280         3        12
274       287        13         5
288       289         1         3
279       282         3        10
32       289       257         3
284       291         7         1
275       288        13         4
288       290         2         2
290       291         1         1
18       290       272         2
276       281         5        11
275       287        12         5
31       289       258         3
281       285         4         7
276       289        13         3
283       289         6         3
289       290         1         2
275       287        12         5
270       284        14         8
283       286         3         6
287       291         4         1
282       286         4         6
288       290         2         2
281       286         5         6
280       290        10         2
287       291         4         1
268       288        20         4
272       279         7        13
288       289         1         3
271       279         8        13
279       284         5         8
31       284       253         8
288       291         3         1
286       287         1         5
249       283        34         9
290       291         1         1
22       285       263         7
284       290         6         2
267       290        23         2
277       291        14         1
270       287        17         5
253       291        38         1
278       280         2        12
278       288        10         4
22       291       269         1
270       289        19         3
269       270         1        22
24       290       266         2
289       291         2         1
267       291        24         1
290       291         1         1
283       285         2         7
25       290       265         2
268       290        22         2
278       287         9         5
284       291         7         1
169       281       112        11
31       291       260         1
281       283         2         9
280       291        11         1
288       289         1         3
22       291       269         1
287       290         3         2
278       286         8         6
270       277         7        15
274       288        14         4
249       288        39         4
283       290         7         2
287       291         4         1
289       290         1         2
267       290        23         2
281       285         4         7
290       291         1         1
280       289         9         3
281       291        10         1
245       287        42         5
286       287         1         5
278       281         3        11
276       280         4        12
167       290       123         2
287       289         2         3
266       274         8        18
288       289         1         3
287       291         4         1
32       279       247        13
283       285         2         7
32       282       250        10
279       288         9         4
269       286        17         6
268       280        12        12
287       289         2         3
18       280       262        12
286       290         4         2
284       285         1         7
287       291         4         1
263       278        15        14
265       286        21         6
279       290        11         2
275       288        13         4
269       289        20         3
288       291         3         1
271       280         9        12
269       273         4        19
289       291         2         1
20       284       264         8
271       275         4        17
274       286        12         6
278       282         4        10
283       286         3         6
279       283         4         9
281       287         6         5
265       291        26         1
33       285       252         7
283       291         8         1
289       290         1         2
260       291        31         1
19       286       267         6
257       287        30         5
22       283       261         9
169       267        98        25
285       290         5         2
281       285         4         7
288       291         3         1
283       285         2         7
285       291         6         1
22       284       262         8
260       290        30         2
268       290        22         2
277       289        12         3
279       286         7         6
283       290         7         2
13       279       266        13
286       290         4         2
16       286       270         6
259       286        27         6
18       288       270         4
282       289         7         3
276       289        13         3
287       291         4         1
259       291        32         1
29       290       261         2
241       285        44         7
32       289       257         3
288       291         3         1
272       288        16         4
168       285       117         7
164       276       112        16
278       291        13         1
284       290         6         2
272       287        15         5
277       289        12         3
275       281         6        11
281       290         9         2
278       285         7         7
285       289         4         3
283       287         4         5
282       288         6         4
