319       325         6         5
317       329        12         1
328       329         1         1
323       326         3         4
320       328         8         2
311       318         7        12
207       325       118         5
324       328         4         2
22       293       271        37
315       327        12         3
325       326         1         4
326       329         3         1
326       329         3         1
307       320        13        10
318       325         7         5
303       315        12        15
325       327         2         3
305       328        23         2
315       317         2        13
325       327         2         3
326       329         3         1
327       328         1         2
16       321       305         9
324       329         5         1
326       328         2         2
319       327         8         3
327       328         1         2
324       326         2         4
319       323         4         7
317       319         2        11
300       324        24         6
309       316         7        14
298       321        23         9
305       312         7        18
323       326         3         4
308       322        14         8
310       328        18         2
316       317         1        13
325       329         4         1
320       323         3         7
27       309       282        21
25       329       304         1
166       326       160         4
319       328         9         2
326       329         3         1
310       321        11         9
316       328        12         2
322       326         4         4
167       310       143        20
23       304       281        26
321       324         3         6
189       328       139         2
313       321         8         9
316       327        11         3
316       327        11         3
306       311         5        19
308       310         2        20
12        15         3       315
314       329        15         1
311       325        14         5
318       328        10         2
324       327         3         3
322       326         4         4
324       329         5         1
209       328       119         2
309       320        11        10
302       329        27         1
317       322         5         8
313       319         6        11
327       329         2         1
327       328         1         2
27       329       302         1
325       328         3         2
318       324         6         6
317       329        12         1
324       328         4         2
317       327        10         3
205       322       117         8
305       309         4        21
199       327       128         3
312       319         7        11
308       318        10        12
314       322         8         8
314       326        12         4
321       324         3         6
308       318        10        12
18       328       310         2
320       328         8         2
306       329        23         1
311       322        11         8
298       310        12        20
322       329         7         1
316       319         3        11
303       324        21         6
317       322         5         8
320       323         3         7
322       324         2         6
322       325         3         5
319       329        10         1
308       327        19         3
315       323         8         7
300       315        15        15
204       326       122         4
327       328         1         2
324       327         3         3
324       328         4         2
319       329        10         1
324       325         1         5
307       324        17         6
310       314         4        16
326       327         1         3
316       322         6         8
201       321       120         9
316       328        12         2
29       322       293         8
319       328         9         2
20       323       303         7
297       306         9        24
318       329        11         1
320       328         8         2
321       323         2         7
303       322        19         8
310       323        13         7
321       323         2         7
298       328        30         2
313       314         1        16
320       329         9         1
328       329         1         1
21       328       307         2
320       325         5         5
316       319         3        11
320       323         3         7
321       324         3         6
326       329         3         1
21       327       306         3
327       329         2         1
328       329         1         1
318       329        11         1
327       329         2         1
316       323         7         7
29       328       299         2
314       327        13         3
326       327         1         3
27       325       298         5
29       320       291        10
319       329        10         1
323       329         6         1
26       209       183       121
322       329         7         1
204       328       124         2
317       323         6         7
301       323        22         7
12       325       313         5
323       328         5         2
313       322         9         8
317       319         2        11
295       328        33         2
293       329        36         1
321       327         6         3
306       327        21         3
308       314         6        16
324       326         2         4
321       326         5         4
301       312        11        18
328       329         1         1
11       329       318         1
323       327         4         3
310       315         5        15
326       329         3         1
301       321        20         9
200       322       122         8
206       326       120         4
323       327         4         3
326       329         3         1
26       321       295         9
324       328         4         2
12       329       317         1
315       322         7         8
328       329         1         1
207       314       107        16
322       325         3         5
319       327         8         3
313       327        14         3
324       327         3         3
318       320         2        10
314       329        15         1
26       326       300         4
327       329         2         1
320       327         7         3
5       320       315        10
328       329         1         1
322       328         6         2
316       327        11         3
312       321         9         9
208       315       107        15
328       329         1         1
327       328         1         2
325       326         1         4
311       314         3        16
320       325         5         5
300       317        17        13
324       326         2         4
314       320         6        10
320       323         3         7
327       329         2         1
324       329         5         1
298       323        25         7
13       328       315         2
313       324        11         6
323       325         2         5
323       327         4         3
320       325         5         5
17       324       307         6
325       327         2         3
328       329         1         1
317       322         5         8
320       321         1         9
321       327         6         3
327       329         2         1
188       327       139         3
311       315         4        15
314       317         3        13
327       328         1         2
16       326       310         4
28       323       295         7
324       329         5         1
296       324        28         6
312       328        16         2
206       327       121         3
321       327         6         3
318       327         9         3
23       317       294        13
317       320         3        10
302       315        13        15
327       329         2         1
315       316         1        14
298       329        31         1
318       329        11         1
316       326        10         4
27       328       301         2
304       325        21         5
310       318         8        12
22       321       299         9
315       322         7         8
313       325        12         5
325       329         4         1
328       329         1         1
24       325       301         5
324       328         4         2
315       320         5        10
301       313        12        17
323       327         4         3
315       329        14         1
312       317         5        13
321       325         4         5
29       315       286        15
320       326         6         4
201       309       108        21
178       314       136        16
318       320         2        10
327       328         1         2
325       328         3         2
312       326        14         4
315       319         4        11
311       323        12         7
202       315       113        15
24       321       297         9
312       321         9         9
325       326         1         4
314       320         6        10
324       328         4         2
284       326        42         4
308       316         8        14
321       327         6         3
289       325        36         5
306       329        23         1
312       321         9         9
315       323         8         7
21       312       291        18
320       329         9         1
289       308        19        22
278       311        33        19
320       328         8         2
324       325         1         5
308       317         9        13
317       327        10         3
303       323        20         7
312       318         6        12
325       326         1         4
324       327         3         3
319       329        10         1
310       313         3        17
311       325        14         5
312       329        17         1
29       322       293         8
313       316         3        14
9       317       308        13
320       329         9         1
328       329         1         1
326       327         1         3
321       329         8         1
317       329        12         1
307       309         2        21
319       327         8         3
314       323         9         7
323       329         6         1
312       322        10         8
308       312         4        18
315       324         9         6
11       326       315         4
303       324        21         6
307       316         9        14
26       173       147       157
318       321         3         9
28       325       297         5
21       309       288        21
308       329        21         1
21       323       302         7
321       327         6         3
322       328         6         2
23       323       300         7
208       319       111        11
326       327         1         3
322       329         7         1
326       328         2         2
320       325         5         5
323       327         4         3
203       319       116        11
327       328         1         2
313       325        12         5
301       329        28         1
313       328        15         2
325       328         3         2
11       208       197       122
297       325        28         5
204       325       121         5
179       327       148         3
29       328       299         2
322       325         3         5
302       310         8        20
319       326         7         4
307       315         8        15
302       310         8        20
324       325         1         5
310       323        13         7
323       328         5         2
177       311       134        19
13       328       315         2
170       312       142        18
322       326         4         4
321       329         8         1
25       308       283        22
194       323       129         7
299       320        21        10
306       320        14        10
317       325         8         5
308       315         7        15
209       321       112         9
306       312         6        18
302       329        27         1
27       327       300         3
177       322       145         8
207       321       114         9
208       311       103        19
319       323         4         7
302       303         1        27
24       324       300         6
324       326         2         4
313       320         7        10
318       329        11         1
315       320         5        10
309       326        17         4
324       325         1         5
308       316         8        14
321       328         7         2
311       319         8        11
307       327        20         3
323       325         2         5
305       318        13        12
294       327        33         3
317       322         5         8
209       322       113         8
326       327         1         3
302       305         3        25
328       329         1         1
317       320         3        10
324       329         5         1
310       328        18         2
304       324        20         6
207       326       119         4
320       325         5         5
309       327        18         3
327       329         2         1
323       328         5         2
312       321         9         9
327       328         1         2
170       328       158         2
322       326         4         4
178       304       126        26
302       307         5        23
306       307         1        23
324       325         1         5
317       327        10         3
290       319        29        11
203       328       125         2
326       329         3         1
29       323       294         7
311       320         9        10
314       328        14         2
165       327       162         3
171       329       158         1
310       322        12         8
318       325         7         5
323       329         6         1
179       323       144         7
319       322         3         8
323       325         2         5
291       326        35         4
320       321         1         9
23       325       302         5
290       323        33         7
172       319       147        11
313       315         2        15
324       329         5         1
304       307         3        23
201       319       118        11
310       317         7        13
325       328         3         2
309       324        15         6
308       319        11        11
324       326         2         4
304       321        17         9
321       325         4         5
311       320         9        10
307       320        13        10
305       328        23         2
308       327        19         3
319       323         4         7
328       329         1         1
321       327         6         3
317       324         7         6
298       329        31         1
318       327         9         3
310       319         9        11
323       326         3         4
299       320        21        10
312       326        14         4
209       302        93        28
26       329       303         1
311       318         7        12
304       319        15        11
304       318        14        12
16       329       313         1
324       327         3         3
205       327       122         3
310       321        11         9
322       328         6         2
25       329       304         1
178       313       135        17
322       326         4         4
280       321        41         9
309       314         5        16
207       328       121         2
193       327       134         3
21       209       188       121
26       326       300         4
316       328        12         2
321       322         1         8
310       328        18         2
310       325        15         5
315       328        13         2
287       321        34         9
321       329         8         1
323       328         5         2
22       327       305         3
319       329        10         1
28       326       298         4
323       329         6         1
300       327        27         3
319       322         3         8
314       326        12         4
174       318       144        12
309       310         1        20
306       319        13        11
328       329         1         1
296       310        14        20
325       327         2         3
204       315       111        15
313       327        14         3
319       321         2         9
312       324        12         6
201       322       121         8
321       327         6         3
323       328         5         2
325       327         2         3
317       329        12         1
311       325        14         5
311       315         4        15
16       328       312         2
201       326       125         4
327       328         1         2
327       328         1         2
319       321         2         9
324       329         5         1
306       317        11        13
323       329         6         1
319       329        10         1
325       329         4         1
25       329       304         1
209       329       120         1
325       329         4         1
298       323        25         7
164       312       148        18
294       323        29         7
323       328         5         2
326       329         3         1
328       329         1         1
327       328         1         2
306       310         4        20
317       325         8         5
303       313        10        17
291       310        19        20
328       329         1         1
328       329         1         1
310       328        18         2
317       325         8         5
327       329         2         1
316       319         3        11
297       321        24         9
295       327        32         3
26       329       303         1
313       323        10         7
321       327         6         3
314       319         5        11
305       318        13        12
17       324       307         6
323       329         6         1
318       319         1        11
319       321         2         9
324       329         5         1
322       328         6         2
297       322        25         8
29       293       264        37
320       329         9         1
175       322       147         8
206       328       122         2
311       316         5        14
176       326       150         4
322       327         5         3
321       322         1         8
21       326       305         4
327       329         2         1
323       328         5         2
307       329        22         1
23       326       303         4
310       329        19         1
322       326         4         4
27       323       296         7
323       328         5         2
175       329       154         1
313       322         9         8
178       327       149         3
313       325        12         5
311       323        12         7
326       329         3         1
326       327         1         3
312       329        17         1
302       326        24         4
311       314         3        16
176       317       141        13
28       329       301         1
323       325         2         5
317       322         5         8
318       329        11         1
314       326        12         4
295       327        32         3
322       327         5         3
326       329         3         1
318       329        11         1
314       328        14         2
324       329         5         1
28       326       298         4
29       329       300         1
289       329        40         1
303       318        15        12
311       329        18         1
15       311       296        19
321       326         5         4
306       307         1        23
6       329       323         1
173       329       156         1
325       326         1         4
316       325         9         5
286       319        33        11
327       328         1         2
299       329        30         1
309       327        18         3
317       318         1        12
294       329        35         1
294       306        12        24
313       328        15         2
325       328         3         2
314       317         3        13
290       329        39         1
315       324         9         6
311       313         2        17
159       311       152        19
327       328         1         2
313       329        16         1
319       327         8         3
315       327        12         3
315       323         8         7
324       329         5         1
312       315         3        15
327       328         1         2
29       309       280        21
322       325         3         5
20       328       308         2
22       325       303         5
308       326        18         4
319       323         4         7
328       329         1         1
321       326         5         4
314       322         8         8
19       329       310         1
321       328         7         2
306       308         2        22
15       312       297        18
29       317       288        13
320       326         6         4
308       321        13         9
320       321         1         9
301       322        21         8
319       329        10         1
28       327       299         3
29       323       294         7
167       316       149        14
323       328         5         2
302       314        12        16
310       313         3        17
209       325       116         5
28       319       291        11
297       324        27         6
321       323         2         7
302       303         1        27
323       327         4         3
25       310       285        20
300       306         6        24
320       323         3         7
311       327        16         3
315       324         9         6
323       328         5         2
27       325       298         5
320       327         7         3
294       325        31         5
324       329         5         1
313       323        10         7
318       321         3         9
322       327         5         3
316       323         7         7
316       327        11         3
289       318        29        12
310       324        14         6
321       326         5         4
318       328        10         2
322       328         6         2
312       322        10         8
310       324        14         6
327       328         1         2
319       323         4         7
324       329         5         1
308       325        17         5
322       326         4         4
310       326        16         4
313       322         9         8
322       323         1         7
316       321         5         9
28       298       270        32
312       325        13         5
323       324         1         6
317       323         6         7
307       324        17         6
312       321         9         9
20       329       309         1
201       326       125         4
319       325         6         5
26       314       288        16
19       326       307         4
306       308         2        22
10       317       307        13
327       329         2         1
27       322       295         8
319       321         2         9
176       327       151         3
303       317        14        13
276       307        31        23
317       324         7         6
29       325       296         5
319       323         4         7
322       329         7         1
24       323       299         7
325       327         2         3
205       327       122         3
312       328        16         2
167       317       150        13
322       327         5         3
298       312        14        18
292       328        36         2
304       327        23         3
306       328        22         2
315       316         1        14
310       329        19         1
321       326         5         4
320       325         5         5
208       326       118         4
21       317       296        13
320       328         8         2
321       324         3         6
303       306         3        24
304       314        10        16
326       329         3         1
310       320        10        10
319       328         9         2
315       326        11         4
302       325        23         5
324       329         5         1
317       321         4         9
326       327         1         3
316       328        12         2
321       327         6         3
13       327       314         3
312       327        15         3
1       328       327         2
204       324       120         6
326       328         2         2
201       324       123         6
20       328       308         2
316       317         1        13
187       320       133        10
319       323         4         7
324       329         5         1
326       329         3         1
11       329       318         1
326       328         2         2
169       305       136        25
173       317       144        13
324       327         3         3
312       322        10         8
319       326         7         4
327       329         2         1
317       320         3        10
319       328         9         2
304       318        14        12
314       327        13         3
323       325         2         5
26       320       294        10
320       323         3         7
318       321         3         9
179       322       143         8
298       325        27         5
325       326         1         4
206       329       123         1
174       328       154         2
313       320         7        10
323       327         4         3
306       324        18         6
316       327        11         3
328       329         1         1
179       318       139        12
324       327         3         3
301       310         9        20
317       323         6         7
326       328         2         2
310       311         1        19
29       209       180       121
325       328         3         2
301       308         7        22
324       327         3         3
18       319       301        11
322       324         2         6
327       328         1         2
311       329        18         1
2       308       306        22
306       313         7        17
316       320         4        10
328       329         1         1
321       324         3         6
174       320       146        10
327       329         2         1
327       328         1         2
321       326         5         4
325       326         1         4
303       316        13        14
322       325         3         5
315       329        14         1
25       321       296         9
316       318         2        12
317       326         9         4
325       328         3         2
318       319         1        11
324       326         2         4
326       328         2         2
311       312         1        18
315       316         1        14
319       321         2         9
317       318         1        12
318       322         4         8
326       328         2         2
315       321         6         9
304       316        12        14
18       319       301        11
317       329        12         1
317       323         6         7
316       322         6         8
296       312        16        18
296       326        30         4
25       317       292        13
317       321         4         9
205       329       124         1
176       328       152         2
317       319         2        11
175       318       143        12
178       317       139        13
307       328        21         2
314       328        14         2
315       323         8         7
174       328       154         2
290       307        17        23
285       329        44         1
319       322         3         8
317       327        10         3
28       326       298         4
309       323        14         7
286       316        30        14
315       329        14         1
317       329        12         1
285       328        43         2
317       323         6         7
315       323         8         7
320       324         4         6
312       322        10         8
306       315         9        15
326       329         3         1
319       326         7         4
310       311         1        19
318       319         1        11
305       324        19         6
301       326        25         4
321       327         6         3
320       323         3         7
318       320         2        10
322       329         7         1
313       329        16         1
327       329         2         1
325       326         1         4
328       329         1         1
308       325        17         5
325       329         4         1
320       326         6         4
323       328         5         2
27       327       300         3
325       328         3         2
310       328        18         2
293       326        33         4
24       309       285        21
320       323         3         7
326       329         3         1
8       315       307        15
327       329         2         1
171       301       130        29
328       329         1         1
173       320       147        10
316       320         4        10
321       329         8         1
313       323        10         7
172       325       153         5
311       323        12         7
310       311         1        19
322       326         4         4
323       326         3         4
322       325         3         5
327       329         2         1
27       309       282        21
318       327         9         3
19       314       295        16
321       326         5         4
310       317         7        13
315       318         3        12
318       327         9         3
318       328        10         2
322       329         7         1
294       322        28         8
324       328         4         2
314       322         8         8
196       323       127         7
321       325         4         5
328       329         1         1
314       316         2        14
304       328        24         2
323       324         1         6
306       314         8        16
316       326        10         4
325       329         4         1
319       327         8         3
301       318        17        12
29       308       279        22
327       329         2         1
315       329        14         1
326       329         3         1
175       317       142        13
326       328         2         2
320       326         6         4
316       322         6         8
318       326         8         4
320       322         2         8
320       323         3         7
315       317         2        13
320       329         9         1
305       316        11        14
301       328        27         2
305       324        19         6
6       322       316         8
322       329         7         1
306       326        20         4
324       327         3         3
318       328        10         2
307       315         8        15
317       318         1        12
327       329         2         1
314       317         3        13
328       329         1         1
325       327         2         3
175       313       138        17
323       325         2         5
316       324         8         6
312       321         9         9
283       322        39         8
24       320       296        10
325       327         2         3
11       328       317         2
319       328         9         2
322       328         6         2
318       323         5         7
3       319       316        11
319       320         1        10
325       329         4         1
29       321       292         9
297       304         7        26
311       324        13         6
318       329        11         1
26       311       285        19
325       328         3         2
316       319         3        11
323       327         4         3
318       326         8         4
312       319         7        11
290       328        38         2
304       305         1        25
303       308         5        22
326       329         3         1
302       313        11        17
304       319        15        11
304       329        25         1
298       328        30         2
308       317         9        13
314       318         4        12
174       316       142        14
288       317        29        13
328       329         1         1
325       329         4         1
324       329         5         1
319       328         9         2
322       325         3         5
1       328       327         2
309       321        12         9
202       319       117        11
204       312       108        18
312       316         4        14
320       328         8         2
327       329         2         1
309       316         7        14
323       324         1         6
304       314        10        16
324       325         1         5
315       316         1        14
317       322         5         8
309       325        16         5
319       325         6         5
317       320         3        10
295       316        21        14
320       326         6         4
325       327         2         3
310       316         6        14
27       319       292        11
323       327         4         3
29       304       275        26
324       329         5         1
313       328        15         2
311       326        15         4
323       324         1         6
