1681      1744      212      1939      83
127      100      1963      2106      21
1934      2048      87      2156      20
2014      2047      74      2061      45
1975      1979      11      1962      86
72      76      2010      2140      40
1136      1128      810      1908      154
2012      2038      19      2062      27
1371      1365      715      2096      18
2066      2018      30      2055      8
1912      1963      105      2127      65
1980      2014      79      2090      10
1996      2014      51      2050      46
1885      1944      137      2011      8
1933      1941      84      2077      36
1850      1860      188      2077      19
2129      1985      35      2038      11
161      164      1871      2098      13
161      156      1843      2081      57
1905      1874      130      2095      28
164      132      1978      2087      16
1973      2029      74      2065      9
1925      1907      68      2007      104
2069      2081      19      2097      51
2076      2024      30      2079      48
2025      1986      64      2084      6
1988      2036      74      2079      23
2011      1954      29      2064      68
1873      1765      240      2059      2
1136      1116      931      2043      33
1934      1956      77      2051      26
1943      1981      84      2007      18
2029      2039      26      2052      23
177      175      1978      2049      23
1880      1971      104      2078      6
152      167      1836      1964      81
2126      2057      17      2044      16
2094      2072      46      2071      4
2024      2054      6      1971      42
1984      2100      5      2085      10
185      204      1728      2081      83
171      172      1742      1918      177
1967      1863      161      2128      24
1961      1916      54      2045      98
2012      1993      47      2008      11
1845      1768      117      1883      151
147      135      1815      2006      109
2026      2047      5      2061      32
1408      1309      721      2133      18
2083      2117      8      2078      5
2069      2041      19      2022      50
2001      1992      70      2085      16
1987      1871      79      2014      87
1905      1901      155      2073      23
2020      2063      74      2035      3
2046      2058      20      2008      5
2048      2108      7      2089      14
943      967      1179      2069      19
2213      2119      25      2127      10
2008      2051      19      2109      29
148      154      1694      1892      197
1953      2052      96      2090      13
1924      1934      77      2121      20
154      144      1941      2114      27
2106      2113      10      2125      5
2116      2007      14      2023      51
1072      1092      973      2008      72
101      123      1786      1898      207
1962      1991      119      2146      8
1956      1932      57      1945      95
1983      1927      48      1948      105
2010      2098      53      2068      6
1961      1977      75      2176      13
2048      2001      33      2048      24
1959      1867      57      2024      55
2000      2020      36      1959      49
181      196      1973      2149      11
2021      1994      59      2103      4
1963      2053      59      2050      42
2113      2062      16      2122      32
1846      1915      140      2009      72
2000      2067      52      2084      27
2096      2003      22      2063      20
1986      2059      75      2065      7
2040      1906      10      2031      30
63      72      1800      1896      158
1979      1938      111      2137      54
2033      2186      4      2114      5
2058      2033      32      1999      63
2042      2076      24      2078      14
2005      2032      22      2017      50
1921      1946      7      2060      133
1932      1941      106      2088      9
2078      2027      12      2099      36
2048      2015      20      1937      87
135      106      1971      2088      12
2091      1941      59      2147      23
1833      1870      152      2094      53
1980      1990      26      2084      51
2032      2019      85      1968      7
2023      2028      3      2082      16
137      141      1927      2046      26
139      144      1950      2131      14
2062      1926      6      2059      90
933      979      1091      2049      13
1998      1973      88      2116      9
2089      2017      13      2093      10
1373      1349      703      2116      7
1980      2002      30      2164      11
1396      1346      707      2057      6
1336      1300      612      1927      170
2110      2066      16      2115      6
1914      1948      65      2062      36
1942      2042      66      2114      56
1955      1997      64      2132      32
2045      2048      13      2077      46
156      162      1829      1909      108
1324      1344      671      1984      61
943      1008      1009      1973      116
217      171      1912      2028      68
964      1022      969      2054      25
1911      1882      147      1962      48
129      114      1921      2086      31
1963      1812      134      2021      40
2024      2071      8      2043      39
2020      2009      29      2017      43
2008      1967      89      2121      6
1141      1139      878      1892      115
1943      1818      71      2049      57
2123      2035      33      2036      36
2030      2003      39      2051      17
2107      2036      43      2129      18
89      77      1792      1975      160
2016      1943      98      2071      23
1931      1808      133      2060      90
1979      1943      99      2044      59
1926      2042      54      2026      56
1948      1979      114      2052      35
2001      2044      72      2131      4
2064      2090      49      2044      2
1317      1368      707      1943      81
1139      1137      887      1976      59
2031      1988      4      2109      113
1885      1860      223      2037      2
181      178      2000      2035      46
1241      1162      856      1967      50
2108      2051      12      2120      10
2111      2023      6      2061      13
149      156      1918      2075      8
2097      2097      5      2111      4
2043      2000      42      1992      26
1985      1917      60      2106      69
2042      1959      105      2001      30
1948      1956      23      2005      122
1175      1137      854      2068      2
2050      2051      3      2074      22
2041      2021      58      2201      16
1924      2052      97      2080      10
2000      2030      63      1977      9
164      189      1864      2022      78
1970      1995      51      2097      56
1848      1839      152      1936      78
2122      2078      12      2218      10
2053      2139      11      2134      6
1874      1903      205      2097      20
1929      1915      108      1942      63
2075      2003      21      2093      67
1870      2023      8      1924      176
969      1012      1000      1981      91
2096      2104      11      2177      9
1875      1895      94      2053      98
1886      1937      78      2016      80
2022      2063      20      2070      24
1054      1119      958      2118      12
1833      1979      119      2100      10
2052      2031      4      2139      23
2060      1935      4      2044      44
1990      2052      29      2229      18
2026      1944      49      2010      35
2116      2023      3      2095      11
128      131      1960      2033      58
2048      2062      20      2042      14
1976      1957      80      2040      40
1974      1907      122      2080      28
160      185      1872      2034      26
2109      2034      6      2082      19
1155      1202      800      1966      122
1969      1942      95      2071      5
2089      2050      40      2046      15
1854      1913      26      1996      136
1946      2008      90      2041      62
2018      1958      9      2042      58
2012      2023      11      2031      63
2036      2097      19      2080      20
2055      1977      48      2058      39
1909      1989      25      2067      73
175      172      1934      2052      16
1873      1871      98      1948      161
2121      2127      18      2116      14
2089      2004      9      2071      47
1810      1898      197      2096      1
2044      2015      48      2028      27
1349      1355      712      2108      32
2079      2058      39      2129      14
1921      1874      141      2075      59
1940      1953      176      2036      26
1944      1934      133      2089      19
2017      2071      5      2087      13
1746      1839      184      2097      72
1940      1972      66      1998      44
1968      1868      133      2068      59
1957      2056      62      1935      81
2012      2007      12      2010      18
1936      1941      116      2103      37
180      205      1863      2075      70
2030      1986      21      2094      10
116      113      1601      1725      346
1128      1187      918      2057      19
1932      1969      85      2066      27
1948      2023      29      2066      34
2052      1987      18      2049      47
2007      1953      1      1984      88
1932      2002      167      2037      17
2153      1968      6      2031      48
1895      1842      201      2066      7
185      174      1521      1742      315
2009      1988      49      2030      65
1970      1980      20      2047      75
2033      2042      22      2122      7
1986      2009      126      2063      9
2013      1983      38      2107      27
72      68      1259      1408      749
1956      2105      11      2009      35
2101      2026      25      2151      14
2004      1908      104      2135      53
1139      1089      869      2027      71
2063      2088      23      2124      15
1035      1050      967      2029      98
158      154      1950      2135      4
1916      2004      118      2145      6
2004      2027      52      2086      5
1863      1780      66      2034      113
2076      2040      46      2098      4
2028      2091      11      2111      15
2032      2133      13      2081      8
2136      2044      16      2172      10
2082      1915      55      2110      20
1947      1979      170      2126      8
1971      1951      69      2075      31
2112      2026      8      2040      8
2003      2084      75      2065      32
2148      2149      17      2133      4
1893      1949      39      1934      112
1884      1918      253      2119      5
1192      1179      898      2014      14
209      177      1828      1992      61
162      162      10      132      1950
1899      1845      190      2007      43
1973      1965      114      2077      40
1165      1178      795      2081      84
2004      2029      66      2017      67
2031      1986      42      2068      20
2081      1994      35      2153      34
2038      1988      51      2046      25
945      910      1205      2142      24
2055      2039      26      2048      75
2058      2056      16      2143      16
2056      2086      26      1990      46
1003      997      986      2031      58
2057      2047      24      2040      19
1938      2000      58      2087      10
2029      2032      62      1951      57
1982      2038      57      2019      20
1933      1908      60      1920      106
1966      2015      70      2133      17
1911      1977      93      2092      24
1939      1986      48      2219      17
2104      2020      18      2090      23
2003      1988      14      2097      34
2055      2121      46      2170      4
185      179      1815      1996      94
1837      1870      149      1990      74
2009      1979      50      2065      34
2087      2073      40      2152      5
1952      1886      50      2084      36
1913      1962      74      1971      107
2030      1991      31      2120      26
2023      2042      57      2038      43
2062      1983      95      2098      5
2049      2053      63      2038      18
940      945      1134      2091      17
1984      2031      42      2078      19
60      55      1920      2042      39
1910      1934      9      1985      124
2004      1935      64      2052      14
1947      1977      73      2035      86
2080      1979      8      2039      35
2064      2004      52      2086      48
994      941      1074      1982      34
2028      2013      32      2072      52
2101      2076      22      2122      1
85      97      1972      1931      68
1973      1877      42      1973      95
1414      1350      718      2060      7
2044      1949      59      2063      32
2032      2035      33      2075      20
88      100      1910      2039      56
1909      1972      37      2014      75
1987      1931      29      2051      66
2074      2077      8      2183      13
1742      1821      96      1874      209
1311      1312      714      2091      59
2059      2015      29      2039      35
1703      1712      289      2014      67
1202      1150      909      2071      8
981      987      1135      2091      29
961      947      1099      1980      9
1999      1977      52      2018      61
1913      1940      125      2092      36
2045      2044      10      2106      44
926      992      1080      2010      95
1989      2053      34      2080      19
1877      1817      206      2124      2
1905      1962      139      2090      7
1997      1932      62      2099      64
2064      2001      58      2095      11
183      196      1907      2086      62
153      176      1936      2045      48
2041      2026      33      2084      26
140      162      1932      1974      24
210      177      1873      2088      20
2052      2049      13      2035      19
2073      2074      6      2024      22
2013      1923      68      2043      34
208      161      1864      1988      19
2109      2048      8      2019      19
874      868      1078      1946      140
1997      2040      93      2133      5
2016      2028      28      2072      6
169      173      1880      2059      16
1875      2005      122      2084      7
1056      1095      903      1956      93
1992      1935      89      2038      73
2137      2079      14      2065      10
2077      2079      9      2107      34
1918      1952      87      2048      40
1856      1889      18      1918      184
2012      2038      77      2103      3
1187      1138      905      2035      37
190      206      1882      2096      7
2014      2095      11      2057      5
1372      1394      685      1994      76
2076      2033      14      2065      11
1130      1147      893      1996      98
1958      1951      55      2066      56
2011      2086      2      2022      41
196      169      1838      2027      75
2098      2069      17      2118      52
2121      2039      13      2054      3
2095      2090      11      2052      14
2098      2066      16      2195      13
2043      2048      54      2115      6
1349      1353      740      2065      43
1266      1255      838      2031      36
2062      1982      74      2120      21
2059      2097      4      2056      9
61      70      1907      2050      34
1958      2015      108      2098      11
1880      1904      3      2024      108
2095      2093      5      2067      7
134      138      1049      1186      901
2025      1945      20      2072      32
172      153      1879      2042      89
2102      2065      26      2037      3
2080      2069      16      2050      40
2084      2091      7      2110      18
1978      1944      11      2022      28
1776      1661      320      1984      48
2117      1992      96      2054      4
1348      1404      656      2014      42
1762      1824      259      2095      39
165      178      1835      2018      62
1921      1972      90      2090      23
2013      2066      108      2136      16
1871      1943      114      1954      126
22      23      1969      1988      83
2073      2062      23      2024      10
2085      2055      43      2109      15
2043      2006      17      2072      6
1763      1827      216      2074      45
2065      2106      38      2051      6
1743      1756      294      2078      4
111      99      2001      1958      35
2004      2025      43      2122      13
1057      1044      1020      2109      37
2059      1943      64      2008      20
1891      1917      87      2057      58
1145      1101      943      2105      12
2078      2067      22      2120      2
2060      2027      34      2037      26
1915      2065      59      1996      57
1981      1950      74      2084      61
168      180      1707      1922      164
2045      2049      29      2056      45
2073      2100      7      2071      25
1078      1080      840      1964      100
2059      2115      5      2036      18
1975      2000      78      2045      22
2032      2115      53      2123      23
934      978      1135      2111      5
137      118      1889      2070      27
2039      2029      30      2007      13
2067      1981      6      2068      55
2103      2128      10      2075      28
2018      2080      28      2053      38
1065      1032      926      1882      164
1938      2043      23      2056      82
1302      1312      757      2105      29
957      985      919      1904      185
2068      1944      77      1974      43
2082      2136      5      1987      3
2042      2115      2      2000      7
2122      2098      20      2120      8
1659      1662      397      2068      42
173      195      1940      2000      20
1980      2070      59      2104      21
1826      2041      77      2046      64
2032      2002      29      2020      80
1943      1973      109      2115      13
2017      2011      13      2054      50
1249      1337      756      2022      33
2036      2013      54      2114      13
1957      1844      138      2121      63
2040      1994      9      2056      20
100      101      1900      2094      39
2019      1977      38      2056      65
1385      1393      712      2067      20
1339      1299      743      2098      16
1136      1093      831      2050      55
2006      1914      75      2000      70
187      180      1804      1939      115
2092      2024      35      2094      13
2091      2088      20      2007      8
1782      1851      226      2091      20
1364      1389      724      2055      33
1963      1989      21      2128      29
1994      2015      48      1977      61
1271      1275      700      1876      188
2090      2063      43      1972      34
2018      1977      37      1992      45
955      972      1129      1944      27
1987      2025      76      2064      6
2101      2020      3      2103      6
1984      2011      73      1993      6
1264      1209      658      1911      197
2064      2029      15      2002      41
1914      1883      92      1990      116
2107      2060      67      2116      20
1998      2035      53      2113      26
2022      2032      46      1932      72
1987      1934      6      1929      152
2058      1977      108      2169      11
2016      2072      44      2041      47
1965      2010      4      2081      25
120      121      1902      1965      94
1133      1141      854      2168      23
1877      1836      135      2052      93
2019      2025      17      1987      18
1956      2023      73      2115      24
2030      2042      9      2070      68
872      929      1162      2133      20
1204      1228      790      2054      49
110      130      6      150      1941
2009      2051      6      2055      35
1985      1930      94      2071      39
1975      1954      18      2057      71
2052      2111      29      2039      13
2030      1981      80      2025      30
1867      1891      87      1964      122
1938      1880      46      2022      63
1927      1985      68      1942      63
2028      2070      20      2126      43
172      130      1926      2168      5
2016      2006      37      1976      30
2014      1944      53      2025      44
2020      2003      29      2046      11
2020      2058      64      2003      53
2056      1949      50      2097      33
2087      2080      11      2064      8
1957      2009      128      2026      6
1834      1961      74      1943      184
169      161      1949      2119      35
2076      2138      23      2048      4
2004      2013      84      2012      7
1871      2017      124      2075      5
2053      1936      50      2045      43
1987      1986      68      2039      8
1959      1875      111      2070      9
2064      2025      21      2038      38
2133      2046      9      2049      6
2114      1953      31      2057      15
907      913      1054      2027      132
1927      1950      128      2032      21
2174      2009      5      2041      8
2015      2028      6      2052      20
1892      1900      80      2024      84
2030      2001      1      2035      33
2073      2011      84      2102      10
1934      1922      121      2021      106
2011      2058      21      2093      25
86      79      889      974      1186
2038      2090      17      2045      34
2008      2093      25      1971      34
2031      2079      21      2025      24
1314      1384      732      2054      4
1741      1672      279      2069      26
109      77      1957      2038      38
2117      2035      39      2112      17
2106      2047      16      1995      36
2061      2049      41      2120      6
1970      2033      68      2066      10
1368      1367      726      2091      33
2039      2022      7      2022      80
1980      1942      36      2053      85
2044      2077      80      2071      17
2101      2056      11      2117      4
2003      1984      23      2111      33
2063      1984      25      2009      6
1940      1936      81      2052      16
2024      2027      50      2034      22
1974      1945      96      2061      49
189      182      1740      2017      74
110      110      1878      1980      92
1968      1982      92      2023      20
1947      2037      65      2100      35
1796      1837      215      1992      16
1741      1805      289      2033      73
2026      2056      35      2090      9
1174      1195      884      2131      19
157      167      1969      2002      24
2015      1930      120      2208      18
2051      2102      4      2084      8
1195      1187      810      2018      27
1969      2028      40      2035      49
2050      2035      6      2075      24
2104      2009      57      2118      14
930      941      961      1989      176
137      113      1938      2047      25
1961      2025      8      2025      72
1104      1136      979      2055      24
1938      1973      136      2100      17
2069      2097      9      2099      7
1887      1990      132      1994      22
112      120      2004      2073      11
2024      2056      45      2052      18
1981      1986      66      2061      49
1074      1110      989      2075      8
175      182      1084      1254      822
2087      2045      28      2152      29
2071      2048      12      2112      9
1996      2068      46      1976      52
2151      2063      13      2073      29
2066      1990      78      2135      28
1364      1369      550      1911      156
2000      1965      89      2070      19
1935      1958      66      2059      23
159      152      1876      2104      17
95      87      1832      1885      209
204      160      1911      2062      38
2116      2033      11      2121      14
2064      2006      20      1999      4
122      114      1956      2086      9
2108      1989      7      2084      58
1961      1886      65      2072      49
1319      1290      753      2101      17
2027      2012      47      2022      7
2051      2098      31      2053      10
2098      2098      17      1910      17
2136      2044      18      2078      27
2037      2008      34      2042      42
2117      2022      34      2056      67
2060      2055      10      2029      30
105      133      1961      2086      34
166      203      1861      2099      10
119      129      1897      1971      20
2017      1996      18      2016      52
49      45      2067      2108      25
1961      1957      11      1968      83
1897      1932      121      2049      49
2041      2056      56      2029      20
2018      2017      11      2018      24
1950      1934      162      2074      21
1872      1859      249      2064      9
150      166      1637      1780      233
947      976      1049      1978      31
2052      1998      78      1978      5
2071      1988      11      1983      71
2067      2021      4      2086      16
1947      1955      12      2015      40
1814      1871      171      2108      34
1986      1912      75      2088      14
2070      2040      2      2054      61
191      188      1935      2071      30
1962      1923      106      2037      43
1965      1993      14      2106      47
1902      1968      44      2086      39
1960      1926      12      1936      92
2012      1883      54      1973      39
2054      1936      78      2098      23
1996      1952      74      2050      41
1987      1989      52      2138      14
2043      1995      55      2067      27
1878      1865      48      1990      83
2022      2001      22      2089      43
2055      2067      23      1991      58
1888      1968      23      2006      59
1942      1901      23      2004      104
2034      2049      34      2075      15
182      146      1901      2077      44
1088      1129      1023      2081      5
1993      1959      50      2134      41
2012      2013      39      2140      7
2087      2134      3      2060      1
2033      1971      50      2017      16
2055      2010      64      2160      10
1983      1970      21      2031      96
1961      1977      83      2104      26
1970      2001      72      2059      27
1962      1964      98      2065      5
2053      2024      48      2011      14
1989      1993      93      2039      21
2045      2100      10      2083      6
2003      2020      16      2055      4
190      210      1934      2142      14
144      167      1875      2087      37
2081      1955      61      2058      63
197      217      1880      2058      52
2089      2143      8      2069      16
2000      1871      64      2095      19
941      1000      1073      1978      20
111      102      1534      1755      352
1946      1978      21      1997      101
57      58      2015      2039      14
1966      1949      27      2040      41
1928      1954      119      1987      66
172      161      1859      2096      41
1363      1316      764      2092      11
1745      1769      239      2088      50
1869      1889      106      2037      112
1740      1794      240      2010      36
2077      2017      17      2078      18
152      171      1884      2047      56
1836      1858      124      2032      79
2062      2130      16      2076      14
1310      1271      734      2031      22
182      172      1018      1114      975
1967      1952      108      2020      20
1963      1979      58      2088      7
2090      2081      23      2072      18
2085      2069      41      1958      18
1037      1029      1110      2023      26
1332      1277      778      2074      50
1943      2008      9      2032      58
98      94      1902      2002      86
954      920      967      1844      187
2021      1989      5      1984      81
1961      1997      92      2114      5
2023      2115      42      2108      19
147      136      1848      2138      35
183      167      1737      1871      192
2022      2032      85      2144      3
2079      1972      87      2129      7
2095      2076      5      2144      6
2016      2015      18      2087      2
1790      1833      177      1944      137
1992      1975      35      2001      34
1944      1957      87      2042      57
973      1036      1160      2080      29
1988      2095      13      2119      22
2026      1909      63      2130      5
2054      2063      16      2028      44
1948      1963      17      2019      64
2111      1998      24      2006      26
1119      1126      992      2020      22
2067      2098      19      2093      11
2080      2043      27      2146      6
2058      2049      11      2104      5
1965      2015      89      2044      4
1979      1986      95      2016      5
2047      2062      27      2069      45
1384      1346      649      1989      57
150      143      1989      2071      30
1986      1984      36      1998      59
2104      1979      6      1974      72
1917      1918      158      2114      13
2020      2060      4      2054      23
2138      2071      20      2064      4
1910      1944      93      2065      88
2034      2067      25      1975      48
2077      1995      8      2080      4
2037      2071      47      2032      43
2018      2013      42      2037      37
2101      2110      10      2135      15
1999      1958      168      2044      4
1961      1983      81      2033      15
1985      1993      92      2002      26
2055      1914      69      2030      21
1895      1965      85      2107      56
984      922      1118      2089      7
114      116      1946      2078      18
1204      1129      798      1912      136
1976      1905      157      2056      19
2051      2133      14      2102      26
168      192      740      1020      1153
2014      2023      73      2080      21
81      94      1929      1890      72
165      144      1894      1933      27
2016      1988      92      2061      19
1340      1365      728      2031      11
1988      2050      14      2074      62
1916      1962      64      1940      130
142      124      1894      2106      60
1172      1237      902      2102      64
1971      1978      64      1917      62
1863      1964      111      2123      21
173      153      1814      1971      106
1997      1989      38      2018      90
1950      2002      13      2042      102
2012      2052      17      2077      30
2098      2060      10      2100      9
150      177      1824      2029      72
1970      1971      138      2095      13
1119      1120      967      2060      47
1888      1860      240      2122      7
2085      2061      4      2103      29
2058      2072      19      2107      9
2039      2011      42      2149      2
146      138      1880      2083      33
2062      2056      65      2092      17
1921      1940      142      2121      17
178      163      1873      2029      29
2093      2056      3      2082      25
91      98      1917      1938      61
2111      2035      27      2089      18
1862      1883      252      1980      22
1334      1315      586      2024      149
1952      1963      113      1985      11
2000      2043      41      2050      22
1987      1936      84      1996      57
2083      2052      46      2157      7
1955      2007      76      2009      94
1970      1977      139      2026      48
2035      1991      81      2035      4
2079      2092      21      2102      25
2040      1995      13      2012      52
1765      1820      158      1924      177
1965      2026      93      2078      8
2029      2036      14      2109      4
1858      1875      48      1947      155
1945      1886      78      2019      115
132      147      1924      2148      4
2043      2016      31      1938      80
2007      1943      92      2046      7
920      893      1111      2101      15
2040      2158      15      2067      47
2026      1967      40      2016      16
1000      1047      1049      1957      150
1983      2042      8      2092      24
2042      2090      10      2021      50
1971      1989      30      2029      58
2036      2119      43      2044      12
2074      2118      7      2051      24
2037      2045      30      2093      14
988      989      1093      2081      82
1949      1881      188      2083      12
1987      1949      42      2024      85
1972      1967      7      1985      130
2018      1907      66      2119      48
1806      1798      200      2035      65
2084      2023      8      2090      6
1964      1981      104      1987      23
2040      1995      15      2023      23
1384      1343      589      1961      89
1903      1978      85      2036      49
1958      1974      60      2032      51
1961      2064      9      2080      19
2008      2018      30      2002      80
145      155      1844      2078      72
1964      1986      123      2083      4
2037      2072      9      2111      15
2023      1945      142      2021      5
909      949      1136      2000      41
2062      2015      6      2101      20
2079      2141      11      2117      2
2021      2020      16      2143      5
146      120      1892      2046      24
127      115      1878      1908      126
1933      1902      116      2068      30
2103      1994      15      2035      19
909      951      1135      2017      94
1982      1986      6      1948      38
2099      2111      28      2021      4
1990      2049      37      2074      9
1999      2006      33      1989      44
1375      1256      736      2091      47
2054      2030      23      2035      59
2037      1909      52      2046      55
167      197      1925      2071      21
2079      2072      12      2101      4
1900      1938      66      2051      79
1993      1961      34      2078      13
2016      1922      17      2022      111
1988      2031      39      2056      25
2058      2067      7      2130      24
1788      1741      315      2052      19
2079      2073      10      2008      11
2072      1997      62      2097      5
1879      1913      152      1932      72
1992      2032      56      2133      15
1949      1899      28      1981      61
158      153      1942      2057      38
997      992      1028      1989      17
1998      2002      86      2089      6
1975      2052      15      1989      46
2077      2078      10      2099      11
1946      2018      66      2020      58
2060      1991      67      2069      6
2026      1910      19      1914      111
2027      1957      14      2125      23
2050      2017      7      2024      27
2111      1983      54      2124      3
1976      2009      65      2009      63
176      171      1834      2032      34
1165      1120      924      2094      28
1382      1422      631      2133      64
2023      1964      137      2073      6
1723      1757      222      1982      129
178      185      1781      2011      91
2094      1993      18      2019      48
1984      1951      129      2005      34
2043      2036      44      2066      37
2045      1962      92      2141      10
1899      1929      26      2022      130
2008      1947      39      2020      55
2088      2029      37      2112      4
1192      1140      901      2088      7
2049      2044      27      2035      30
2052      2070      13      2037      14
2070      2015      63      2057      3
1901      1880      76      2042      57
1834      1836      199      2011      27
978      1033      905      1924      160
118      110      83      148      1961
1780      1835      163      1985      165
1854      1946      192      2123      4
911      898      1065      1963      84
1853      1875      87      2006      93
2016      2031      9      2024      7
155      145      1893      2009      4
1818      1840      207      2053      64
1874      1794      199      2001      77
1977      2101      23      2102      3
151      144      1806      2046      101
195      170      1855      2054      43
1933      1959      15      1972      59
2061      2058      7      2082      7
1981      2043      34      2043      51
1865      1941      138      2052      6
2028      2077      11      2072      38
1954      1980      26      2008      69
1961      1883      144      2083      5
1309      1249      704      1990      102
1993      1988      31      2182      15
1985      2001      66      2061      10
2069      2092      11      2101      21
1989      2036      42      2052      69
1920      1877      212      2078      33
1912      2011      77      2152      17
174      198      1872      2007      4
2005      1871      53      2077      55
2041      1978      47      2095      45
2100      2081      28      2100      23
105      111      1986      2139      11
1973      1914      74      2053      57
1929      1886      97      2063      81
2056      2078      38      2017      8
2015      2026      43      2037      22
1996      2073      21      2084      31
1985      2004      131      2040      8
2005      2030      46      2105      20
1928      1951      40      2008      89
1198      1126      872      1993      95
1950      2058      8      1982      98
1983      1985      76      2065      54
1945      1883      57      1995      92
2062      2017      42      2022      55
1235      1165      911      2126      19
1332      1317      602      2016      170
2002      2033      10      2051      65
1193      1202      860      2079      22
2112      2049      12      2071      5
2005      2001      25      2051      21
1835      1912      205      2036      8
2088      2021      37      2041      3
2112      2183      15      2067      16
186      181      1819      2035      90
1886      1866      132      2063      41
1379      1426      536      1897      186
1891      1942      79      2107      13
985      1000      888      2093      128
2081      2150      4      2062      55
1993      1930      115      2051      14
1998      2015      95      2024      40
931      933      1120      2183      16
2037      1984      35      2091      72
1967      1935      126      2105      21
1950      1915      98      2034      63
2080      1989      68      1961      44
1999      2008      24      2080      35
192      216      1946      1970      34
2008      1999      39      2053      49
12      10      2058      2045      11
1996      2055      5      2065      37
2117      2129      19      2119      21
1955      1910      140      2075      10
1929      2073      22      1997      48
200      194      1940      2130      8
2080      2141      39      2046      10
1995      1999      6      1986      108
1897      2016      47      2067      79
2050      2051      62      2103      5
125      136      1971      2019      53
2016      2151      3      2070      12
1993      2015      74      2118      19
2078      2106      8      2120      6
2075      2058      45      2094      14
2068      1946      35      2042      83
2078      2043      13      2095      22
970      968      1128      2076      22
1912      1896      116      2075      34
2057      2059      18      2093      6
2053      1989      18      1979      58
1109      1112      926      2104      37
152      137      1952      2145      56
2013      2075      7      2109      31
135      149      1880      2006      82
1313      1359      743      2004      49
2013      2079      39      2026      31
1973      2002      32      1956      79
144      145      1923      2022      18
1963      1964      98      1990      63
2031      2045      13      1998      73
2024      2049      41      2067      70
2117      2099      55      2082      6
2119      2079      26      2142      12
182      167      1854      1989      59
2118      1992      11      2090      32
2031      1970      71      2061      34
1969      2016      76      2048      35
991      988      1128      2098      5
1989      2058      2      2078      43
1838      1795      161      1988      117
1130      1104      840      2026      87
2013      2073      52      2051      27
1995      2039      70      2006      35
1955      2021      6      1926      111
1915      1899      94      2050      24
961      937      1152      2101      11
1946      2015      66      2014      68
2012      1925      79      2017      64
1963      2017      10      1940      122
1934      1920      41      2021      71
1921      1904      100      2134      32
1950      1974      92      2047      6
2064      2073      15      2091      7
1835      1817      272      2062      7
1978      1953      21      2111      48
2022      2045      75      2142      24
2067      2050      10      2035      20
1924      1944      53      1978      67
1988      1983      14      1986      84
1358      1354      683      2125      8
191      201      1894      2025      45
2013      2049      22      2115      45
1211      1175      723      1967      120
2057      1970      169      2027      15
1894      2036      75      2026      116
1066      1057      763      1886      231
1939      2022      129      2040      4
2186      2092      5      2031      22
2026      2048      19      2032      24
1366      1342      711      2064      9
2019      1974      62      2063      12
1907      1851      112      1994      124
2078      2047      36      2111      22
174      193      1854      2024      67
1988      2052      32      2006      44
979      941      1070      2046      43
1961      1973      41      2057      76
980      957      1016      1945      108
