3888      3974      1895      5699      55
5741      5863      63      5839      32
5444      5372      242      5674      246
5715      5785      173      5875      13
5907      5883      20      5975      12
5811      5654      135      5771      88
5644      5763      79      5780      77
485      483      5333      5723      127
5833      5750      71      5803      107
5581      5521      313      5840      129
5460      5733      102      5626      222
5719      5646      117      5762      122
2928      2827      3068      5940      18
5678      5838      97      5973      56
5275      5126      106      5366      677
5488      5635      197      5824      149
5772      5711      137      5848      95
546      534      5204      5718      259
5924      5821      78      5936      21
5946      5809      40      5917      86
5898      5791      31      5884      82
5456      5515      158      5798      276
5464      5640      257      5763      81
5532      5446      318      5895      99
5856      5872      82      5885      15
5989      5823      11      5758      81
5178      5191      508      5620      273
536      577      5110      5691      134
2711      2678      3025      5822      173
5819      5793      17      5698      64
5627      5631      228      5861      115
5633      5524      201      5860      146
5752      5705      238      5842      41
5751      5655      47      5850      81
5900      6120      15      5963      19
5784      5755      62      5680      184
5424      5660      219      5818      208
5547      5477      332      5876      95
5651      5586      158      5738      188
551      530      5092      5633      296
5608      5742      59      5738      132
5946      5718      35      5895      18
5968      5895      15      5880      14
5765      5828      171      6013      18
5672      5597      66      5887      198
2887      2922      2775      5725      280
5596      5690      111      5668      210
3907      3989      2001      5942      15
5730      5600      83      5865      37
5460      5467      397      5865      70
468      515      55      534      5437
5600      5531      22      5712      323
5725      5896      77      6055      37
5804      5746      31      5885      14
5568      5641      335      5834      62
5646      5642      163      5855      158
5652      5771      156      5950      17
5764      5743      139      6076      13
5793      5648      291      5843      16
3493      3492      2354      5908      35
5715      5731      194      5905      62
5460      5401      281      5700      169
5426      5372      485      5933      120
5875      5766      88      5918      53
5743      5547      364      5926      17
5486      5636      38      5570      324
2713      2688      3163      5864      17
5649      5556      128      5918      31
5908      5918      76      5916      18
5749      5823      34      6035      69
2797      2818      2736      5647      323
5686      5607      168      5905      19
5694      5683      216      5813      79
5869      5735      112      5977      18
5779      5746      66      5832      135
5616      5599      212      5798      143
5623      5718      181      5859      38
4207      4046      1807      5949      18
5499      5314      195      5622      239
5878      5822      154      5936      15
5855      6014      27      5986      20
5664      5727      177      5987      60
3397      3455      2579      5827      34
5950      5967      75      5821      19
5711      5858      143      5791      48
5899      5868      62      5934      60
5642      5700      99      5888      91
444      390      5277      5616      353
5733      5953      17      5721      94
5957      5932      35      5917      14
5655      5667      92      5740      90
5760      5902      114      5834      46
4157      4059      1824      5825      15
2848      3017      2855      5720      257
5672      5512      123      5694      217
5636      5710      185      5771      112
5761      5797      95      5922      18
5279      5238      656      5855      102
5918      5833      72      6018      15
5572      5614      218      5896      14
2866      2747      3106      5938      40
5976      5831      71      5901      15
5758      5845      153      6002      22
5717      5674      270      5862      103
2879      2864      3002      5669      191
3528      3422      1561      5020      799
5716      5656      115      5909      34
6121      5978      15      5869      21
5943      5840      50      5990      31
5707      5729      180      5963      55
561      536      4577      5204      662
560      579      5263      5880      17
5650      5652      188      5954      121
325      334      5529      5884      52
6007      5861      39      5757      22
5808      5625      114      5652      195
5707      5764      123      5924      97
5847      5828      39      5848      58
5626      5572      26      5743      269
3433      3523      2280      5745      204
5809      5911      81      5821      17
460      448      5001      5290      590
5842      5958      108      5810      42
5704      5928      39      5811      84
377      356      3705      4116      1894
5884      5800      13      6023      16
5303      5394      410      5631      209
5754      5901      145      5862      47
5590      5691      158      5670      187
4022      4025      1807      5884      139
5755      5666      253      6072      17
5684      5748      165      6017      62
5762      5648      128      5816      93
5781      5822      113      5757      63
5508      5739      118      5796      168
5443      5387      434      5831      57
37      31      5791      5847      168
5794      5548      63      5733      175
5832      5608      124      5742      88
5935      5883      12      5872      151
5550      5548      31      5675      204
5680      5675      130      5817      75
5805      5921      40      5904      52
3986      4030      1832      5913      46
6065      5959      8      6162      24
5038      5140      739      5828      122
5546      5468      407      5901      45
2552      2478      3328      5766      83
5472      5649      74      5783      261
5573      5519      423      5904      15
5826      5909      126      5988      13
5787      5768      73      5890      121
5777      5615      119      5694      125
3801      3859      2065      5773      11
5753      5588      136      5887      89
381      387      5504      5975      51
2955      2839      2915      6027      52
5767      5676      145      5925      33
6007      5866      23      6133      14
5828      5826      99      5894      18
5748      5869      77      5911      28
5775      5842      90      5808      68
5659      5700      274      5943      19
5790      5895      15      5782      42
5489      5662      173      5797      125
5769      5681      121      5624      202
5942      5952      67      5788      37
5872      5891      31      5835      11
5800      5731      78      5911      106
2839      2712      3018      5849      94
5871      5753      16      5918      69
5672      5711      99      5825      46
5518      5659      333      5932      20
5758      5814      127      5912      15
314      293      5605      5844      107
5666      5795      130      5811      148
5782      5817      45      5826      118
5419      5381      387      5832      200
5713      5706      67      5856      87
5977      5870      38      5961      24
5925      5914      39      5933      16
2789      2813      2331      5206      785
5734      5926      75      5907      19
5576      5601      212      5807      158
5918      5678      51      5685      172
5660      5619      76      5755      213
5620      5695      135      5777      133
5549      5694      149      5832      57
5646      5847      102      6071      61
5695      5671      67      5642      191
300      282      5680      5772      76
5988      5828      93      5887      16
5740      5851      69      5983      44
5776      5811      118      5800      27
5635      5552      188      5841      85
2838      2905      3140      5979      16
370      348      5476      5872      18
147      149      5861      5960      57
4032      3933      1761      5773      158
5574      5461      376      5823      47
517      545      5474      5735      48
5698      5993      36      5967      23
5905      5837      37      5958      25
4079      4216      1822      5930      19
5821      5836      31      5743      106
5831      5775      100      6025      18
598      569      5308      5706      50
268      263      5647      6065      35
5516      5509      180      5627      210
2848      2902      3071      5841      34
5945      5883      17      5791      114
3492      3610      2476      5989      16
5608      5512      173      5890      163
5895      5731      102      5844      12
5928      5689      114      5803      56
3501      3608      635      4099      1806
5703      5711      140      5742      87
454      386      5353      5866      155
5952      5738      39      5876      36
5387      5533      409      5825      15
5687      5810      42      5814      155
603      524      5289      6115      16
325      309      5426      5598      287
5962      5886      59      5889      35
598      534      5346      6016      26
5792      5811      20      5888      68
2896      2844      2467      5236      625
5695      5596      205      5964      55
455      447      5470      5813      120
3502      3461      72      3498      2392
5857      5819      26      5980      147
5727      5800      94      5780      30
5614      5574      304      5875      93
5403      5378      427      5832      101
6046      5864      36      5961      20
5852      5827      21      5874      137
5609      5506      189      5738      200
5592      5389      446      5910      23
5827      5667      177      5819      93
5816      5845      17      5774      111
433      434      5436      5829      71
2814      2789      2936      5753      162
5893      5937      45      5870      19
5890      5872      38      5823      37
5551      5584      135      5737      201
5678      5759      63      5752      68
5830      5733      60      5861      15
5683      5426      379      5803      50
5943      5724      52      5918      28
5718      5770      212      5920      56
527      513      5306      5706      157
5656      5747      57      5826      134
5634      5587      208      5715      131
5609      5657      315      5792      50
5621      5579      99      5642      239
5658      5568      256      5943      34
5746      5767      213      5851      20
5824      5731      115      5728      14
5802      5760      52      5807      106
6016      5995      33      5850      13
5679      5597      260      5836      148
5697      5863      94      5888      77
5693      5549      248      5872      61
5895      5916      50      5827      57
5749      5870      34      5822      165
5772      5823      53      5875      97
5655      5659      151      5869      129
5316      5163      596      5824      108
5669      5840      22      5771      172
5824      5825      51      5950      16
5737      5937      37      5959      19
5755      5702      65      5718      129
3177      3172      2835      5752      51
483      531      5392      5975      47
3417      3498      2008      5550      384
4120      3946      1640      5802      208
5794      5702      91      5892      54
5723      5676      33      5765      129
5419      5535      382      5783      18
5826      5682      152      5886      20
5769      5704      68      5768      103
3760      3846      2034      5812      30
5523      5649      155      5643      158
2759      2827      3123      5844      102
3610      3470      2239      5876      115
5261      5496      434      5793      87
466      535      5281      5755      93
2984      2980      2821      5995      48
154      151      5597      5871      54
5834      5784      54      5756      103
5468      5599      392      5909      40
5750      5679      178      5865      97
5849      5898      18      5969      39
5471      5440      218      5648      184
3451      3411      2374      5915      68
5865      5653      100      5900      33
5796      5799      10      5788      107
5761      5822      73      5873      68
498      513      5057      5673      317
5514      5629      210      5832      69
5449      5564      266      5871      115
5683      5654      247      5888      17
5748      5918      60      5823      77
2849      3021      2917      5917      14
5669      5696      292      5833      15
5837      5830      39      5857      85
544      576      5415      5929      31
5768      5872      56      5949      57
575      539      5043      5581      321
5741      5693      176      5878      107
5704      5900      88      5913      126
5921      5859      88      5954      44
2825      2913      3113      5906      93
5587      5542      253      5726      119
5239      5181      601      5852      92
5879      5909      44      5806      115
553      543      5322      5903      65
5839      5860      65      5854      120
5341      5450      338      5667      135
5717      5776      118      5889      27
3490      3459      2334      5859      33
5858      5850      33      5945      38
5670      5681      85      5721      230
5845      5864      41      5901      45
5520      5332      312      5777      184
5591      5533      59      5612      331
5804      5758      36      5838      93
5834      5798      15      5992      98
4038      4019      1901      5774      59
3594      3563      2159      5903      189
5869      5809      27      5959      74
5831      5899      88      5961      47
5995      5935      30      5899      39
5717      5762      122      5921      41
5285      5420      345      5722      219
5694      5693      57      5694      176
5870      5923      34      5876      20
5850      5734      41      5942      59
554      540      5444      5910      30
5710      5784      186      5667      133
5928      5774      19      5998      43
5872      5719      20      5877      20
5500      5565      331      5814      42
5376      5486      475      5983      29
5742      5469      130      5853      111
5623      5605      219      5971      65
5567      5769      51      5687      259
5722      5711      114      5818      71
5509      5336      258      5836      185
5709      5715      112      5867      88
5717      5810      10      5906      113
5894      5847      163      5942      18
5819      5798      93      5990      55
5891      5774      22      5988      13
5520      5582      74      5789      288
5460      5564      205      5688      218
5635      5591      226      5854      133
2508      2459      3462      5949      18
5875      5774      33      6034      17
5828      5964      32      5825      43
5826      5753      18      5795      85
428      380      5422      5826      159
5867      5898      56      5917      24
5601      5630      58      5698      273
5833      5732      53      6010      37
3539      3416      2320      5715      111
5599      5767      144      5803      123
5691      5609      253      5730      56
5501      5596      246      5856      126
5915      5945      38      5846      17
5783      5957      14      5934      43
5529      5608      326      6002      30
2975      2940      2562      5518      360
5729      5879      82      5898      73
5733      5642      170      5742      181
5789      5697      142      5897      88
5524      5540      322      5999      29
5679      5712      109      5662      127
3338      3426      2481      6010      22
5817      5863      70      5985      27
5722      5712      133      5664      131
562      585      5226      5834      23
5607      5562      81      5680      226
5887      5886      14      5993      72
5421      5577      339      5807      157
5363      5339      414      5714      212
600      567      5272      5897      160
5747      5531      248      5938      33
5537      5675      324      5940      15
529      512      5399      5788      58
430      418      5197      5603      330
5917      5844      102      5795      29
4146      4007      1833      5896      60
5593      5510      102      5624      217
5796      5876      120      5823      114
5678      5664      274      5742      62
5708      5596      63      5729      225
5343      5288      482      5973      18
5751      5619      199      5762      47
4183      4086      1670      5931      156
5924      5800      15      6010      46
5844      5601      179      5872      14
5841      5763      121      5911      37
3491      3487      2295      5907      96
5749      5851      88      5809      143
5843      5759      126      5893      15
2948      2953      2866      5701      202
2847      2822      2863      5831      171
5655      5659      165      5803      110
2768      2716      3060      5864      190
5625      5488      208      5688      199
5703      5684      155      5923      38
5958      5888      35      5978      15
5844      5820      155      5944      43
5824      5877      19      5878      54
5737      5843      158      5889      47
5705      5780      146      5892      37
3856      3785      1676      5599      339
5603      5634      17      5834      149
5732      5800      39      5963      26
3464      3554      2331      5911      77
5774      5727      121      5828      32
5649      5975      116      5799      71
5760      5853      129      5971      16
5668      5552      170      5880      164
5702      5771      18      5678      185
595      562      5489      5878      16
499      501      5201      5797      170
5903      5720      29      5862      36
431      459      5370      5908      37
5689      5747      63      5780      127
5576      5692      65      5782      228
5466      5465      541      5929      15
5904      5948      30      5892      32
612      611      5209      5605      348
451      433      5252      5654      192
5811      5779      201      5879      17
5425      5525      87      5492      313
5748      5770      17      5664      176
5762      5732      132      5859      14
5783      5782      74      5769      99
5808      5796      105      5885      19
5706      5734      56      5726      217
5648      5760      202      5945      13
5925      5889      17      5904      20
5601      5747      25      5728      262
5789      5836      132      5745      29
5689      5872      84      5823      128
521      476      5540      5917      92
432      468      5355      5721      84
5518      5676      219      5822      194
5852      5723      106      5912      46
5532      5547      371      5932      52
5824      5695      193      6017      20
5735      5578      310      5723      16
5494      5531      306      5865      54
5815      5828      115      5928      16
5728      5636      149      5694      165
5808      5951      37      6054      22
5801      5746      141      5765      16
2944      2877      3064      5864      23
4001      3927      1850      5897      108
5391      5427      363      5973      56
2898      2874      2929      5822      106
5789      5635      196      5854      51
4003      4035      1779      5871      70
5723      5841      77      5902      42
5831      5606      207      5880      52
532      500      5251      5819      149
5888      5874      137      5973      41
5688      5712      36      5733      180
5744      5886      17      5842      54
541      561      5256      5899      54
3449      3382      2519      6016      18
5792      5719      55      5800      179
5768      5587      204      5951      169
5404      5472      390      6037      49
5436      5466      429      5781      130
5760      5762      95      5929      49
5736      5806      13      5739      106
3936      3967      1622      5697      326
5626      5462      306      5953      28
5518      5522      374      5818      124
5829      5684      86      5835      50
5647      5703      92      5755      150
5705      5699      157      5914      69
5401      5385      417      5840      143
412      432      5310      5789      296
5641      5640      50      5761      165
5583      5722      257      5953      25
5500      5561      226      5795      125
540      563      5101      5691      188
5230      5265      177      5556      447
5866      5877      16      5965      79
3284      3272      1973      5281      687
5715      5627      349      5869      15
5704      5636      233      5795      106
5629      5591      135      5855      164
5570      5495      298      5995      33
5880      5804      15      5509      168
5700      5636      252      5891      13
5925      5974      14      6031      14
575      568      5339      5915      113
2836      2852      2933      5889      214
579      588      5312      5820      113
5557      5682      48      5509      297
3886      4034      2009      5882      66
5865      6006      16      5854      52
5645      5769      90      5598      194
3337      3477      2478      5781      39
5658      5819      71      5976      51
5580      5516      224      5814      136
5758      5874      66      5914      13
5851      5764      41      5927      148
5860      5931      27      6001      16
534      552      5368      5724      66
5680      5654      98      5881      154
5646      5771      86      5701      193
5589      5567      337      5836      14
5795      5718      39      5678      163
5638      5646      57      5676      205
547      563      5220      5926      66
5465      5671      162      5781      124
5599      5597      288      5863      28
5635      5533      325      6033      20
4102      4035      1739      5769      107
5794      5763      65      5926      31
5873      5909      17      5996      78
5973      5865      41      5929      12
5932      5873      32      5983      48
5821      5765      72      5864      63
5621      5670      76      5718      256
5889      5971      34      5820      74
5758      5826      68      5821      154
5489      5502      537      5807      29
5684      5691      99      5870      166
5653      5542      324      5848      15
5983      5893      21      5965      14
5795      5868      108      5873      72
447      421      5272      5604      353
2782      2825      3095      5844      120
5782      5836      35      5708      82
5694      5699      46      5752      145
5285      5400      398      5609      162
5558      5581      171      5532      259
5667      5951      91      6058      11
5773      5648      194      5943      64
2858      2817      2974      5884      116
5789      5767      68      5681      88
5892      5994      22      5805      14
2697      2697      3149      5951      18
5825      5797      162      5694      57
3975      3864      1836      5754      173
536      502      5206      5735      210
5473      5392      362      5868      98
5612      5566      78      5618      219
5669      5529      270      5898      12
5740      5657      225      6002      18
5871      5718      80      5905      16
5708      5917      201      5842      76
5768      5769      27      5893      101
5815      5844      17      5801      34
5702      5846      19      5670      156
5634      5670      110      5578      261
3524      3481      2243      5742      173
5792      5976      21      5974      49
5629      5661      347      5915      21
544      592      5294      5834      46
5424      5477      281      5717      180
5144      5176      602      5672      180
5706      5857      191      5933      33
5649      5570      36      5747      271
5668      5752      145      5938      93
5837      5862      164      5921      18
5719      5698      110      5800      15
2609      2641      3119      5785      100
5782      5729      92      5712      105
4030      4130      1675      5821      206
5701      5634      57      5813      244
5940      5854      28      5836      90
3446      3420      2514      5904      14
5577      5670      223      5996      63
5495      5464      256      5803      114
2782      2794      2992      5666      236
5844      5929      94      5858      31
4123      4109      1827      5869      22
5804      5756      157      5882      23
3513      3478      2310      5726      130
5562      5471      207      5665      277
5681      5636      184      5870      35
203      240      5497      5904      103
3975      3916      1904      5835      72
201      223      5619      5931      20
5631      5510      327      5799      78
5681      5709      141      5877      76
4021      4062      1812      5932      70
5595      5560      265      5965      33
5367      5382      493      5876      27
4132      4128      1766      5982      15
5776      5824      56      5713      137
5591      5571      450      5853      56
5827      5742      65      5885      37
5738      5926      29      5781      94
5946      5948      12      5910      84
5675      5736      194      5828      33
5681      5627      45      5812      183
5576      5681      225      5901      89
5193      5158      768      5913      11
540      516      5341      5844      22
5815      5723      121      5770      41
5751      5770      17      5942      168
5818      5721      96      5828      126
2862      2827      3036      5808      111
3406      3450      2334      5822      205
3506      3556      2460      5985      19
3454      3443      2310      5901      88
5907      5703      45      5918      16
4080      4076      1812      5957      18
5523      5464      142      5677      343
5911      6009      15      5950      15
5763      5719      83      5823      25
5685      5749      52      5863      175
5914      5928      16      5920      33
5867      5795      53      6012      54
5743      5655      138      5795      82
5864      5796      37      5753      94
5579      5689      126      5663      122
5475      5481      232      5774      203
2814      2827      2726      5592      346
5922      5852      113      5946      18
5646      5622      253      5873      19
5848      5895      90      5837      13
5391      5290      489      5888      75
536      497      5156      5768      251
5714      5788      18      5713      232
5673      5738      151      5974      50
5872      5874      15      5907      39
5549      5453      177      5684      234
5785      5752      37      5831      158
5506      5607      286      5755      189
466      444      5161      5894      230
5649      5641      168      5889      94
5760      5763      44      5758      41
5683      5632      168      5743      101
5840      5929      29      6032      21
5667      5522      184      5769      242
5577      5483      345      5838      14
5547      5674      225      5857      96
5791      5629      195      6026      38
3412      3399      2521      5897      19
367      381      5371      5832      62
5803      5528      276      5939      87
5723      5905      78      5982      55
5785      5738      129      5806      50
439      417      5305      5872      79
5697      5550      9      5516      283
5745      5576      199      5809      92
5662      5759      271      5956      137
5113      5291      570      5929      121
5906      5785      24      5926      32
5676      5653      207      5951      17
5518      5533      84      5750      231
5709      5701      242      5864      52
5674      5578      350      6047      12
236      281      3126      3380      2571
5905      5829      34      5966      18
5699      5874      114      6031      18
5619      5750      208      5784      35
5314      5481      300      5793      143
560      541      5349      6053      43
5688      5848      87      5772      121
485      485      5354      5928      75
5656      5758      170      5833      35
5938      5834      51      5859      41
5448      5611      276      5871      71
5841      5938      17      5852      37
5565      5802      13      5730      273
5701      5761      204      6023      11
3864      3904      1786      5821      200
5800      5923      46      5995      15
5921      5881      33      5982      15
5681      5646      206      5738      171
5553      5633      177      5812      117
5683      5760      86      5791      142
5447      5354      479      5820      63
5866      5898      44      5979      31
5850      5966      94      5972      12
5546      5805      98      5765      102
5786      5835      73      5972      14
2815      2931      2857      5806      75
5812      5775      141      5880      38
5867      5900      24      5875      87
5603      5658      136      5848      66
5360      5427      504      5792      23
5809      5712      121      5956      57
5572      5705      126      5845      105
5862      5562      126      5881      47
2554      2519      3335      5880      42
5651      5708      199      5876      13
2975      2940      509      3368      2612
5922      5912      40      5957      57
4017      4133      1674      5820      104
5972      5907      33      5949      25
5725      5625      123      5742      153
3547      3512      2474      5922      16
6022      5794      68      5868      15
3211      3264      2593      5773      177
5915      5757      49      6036      52
5598      5550      409      6024      69
5772      5685      228      5978      26
488      571      4961      5260      472
5854      5852      53      5906      34
5819      5813      54      5750      91
5777      5839      90      5920      72
5820      5759      47      5830      66
5920      5763      50      6031      14
574      532      5368      5802      68
5614      5712      296      5889      14
5793      5694      164      6060      34
430      430      5367      5808      93
546      544      5343      5884      13
5622      5561      47      5726      264
5814      5878      15      5895      69
2886      2869      2952      5963      33
5583      5683      214      5950      59
5789      5741      31      5788      180
5815      5822      146      5964      13
5635      5559      337      6040      14
5732      5644      216      5819      33
5461      5426      372      5772      37
5767      5698      12      5679      192
496      505      5343      5927      39
559      534      5196      5829      116
5714      5507      78      5821      220
5650      5872      177      5897      35
5749      5640      172      5844      34
5923      5751      36      5918      71
5478      5472      173      5728      322
5960      5842      23      5859      53
5738      5759      50      5862      102
373      342      5540      5765      180
5583      5737      89      5671      237
5664      5553      127      5707      159
5507      5736      146      5851      103
5893      5870      61      5824      83
5892      5788      20      5976      17
5765      5837      113      5854      29
5745      5657      246      5833      49
5783      5756      65      5731      103
5606      5697      73      5850      182
4016      3995      1835      5897      92
2488      2389      3396      5747      106
5718      5714      188      6061      51
3598      3747      2395      5943      44
5540      5642      178      5754      173
5887      6028      33      5895      33
5754      5720      110      5725      117
5813      5880      19      5732      48
358      394      5612      5968      36
5770      5821      86      6114      115
3882      3777      1944      5671      82
5961      5927      21      5836      18
3422      3453      2275      5803      166
5633      5613      58      5685      156
5732      5808      72      5748      107
427      454      5040      5432      416
5752      5768      34      5775      40
5726      5829      107      6011      14
5779      5714      16      5785      124
5837      5807      48      5954      37
5851      5889      48      5861      22
5582      5801      56      5611      117
486      510      5296      5743      96
5665      5773      106      5944      86
5814      5735      57      5957      33
5917      5684      32      5795      99
5833      5668      117      5859      36
5863      5787      59      5874      12
5560      5545      328      5914      71
5513      5607      400      5912      55
5776      5927      17      5901      20
5614      5682      157      5839      130
5699      5739      212      6035      27
5743      5850      184      5883      12
5848      5692      149      5891      22
5856      5773      14      5976      98
572      583      5229      5779      177
5918      5900      70      5945      19
5809      5722      17      5847      128
5565      5694      103      5769      142
562      563      41      586      5633
5519      5637      362      6011      19
5630      5649      173      5709      173
5800      5854      33      5891      83
5831      5764      66      5783      72
5622      5598      215      5786      40
5705      5707      106      5840      67
543      566      5390      5840      121
5489      5649      81      5596      338
4045      3946      1899      5804      54
374      426      5450      5780      62
5901      5765      30      5903      51
5807      5825      58      5935      75
4099      4044      1730      5713      160
2865      2917      2991      5976      66
5648      5685      260      5792      109
5621      5711      47      5705      153
5765      5644      153      5951      31
5436      5257      621      5881      19
5669      5649      124      5891      93
5400      5444      89      5688      378
3466      3466      2366      5838      102
5600      5587      322      5877      80
5842      5741      83      5959      18
5847      5707      129      5934      21
5591      5390      257      5739      224
2799      2867      631      3523      2453
3946      3953      103      4219      1822
5455      5338      494      5770      30
457      486      2914      3367      2584
295      296      5638      5980      62
5236      5305      472      5754      277
5859      5913      86      5954      18
4962      5144      738      5894      58
5917      5782      41      5763      88
384      386      5261      5676      171
5684      5692      196      5706      170
5821      5766      18      5964      89
2645      2687      2902      5565      362
5647      5605      40      5504      330
5349      5713      42      5747      254
5439      5441      267      5804      163
5557      5634      93      5697      210
5681      5650      239      5949      44
560      546      5311      5822      86
5662      5766      194      5946      36
2995      3017      3043      5773      17
5673      5770      148      5763      34
4056      4115      1761      5744      53
5414      5283      521      5663      92
2773      2962      2921      5855      156
3492      3420      2186      5682      280
5611      5586      85      5869      237
5774      5823      154      5981      29
5811      5844      31      5979      80
5781      5643      155      5824      20
5803      5775      183      5959      13
615      564      5213      5741      237
5885      5724      33      6007      29
5872      5966      69      5858      21
5635      5560      146      6020      63
3479      3607      2399      5953      24
5833      5910      26      5711      12
5760      5623      250      5953      20
5645      5837      73      5817      117
5757      5849      84      5892      47
5389      5478      395      5869      96
421      382      5348      5819      177
5640      5880      21      5744      120
5685      5676      173      5920      53
5853      5838      32      5983      35
4080      3917      1847      5916      61
5842      5745      113      5835      37
5385      5348      441      5862      173
5555      5621      315      5867      86
5899      5985      85      5986      15
5676      5703      230      5991      35
5782      5773      85      5642      123
3076      3131      2721      6015      58
5389      5410      464      5893      104
3555      3399      2264      5942      184
566      522      5420      5850      9
5894      5867      46      5755      54
5649      5607      192      5863      26
5676      5687      228      5846      84
5637      5742      164      5838      152
5645      5710      228      5816      16
5568      5781      13      5797      113
5608      5667      32      5700      267
5682      5709      141      5947      127
5504      5605      151      5854      208
5666      5706      77      5700      132
5519      5542      49      5516      392
5647      5572      174      5849      116
5553      5537      394      5879      71
5758      5734      149      5853      68
5610      5554      150      5725      188
3025      2917      2884      5848      103
2711      2625      3230      5867      36
2687      2616      2962      5499      260
518      487      5379      5779      61
5691      5673      154      5869      101
216      174      5651      5846      167
3597      3723      2118      5919      70
5677      5627      101      5960      68
5824      5761      33      5702      119
5654      5899      181      5951      19
5858      5805      81      6019      66
4128      4084      1862      5884      78
5807      5639      74      5801      104
5692      5626      199      5864      164
5704      5823      101      6085      28
101      117      5463      5487      354
5704      5660      190      5861      46
5636      5776      54      5761      109
5745      5782      85      5832      157
5811      5888      20      5856      43
3500      3546      2175      5612      336
5917      6024      32      5826      18
5831      5935      15      5925      92
5791      5868      85      5864      76
5870      5710      22      5917      77
5705      5667      50      5882      194
5642      5713      269      5842      81
2841      2861      2858      5658      243
5869      5842      47      5874      89
5870      5676      87      5688      88
4067      4176      1891      5896      32
5725      5753      217      6017      26
5548      5472      254      5711      196
551      561      5353      5888      39
5545      5421      364      5955      65
5764      5735      105      6017      17
5866      5726      119      5961      26
5705      5822      83      5893      35
5681      5574      68      5532      306
5569      5607      183      5775      227
5715      5562      325      5895      30
5691      5758      229      5957      26
5711      5616      34      5631      191
157      146      425      552      5321
5818      5743      49      5706      78
5819      5853      29      5944      34
5781      5849      18      5934      24
5374      5376      162      5618      386
3454      3308      1976      5300      571
5752      5720      22      5860      138
5819      5787      27      5888      109
5708      5708      64      5671      135
5922      5842      16      5972      85
3493      3556      2207      5694      255
5996      5960      41      5960      69
4072      4083      1856      5941      20
2849      2839      2841      5801      182
5872      5879      57      5907      36
5790      5756      104      5928      41
5127      5194      612      5853      124
5586      5569      336      5795      82
3411      3385      2506      5814      49
5808      5764      39      5782      142
5649      5582      31      5776      249
5066      5081      689      5734      165
5729      5555      188      5794      121
5811      5877      55      5879      10
5896      5778      143      5895      18
2913      2891      3040      5964      93
5649      5829      285      5860      28
3367      3204      2405      5874      124
5980      5764      113      5763      17
443      449      5312      5735      157
536      544      5205      5761      141
4077      4170      1841      5860      11
5685      5806      115      5839      97
5558      5571      236      5875      17
5667      5610      222      5771      137
5721      5679      40      5820      73
5942      5698      21      5753      187
5845      5841      69      5827      25
5626      5664      250      5827      52
5357      5404      464      5753      49
5817      5488      15      5834      198
5953      5884      49      5912      35
5704      5539      199      5861      171
5489      5673      189      5714      195
5816      5755      146      5903      43
582      543      5084      5643      399
5678      5660      223      6055      65
5900      5864      18      6051      52
5525      5627      357      5913      13
5877      5745      99      6021      39
5311      5451      249      5603      263
3425      3430      2285      5752      242
5469      5345      388      5829      102
6128      5918      13      5888      51
5847      5760      30      5715      220
5806      5778      73      5854      82
5865      5894      27      5844      71
5620      5601      291      5781      46
5344      5234      580      5942      123
5626      5812      80      5896      81
563      582      5407      5838      66
396      411      4984      5413      575
5884      5792      150      5870      13
5938      5926      18      5884      44
5439      5548      86      5618      274
5735      5763      71      5804      137
5348      5446      381      5936      130
3539      3441      2268      5783      172
5736      5652      75      5749      118
5827      5759      66      5864      85
