2081      2042      8      2076      9
1184      1187      926      2007      34
2135      2112      19      2104      2
1970      2005      11      1907      74
1914      1862      149      2049      38
1879      1796      193      2032      63
2028      2011      26      2088      24
1916      1897      177      2028      16
2056      2094      39      2124      11
1867      1840      147      2011      74
2042      2124      27      2028      16
1941      1905      9      1924      215
2015      2088      6      1919      58
109      151      1844      1969      103
1989      2007      109      2134      18
2139      2066      7      2100      3
1101      1134      878      2069      83
1895      1970      102      2064      57
1942      2016      50      2019      88
1255      1246      812      2108      14
2017      1958      122      2113      8
949      971      1023      1961      74
1150      1111      847      2015      33
1980      2041      17      2020      47
2060      1984      14      2106      18
1364      1295      558      1942      192
2030      2062      25      2072      26
1990      2068      16      1999      70
2057      1998      102      2047      6
1991      2049      53      2024      9
1990      2004      39      2078      11
2112      2102      9      2120      6
1996      2158      40      2022      4
2057      2031      6      2055      15
1918      1905      187      2047      13
1095      1130      981      2064      30
1348      1317      727      2109      8
1919      1971      23      1976      115
2077      2053      13      2019      19
91      91      1772      1906      215
2074      2010      56      2058      19
2013      1960      40      1991      59
152      161      1982      2126      20
970      990      958      1998      206
2084      2004      29      2080      59
109      106      2030      2112      3
2036      2068      14      2109      27
1959      1999      91      2080      39
1342      1306      55      1311      785
2157      2101      14      2099      6
2095      2116      50      2086      7
1918      2016      59      1947      82
952      919      1186      2034      39
1356      1283      692      2100      30
2067      2020      67      2026      38
1867      1950      114      1992      72
2042      2057      51      2127      37
1767      1822      289      2105      16
105      109      1951      2026      45
1013      1010      1074      2039      51
169      202      1854      2140      29
981      982      1050      1950      128
1974      2071      36      2142      21
1992      2053      14      2144      8
161      124      1790      1897      167
2004      2016      105      2026      20
69      98      1896      2121      18
1952      1971      33      2005      63
1851      1835      123      1997      72
1932      2045      184      2121      20
2027      1958      28      2147      45
84      81      2037      2086      11
182      204      1888      2078      19
2033      2045      37      2067      29
2176      2006      7      2087      4
2014      2051      33      2021      26
1993      2101      33      2089      7
2009      1998      55      2026      48
1935      1900      39      1981      53
1919      2010      100      2035      57
1975      1968      88      2043      37
1852      1828      196      1994      67
2050      2063      16      2068      28
187      172      1925      2148      4
1960      1966      37      2049      47
2099      2079      7      2136      20
2008      2000      17      1953      45
182      156      1747      1902      210
1759      1854      200      2041      69
1857      1987      109      2011      52
132      121      1985      2065      11
2025      2116      3      1990      35
1993      2019      33      2088      28
1949      1960      137      2056      10
2010      1990      25      2015      80
1993      2092      14      2210      9
1889      1890      159      2030      7
2032      2008      14      2098      80
152      146      1922      2107      39
179      181      1777      2022      95
1962      1883      85      2068      29
1957      1987      101      2082      18
2057      2078      6      2047      14
1948      1957      150      2047      40
2108      2170      34      2063      6
2000      2029      55      2031      22
1887      1898      35      1871      212
1941      2010      98      2168      7
2003      2018      53      2082      26
148      163      1769      1934      136
1319      1281      772      2108      21
159      184      1922      1958      35
2013      2062      36      2070      11
1948      1998      13      1942      138
1943      1982      14      2060      99
2014      1978      6      2054      57
2032      1977      30      2038      13
2038      2094      35      2065      5
1998      1877      62      2157      22
169      180      1884      2030      62
1183      1196      863      2019      54
1869      1873      94      2017      176
120      143      1887      2063      44
1947      1923      67      1961      88
1760      1820      295      2024      9
982      1023      1048      2116      32
947      887      1101      2038      34
1361      1352      600      2081      92
1884      1967      92      2038      26
1959      1977      35      1940      42
99      121      2013      2014      49
2095      2000      10      1983      36
1943      1961      125      2063      44
922      990      1150      2028      6
2092      2112      20      2095      20
171      180      1873      2092      29
2009      1974      4      1987      99
1916      1987      112      2106      9
2024      2013      31      2042      48
1927      1923      100      1956      93
1667      1754      263      2015      37
2060      2082      10      2074      27
1986      2043      25      1964      68
1006      983      779      1838      290
2013      2056      6      2032      68
2089      2079      24      2095      10
2047      2133      54      1967      21
1999      1932      90      2140      5
1324      1414      774      1996      45
2067      2094      3      2077      59
2079      2064      8      2078      31
2130      2068      15      2083      19
2070      2039      5      2019      37
1883      1935      108      2045      10
1952      1967      55      1987      98
2106      2035      6      2041      45
1156      1207      934      2012      43
2074      2090      10      2046      23
1979      1863      72      2027      85
2047      1995      64      2087      9
114      109      1256      1309      753
1991      1984      14      1904      155
944      933      1097      2173      5
1196      1151      914      2033      22
2027      1990      25      2054      56
2023      1960      76      2071      1
1394      1368      708      2122      67
1960      2052      8      1997      81
2062      1922      39      1939      139
1977      1986      88      2116      47
1939      2046      64      2060      21
967      948      1150      2020      52
1994      2023      47      2035      71
2022      2062      52      2093      14
1132      1109      941      2080      39
175      148      1896      2037      24
1944      1897      108      2022      9
1837      1861      193      2042      51
178      195      1879      2073      16
2062      1927      32      2019      55
883      867      1148      2098      10
2014      2029      31      2027      47
1940      1933      161      2024      38
1982      1966      57      2038      21
1882      1899      207      2030      17
1320      1391      763      2072      7
2075      2035      73      2075      19
1977      2119      38      2080      11
158      140      1928      1987      101
1985      2056      32      2076      7
2033      2012      5      2067      8
2110      2055      11      2094      16
1383      1317      663      2103      53
1883      1857      194      2090      51
2021      1965      18      2010      63
1972      2026      41      2072      31
1848      1849      101      1895      146
2032      2061      5      2122      29
2004      2009      38      2038      27
1945      2031      76      1925      66
1926      1862      98      1979      85
67      68      1980      2066      38
1978      1835      177      2179      4
2022      2045      29      1976      77
2053      2142      6      2072      29
1809      1828      159      2032      60
1935      1913      137      2033      97
1897      1968      48      1974      97
2047      1997      8      2116      31
1913      1904      133      1957      60
2014      1960      7      1971      51
161      160      1690      1966      179
167      188      1742      1878      165
1940      2001      26      2108      63
2001      2010      49      2023      21
1954      1992      111      2079      52
1972      1948      94      2098      50
107      126      1954      2012      55
2036      2070      26      2074      22
1975      2015      13      1877      128
1927      1977      46      2044      85
1863      1929      60      1978      87
1215      1287      835      2019      32
1988      1968      83      2045      46
1937      1936      145      2009      15
2007      1904      119      2048      58
117      116      1956      2074      60
2090      1993      59      2118      36
1870      1914      202      2148      14
2098      2071      3      2000      17
157      176      1917      2128      9
28      25      2109      2051      47
2037      2133      12      2155      29
1973      1846      126      2059      42
2079      2065      12      2046      16
1970      2007      80      2087      36
1390      1397      693      2047      59
2004      1916      97      2088      15
2019      1937      62      1999      45
2086      1994      35      2054      22
2014      2047      20      2089      52
988      902      1048      2083      81
1879      1952      142      2072      8
1947      1947      68      2022      43
1977      1982      56      2071      54
1002      956      930      1886      191
1978      2069      37      2171      21
2069      2117      4      2109      31
183      183      1692      1957      194
2033      2068      80      2071      8
2060      2089      10      2032      37
1288      1337      795      2080      23
2104      1965      42      2110      12
2006      2055      6      2081      41
74      67      1965      2098      49
1920      1964      17      1999      113
149      147      1760      2048      81
2088      2051      22      2136      27
2074      2070      33      2003      26
1280      1222      777      2104      30
2124      2050      47      2114      27
199      182      1867      2082      14
1913      1968      158      2107      10
2025      2013      81      2083      7
134      156      1750      1928      173
2019      1907      60      2135      34
2012      2057      19      2038      28
1905      1987      157      2088      22
2035      2008      3      2105      65
2123      2054      31      2056      3
34      36      1965      1989      66
2003      1994      8      2021      59
2085      2084      28      2161      4
970      933      1133      2035      24
1986      2005      74      2085      19
2063      2087      18      1938      24
2036      2042      5      2137      12
1251      1278      773      2062      53
2032      2056      8      2111      9
1873      1925      62      2061      75
1885      2022      109      2093      57
1941      1969      38      2009      97
2011      1984      12      2142      22
160      179      1734      2057      107
2030      2032      35      2071      27
2029      2070      7      2106      6
2007      1946      124      1996      31
219      184      1900      2147      43
2100      2038      20      1985      33
2028      2019      95      2066      15
1957      2012      65      1885      101
2051      2035      77      2230      6
2037      2063      22      2052      27
40      52      1995      1985      95
2000      2030      4      2029      53
2068      2015      10      2034      51
2119      2063      49      2094      4
2036      1946      125      2141      36
154      170      1886      2094      31
2045      2067      5      2117      7
173      163      2017      2089      3
82      76      1967      2080      11
2007      1956      119      2141      16
1989      1857      72      2025      150
2037      2044      20      2009      43
1296      1402      726      2071      25
2058      2066      29      2139      7
1999      1964      50      2012      61
1982      2046      79      2062      45
947      971      988      1945      143
1911      1847      221      2044      25
1885      1950      111      1986      79
929      875      1136      2037      93
2071      1974      13      2129      24
937      982      227      1191      943
1984      2053      82      2037      12
188      196      1817      1900      75
2046      2081      43      2102      5
1008      926      1046      2019      60
132      135      1944      2061      14
1986      1933      114      2106      54
1365      1326      657      2091      20
1962      2117      22      1971      81
1965      2028      52      2055      36
1946      1922      117      2117      52
1386      1383      599      1916      154
1918      1922      39      2007      129
2000      2040      58      2072      12
1899      1962      88      2070      49
2009      2055      6      2055      37
1929      1961      138      1992      15
178      162      1849      2045      43
1976      2032      19      2043      53
2011      2038      18      2072      10
1991      1922      90      2070      15
2050      2075      21      2053      17
1997      2036      102      2071      18
1906      1875      157      2114      3
2043      2054      44      2041      27
2019      2012      23      2068      42
1901      1917      54      2027      68
2003      2054      13      2006      52
178      182      1897      2050      69
2064      2108      49      2117      18
1211      1243      883      2144      53
1974      2031      49      2140      5
2075      2036      17      2085      4
2038      2064      31      2065      14
1978      2020      8      2049      46
2100      1999      50      2072      18
2024      2050      39      1984      34
79      70      1978      2038      48
2091      2103      10      2116      26
1969      2078      50      2133      7
951      988      1157      2074      7
2036      2039      67      2071      17
2033      2037      45      2039      10
1723      1718      311      1998      95
163      161      1881      1897      58
1874      1924      126      2088      41
1120      1198      842      2026      89
2113      2125      2      2036      11
1951      2001      66      2015      78
143      138      1923      2081      19
2081      2157      28      2052      5
2059      2009      12      2009      47
2002      1896      64      2015      45
2054      2066      5      2099      8
2001      1994      57      2087      53
1815      1898      196      2075      28
2076      2146      6      2136      11
164      191      1720      1963      107
1215      1198      831      2046      17
962      919      184      1034      944
2001      2000      61      2184      17
138      165      1886      2052      38
1872      1948      3      2039      160
2036      1992      12      2020      28
2002      2104      43      2045      16
105      87      1929      2161      22
1988      2095      16      2005      22
2045      2037      1      2085      4
1049      1098      877      2010      57
145      174      1862      2129      3
1976      1968      93      2052      14
140      155      1906      2036      46
1345      1342      629      2113      69
1959      2004      76      2085      6
1957      1973      89      2088      29
1961      2002      104      2114      11
2034      2096      20      2071      6
1854      2005      34      2034      113
2052      1934      40      2051      9
2032      2042      21      2045      31
1992      1939      66      2010      37
136      136      1764      1954      160
1976      1879      43      1913      117
1996      2115      24      2068      11
1987      1995      21      2058      58
2038      2131      64      2018      3
128      125      2017      2093      4
2008      2036      18      1979      34
2004      2063      48      2056      12
1885      1804      206      2044      63
1387      1281      723      2013      107
1195      1192      882      2077      32
63      66      2083      2046      9
1977      1969      7      2018      85
2000      1974      63      2059      47
1107      1153      905      2143      3
2077      2026      34      2041      10
2018      2018      10      2040      41
1998      2001      67      2171      4
201      155      992      1170      983
1971      1985      68      2099      21
2010      2001      14      2040      57
1168      1165      834      2052      83
1955      1893      165      2054      14
1886      1875      116      1959      109
190      183      1892      2059      58
176      181      1913      2003      15
2186      1952      11      2160      31
187      147      814      995      1177
1106      1196      918      2111      42
2010      1993      68      2013      9
1833      1905      127      1923      116
2076      1958      7      2045      71
2026      1942      61      2088      24
2048      2016      101      2074      34
173      205      1659      1857      222
1837      1732      92      1962      207
186      172      1887      2071      32
2081      2035      37      2142      10
2085      2038      5      2074      11
1976      1948      91      2009      69
1912      2008      113      2070      14
2102      2090      8      2125      5
1941      2178      35      2035      7
212      202      1853      2062      29
960      983      1122      2086      47
2035      2041      57      2054      21
2051      2098      21      2074      1
1863      1822      86      1954      126
165      197      1810      1967      156
1333      1394      687      2070      51
1277      1254      718      2098      39
2025      2046      17      1973      48
1934      2028      66      2098      15
2063      2009      9      2094      32
2041      1986      82      1958      15
15      16      1986      2024      51
2096      1993      14      1949      51
2020      2079      58      2060      48
1857      1999      65      2057      65
1866      1883      47      2013      149
1866      1893      128      1984      104
164      195      1793      1921      69
2026      2065      41      2093      20
1037      939      1085      2124      8
2052      2045      36      2069      21
2056      2096      21      2054      44
1145      1167      882      2089      7
1067      1087      918      1947      142
1934      1972      72      2077      93
2004      2104      67      2100      26
1800      1926      181      1992      44
1942      1844      161      2053      59
1990      2045      22      2037      85
1753      1750      145      1944      152
2054      2073      66      2060      49
2078      2021      89      2105      4
1993      1858      168      2095      10
190      203      1847      2069      21
2047      2083      19      2103      8
1962      1858      110      1968      44
168      187      1845      2083      64
1013      1029      1083      2180      18
2008      2036      63      2150      8
2044      2019      14      1958      74
2076      2077      21      2076      18
2041      1976      23      2010      28
202      204      1885      2102      16
2011      2039      53      2101      12
1991      2025      61      2122      48
1942      2021      57      2057      57
2081      2117      24      2133      36
2067      2093      40      2169      10
2001      2088      15      2114      29
2104      2020      23      2131      26
1999      1937      67      2135      15
1245      1265      781      2064      36
1951      1991      57      2017      77
2146      2097      21      2035      10
1102      1029      1033      2028      31
2110      2024      6      2040      14
1991      1925      104      2175      49
1946      1926      140      1981      42
1902      1930      179      2115      37
2058      2078      73      2167      18
2013      2023      122      2153      18
2113      1957      11      2070      39
1901      1920      155      2116      11
1954      2000      28      1950      68
1818      1904      101      1914      78
2126      2058      20      2079      9
1840      1909      148      2043      65
1947      2002      56      2152      31
2000      2013      27      1989      19
945      925      1172      2033      9
2020      1961      23      2029      65
2092      2085      34      2046      5
2049      2096      9      2071      16
168      188      1934      1986      41
1981      1983      28      2063      65
80      77      1957      2057      36
2052      2156      26      2103      8
135      137      1931      2000      46
1814      1850      211      2123      19
1921      1997      107      2051      5
1897      1960      90      1983      33
1930      1928      66      2048      19
1965      2009      30      2024      44
1942      2005      74      2018      77
2040      1909      128      2057      36
2055      2149      7      2053      40
1952      1943      15      1910      122
2073      2043      28      2110      17
2049      2104      25      2046      40
1941      2080      57      1986      37
155      181      1884      2154      19
1938      2058      58      1995      16
2061      2090      5      2171      4
953      1007      1091      2043      56
1979      2094      6      1993      25
1993      2066      31      1990      8
2042      1983      76      2120      8
1928      1901      182      2088      21
2068      2059      21      2054      32
2034      2023      8      2137      31
2089      2070      23      2038      29
2045      2003      51      2020      18
1906      1863      45      1936      177
1803      1838      152      2002      97
2113      2065      15      2132      5
984      947      1032      1976      124
166      169      1631      1912      181
2110      2110      4      2037      10
2027      1971      36      2001      111
1146      1158      922      2113      7
115      98      1938      2041      16
2071      2058      13      1985      25
2096      2090      8      1986      18
1162      1188      878      2048      6
1857      1928      185      2047      37
159      146      1937      2183      15
2107      1943      16      2093      19
1953      2012      33      2156      60
1998      2029      62      2149      2
2006      1998      101      2105      7
2016      1981      41      2076      26
1978      2087      34      2037      15
1812      1897      76      1945      142
1988      2076      24      2096      33
914      911      1074      1997      118
2098      2044      20      2065      32
1945      1930      2      2059      96
1328      1289      455      1750      364
1938      1958      94      2098      40
2010      2008      44      2035      29
102      84      1787      2011      107
1946      1997      52      2051      18
1905      1933      22      1978      136
1002      1043      1052      2098      17
2087      2108      8      2175      14
2081      2020      68      2082      13
2111      2102      48      2167      4
973      998      1047      2017      84
1967      2015      111      2060      16
188      171      1967      2120      11
2060      2024      6      2085      36
1132      1120      919      2016      51
1923      1962      59      1993      96
1982      1893      45      2023      105
2028      2075      36      2075      4
2118      2188      25      2060      15
2062      1981      4      2108      18
2017      1954      22      2086      36
2006      2113      39      2095      8
1819      1842      216      2082      7
120      94      2017      2036      26
1983      2028      35      2002      60
969      968      1079      2005      56
1976      1849      58      1918      59
2099      2063      15      2041      14
2017      2125      36      2046      17
1949      2070      34      2062      17
1976      2019      48      2060      10
1756      1713      297      1984      89
2066      2084      24      2144      28
197      198      1916      2166      6
1993      2024      26      2007      2
1216      1217      887      2150      9
132      108      1802      1992      154
139      151      1890      2180      4
1855      1847      27      1888      203
1907      1875      151      2057      44
2030      2065      4      2070      6
182      147      1944      1977      98
2032      2047      9      1979      101
100      96      2006      2075      20
1867      1955      102      1980      54
1987      2017      25      2090      47
1961      1957      91      2094      54
1942      2050      52      2036      20
1975      1894      43      2040      81
1438      1340      730      2098      20
2029      2126      6      2132      21
1998      2064      51      2078      6
1992      2078      69      2031      11
1818      1831      149      2082      96
1959      1917      104      2075      5
1995      2011      169      2129      2
2132      2040      15      2117      4
2034      2055      17      2046      26
2021      2029      39      2058      7
2101      2140      35      2093      9
1717      1762      288      1935      50
94      104      1825      1970      138
2016      2019      106      2047      23
1875      1920      87      1998      112
2004      1919      121      2015      32
1870      2005      75      2083      33
2142      2121      48      2033      34
2000      1968      67      2106      58
2071      2080      8      2113      13
1824      1995      55      2061      100
1961      1992      129      2119      25
2009      2082      17      2101      11
2133      2060      4      2042      16
2039      2041      43      2101      18
1984      2029      55      2029      37
1980      2073      97      2059      4
2036      2084      12      2081      7
1225      1190      881      2076      29
2060      2085      6      2000      41
1929      1935      120      2019      87
2048      2066      47      1997      10
138      119      829      967      1118
195      189      1857      2039      97
165      175      1783      2023      99
1972      1956      97      2105      24
1344      1362      726      2107      22
1936      2078      9      1968      115
167      170      1187      1377      712
1714      1838      305      2044      29
1948      1967      131      2023      25
1874      1928      148      2132      16
2017      2042      16      1981      42
2036      2028      5      2109      20
2084      2059      15      2033      17
2024      2022      9      2032      27
168      177      1839      2102      37
1982      1877      72      2057      45
2137      1987      34      2052      10
147      116      1952      2050      26
1175      1218      829      2054      44
1997      2061      15      1916      58
2043      2152      7      2090      3
2112      2012      69      2095      10
2002      2085      15      2054      25
2122      1990      17      2009      71
117      125      1983      2094      28
1780      1642      372      2111      13
2109      2109      6      2085      39
2043      1913      2      1996      120
1977      1970      55      2021      53
1100      1087      1005      2109      8
2094      2047      20      2113      10
2170      2087      46      2144      7
1959      1918      8      1982      186
2104      2071      6      2058      4
2052      2139      36      2090      14
1972      1997      34      2014      84
1897      1903      65      2013      50
2110      2032      30      2078      6
1928      1932      131      2025      22
2057      2108      37      2050      8
1853      1916      92      1954      160
2038      2000      48      2061      11
2078      2007      44      2017      19
1993      1957      59      2158      7
2030      2115      7      2030      40
2011      2041      5      1964      64
1957      1984      21      1954      96
1125      1161      964      2098      4
1995      2080      52      2157      6
1972      2028      24      2079      49
1878      1913      134      2112      64
1880      1889      201      1967      28
198      173      1916      2069      8
2054      2011      36      2128      13
1394      1363      660      2053      17
2083      2185      9      2035      9
2002      2078      57      2030      10
1992      1968      20      2003      77
1975      1922      103      2160      43
1966      2047      62      2120      14
2000      2026      47      2128      45
203      162      1711      1971      187
2099      2094      13      2114      7
189      194      1886      2051      9
1863      1831      152      1989      114
1838      1762      263      1950      35
1962      2035      10      2044      77
1933      1918      106      1961      67
2028      2043      22      2085      25
1970      2032      114      2078      8
2059      2051      60      2097      3
2019      2041      48      2094      5
1381      1358      685      2102      35
2076      2130      21      2029      10
1900      1872      176      1985      9
1173      1141      900      2031      69
152      180      1827      2037      47
2027      2027      39      2064      29
201      182      1885      2059      10
195      194      1805      1954      88
2112      2064      13      2079      19
185      197      1881      2133      8
1922      1955      40      2007      126
2041      2043      5      2100      48
2035      2105      13      2038      7
1248      1281      784      2134      5
2042      2007      7      2060      66
2042      2061      29      2138      15
2091      2067      9      2055      12
2033      2040      32      2103      14
181      185      1864      2086      38
2112      2065      32      2058      21
1129      1214      861      2014      84
1922      1963      80      2024      41
157      141      1891      1952      91
1125      1155      927      2118      49
1910      1968      15      1880      215
1930      1933      152      2105      10
139      159      1863      2083      16
1225      1204      867      2029      21
1154      1107      827      1950      110
1983      1970      79      2133      26
2001      2081      4      2093      14
1319      1311      727      2016      57
2071      1975      28      2016      38
1986      1936      61      2066      50
1997      2012      105      2041      32
1901      1952      163      2107      24
147      134      1926      1955      48
2025      2062      44      2043      29
2001      1998      42      2033      84
911      900      1077      1914      137
1966      1960      10      2012      104
2057      1955      25      2016      62
1083      975      1002      2061      73
1991      1906      54      2059      41
2016      1929      52      2042      49
1983      1941      54      2001      71
1092      1055      984      2062      37
2079      1972      67      2152      13
2029      1919      85      2075      15
1967      2053      47      2067      94
1896      1903      47      1908      105
1886      1977      130      2067      13
2049      2009      35      2016      78
2005      2060      8      1948      109
1319      1343      701      2017      33
2033      2054      39      2093      36
2107      2045      30      2122      10
1972      1995      71      2019      39
136      195      2039      2090      13
1926      1963      103      2095      10
2002      2068      15      2067      44
197      176      1890      2140      14
1935      2068      35      2089      92
1969      1978      38      2134      43
2030      1925      14      1982      86
1146      1195      201      1402      681
1156      1151      899      2016      8
2004      1904      93      2130      49
2006      2077      28      2156      13
146      204      1968      1970      44
2006      1999      12      1951      94
1863      1872      69      1887      143
2062      2026      25      2074      13
2020      1948      45      2012      76
2053      1944      79      2094      7
1901      1887      20      2050      117
2104      2016      42      2114      10
1876      1807      201      2115      41
2059      1988      25      2143      32
1806      1810      226      2126      15
2080      1978      16      2077      23
1970      2005      43      2002      65
1946      1936      65      2089      37
59      99      1992      2108      20
36      41      1954      2061      33
131      147      1800      1956      151
2091      2014      52      2069      8
2007      2028      32      2034      21
1915      1930      28      1977      108
1664      1765      399      2117      4
2006      2177      6      2136      5
1199      1163      844      2008      66
1916      1994      30      2094      31
2193      2126      16      2004      7
1870      1912      121      1961      163
2018      2000      27      2059      28
1964      2063      45      2023      19
1851      2023      89      2072      83
2140      2040      7      2117      21
180      179      1936      2119      11
1885      1949      85      2080      37
84      82      1891      1945      80
2027      1975      55      2001      62
178      181      1921      2022      29
2002      2007      26      2049      90
1992      2045      16      2018      91
2055      2044      16      2116      26
2002      2018      56      2125      45
1960      2025      25      1992      105
1995      2019      21      2058      18
1915      1903      153      2113      26
1988      2030      53      2097      15
2096      2077      9      2160      14
2090      1988      10      2117      3
2059      2078      29      2068      12
1976      2070      33      2103      10
1842      1874      216      2020      3
882      994      1107      2058      23
2043      2099      22      2045      1
2018      2111      51      2069      15
988      924      906      1834      193
1938      1947      30      1972      88
1917      1930      127      2066      18
2061      2130      30      2050      18
1934      1981      71      2047      82
2020      2019      89      2172      3
2127      1901      25      2059      36
1960      2033      130      2077      21
1912      1985      149      2139      7
1895      1901      193      2133      8
989      1016      1095      2075      37
2072      2151      64      2056      9
2050      1970      63      2014      33
1317      1338      697      2075      23
174      198      1853      2023      33
919      980      1107      2124      32
2048      2053      42      2048      8
2053      2031      5      2085      8
1953      1913      128      2066      8
1994      2044      77      2000      7
2018      2026      18      2132      35
1947      1801      182      2053      20
1898      1955      88      2048      7
2006      1967      18      2031      57
1928      1948      52      2025      84
1969      2065      15      2151      18
2014      1932      107      2158      5
2130      2046      60      2066      13
2024      2101      20      2040      25
2064      1943      13      2038      44
2101      1977      17      2075      19
2060      2039      54      2078      7
2034      2049      18      2022      23
2048      2051      18      2106      70
1040      971      1011      1943      68
2104      1993      62      2018      34
200      177      13      194      1890
1958      2106      16      2048      10
2092      2111      8      2063      8
941      957      1006      2036      88
2047      1954      61      2021      33
39      53      1974      2025      17
2126      2096      5      2062      13
1903      1941      20      1998      96
2052      1938      55      2082      19
2051      2020      113      2045      14
2060      2137      4      2101      4
1976      2025      65      2091      20
1824      1876      171      1940      8
1994      1967      60      1985      103
2018      2020      4      2108      57
2119      1949      33      2007      9
1094      1116      815      1979      113
2085      2034      5      2053      38
2103      2058      15      2092      16
1959      2017      12      2047      71
2097      2129      9      2048      52
1948      1970      109      2171      4
2009      2077      13      2056      10
1989      1953      29      2009      32
2014      2047      55      2106      5
132      109      1710      1843      198
191      198      1647      1719      361
2131      2037      25      2114      25
1935      2001      21      2025      85
46      25      1964      1994      75
2046      1996      45      2060      34
2032      1981      20      2091      25
1062      1079      1068      2047      9
1999      2000      40      2129      38
1983      1974      59      2053      47
1726      1685      238      1975      124
2050      2009      77      2087      6
2043      2019      79      2048      6
163      162      1807      2069      13
1877      1903      85      2023      110
1387      1312      703      2050      51
104      116      1973      2051      42
2095      2037      21      1969      70
1762      1882      225      2017      10
2014      1986      8      2010      102
2050      1953      77      2001      52
1875      1771      25      1967      174
1274      1252      743      2049      36
1940      1982      163      2136      5
1919      1980      61      2087      16
2021      2066      90      2023      20
1984      1965      121      2009      7
1937      1964      56      2052      88
1956      1951      92      2072      45
1989      2021      77      2147      11
181      163      1966      2064      32
2098      2055      6      2092      5
1411      1359      702      2074      17
182      180      1915      2043      10
2047      2111      4      2026      26
2063      2142      33      2057      23
1996      1947      45      2064      7
2093      2055      28      2097      19
1939      1968      175      2083      5
1189      1214      849      2028      78
1131      1111      902      2124      42
1170      1119      843      2012      48
75      84      1931      2029      17
2020      2004      22      1993      66
1969      1949      121      2054      26
1971      2053      58      2125      9
2080      2036      10      2088      18
1965      2103      43      2083      47
1939      1988      55      1941      140
1976      1992      50      1876      121
213      196      1958      2117      12
1370      1398      702      2015      24
2029      1954      47      2101      15
1735      1726      312      2110      5
1221      1180      947      2063      18
2034      2082      15      2051      44
1872      1964      96      2034      66
1831      1796      243      2060      24
2098      2158      22      2144      19
2000      1997      43      2048      43
90      95      1903      1977      62
1842      1903      200      2109      7
984      992      1150      2184      9
2093      1974      52      2057      39
1936      1972      122      2073      4
2053      2009      38      2207      10
2150      2053      4      2085      35
1884      2031      73      1988      16
1957      1925      49      2006      89
1166      1177      839      1994      148
76      85      1991      2056      57
2027      2122      22      2043      37
2039      2024      55      2203      8
1080      1040      842      1954      207
149      148      1950      2057      41
2011      1941      58      2160      15
965      971      1088      2191      22
2001      1997      9      2076      26
2055      2001      41      2040      46
1955      2024      102      2052      10
77      80      1990      1958      39
1422      1310      697      2161      11
69      89      1786      1975      182
1912      1963      99      2025      33
940      978      1104      2020      37
2042      2109      13      2149      5
1987      1985      21      2182      17
133      176      1916      2003      116
2038      2090      16      2038      43
212      203      1868      2032      27
1961      1890      135      2085      8
2027      2064      34      2129      4
1976      1929      86      1956      94
2035      1979      14      2113      27
2065      2059      18      2048      53
2034      2111      18      2040      13
2027      1990      69      2090      5
1985      1975      90      2005      65
2119      2106      5      2072      17
1000      945      1046      2008      68
