961      960      465      1542      9
1487      1484      20      1506      10
1464      1387      64      1513      57
1479      1507      41      1520      4
1534      1595      14      1565      6
1489      1447      41      1518      18
1485      1476      28      1549      12
142      123      1363      1462      36
1459      1433      19      1452      24
1533      1434      71      1501      30
1468      1406      34      1471      56
1444      1503      22      1506      41
733      712      820      1506      6
1493      1436      31      1433      11
1325      1397      32      1377      162
1439      1474      47      1530      33
1438      1457      25      1564      27
143      129      1295      1397      78
1483      1500      12      1540      6
1466      1480      18      1470      23
1480      1480      11      1485      7
1453      1417      49      1498      55
1459      1437      77      1495      26
1373      1445      74      1461      23
1496      1435      29      1490      4
1488      1505      6      1519      23
1270      1277      134      1465      71
151      131      1276      1420      32
691      684      806      1499      47
1430      1487      1      1463      29
1419      1452      56      1591      17
1512      1427      53      1512      31
1383      1447      71      1492      8
1476      1463      11      1519      20
1504      1456      4      1527      0
1462      1448      5      1509      36
1358      1451      59      1508      38
1520      1401      69      1492      20
1430      1429      34      1466      43
145      146      1350      1432      74
1436      1464      13      1378      34
1515      1502      12      1526      6
1481      1490      9      1433      3
1449      1363      50      1508      4
1437      1435      19      1591      48
743      702      709      1491      59
1421      1444      25      1386      64
954      1024      493      1507      4
1438      1521      14      1543      13
1358      1445      112      1527      13
144      135      13      156      1373
1429      1338      6      1484      72
1456      1548      24      1484      9
1460      1551      5      1546      6
1411      1368      83      1499      20
1507      1439      28      1524      38
1435      1492      42      1462      8
1422      1443      36      1434      1
1378      1389      81      1475      5
912      931      638      1512      7
1508      1472      57      1520      15
1459      1404      81      1456      61
1385      1404      128      1446      27
1482      1414      24      1509      19
1493      1445      105      1499      5
1493      1376      7      1422      75
703      725      754      1525      8
1446      1456      32      1513      10
1533      1506      23      1529      3
1436      1461      6      1461      13
699      726      738      1445      92
1493      1456      42      1484      5
1441      1466      47      1479      29
1516      1458      39      1551      1
1499      1412      23      1469      39
1419      1463      57      1462      46
1481      1440      49      1486      10
1039      1084      468      1617      4
1399      1460      60      1517      67
1523      1468      43      1512      5
1434      1437      3      1470      11
1476      1455      42      1441      11
887      851      698      1514      6
1458      1413      22      1502      3
1435      1476      38      1539      13
1444      1514      18      1482      9
1495      1379      24      1496      22
100      97      1297      1407      90
1547      1495      6      1533      26
1522      1479      12      1517      4
1526      1447      25      1497      21
1458      1471      28      1512      10
1050      1089      451      1426      5
731      766      748      1452      74
1428      1462      33      1472      55
1479      1447      56      1462      31
1540      1468      27      1573      4
1330      1305      136      1483      29
1524      1495      13      1530      4
1437      1448      60      1538      4
658      719      770      1426      14
1506      1480      19      1530      6
1413      1438      44      1460      2
1451      1424      62      1469      27
739      675      771      1419      37
919      941      402      1358      195
1500      1438      28      1554      7
1506      1528      5      1449      3
1553      1542      24      1559      6
1418      1422      45      1541      13
141      145      1240      1331      167
135      142      1340      1487      3
1443      1404      29      1461      26
84      92      1410      1477      18
1488      1469      10      1533      7
1501      1446      39      1526      48
1443      1443      32      1449      27
1457      1451      9      1465      12
1425      1486      5      1432      70
882      911      568      1509      57
1561      1476      30      1510      2
129      133      1179      1305      174
1489      1444      21      1444      9
1500      1511      9      1540      29
115      100      1015      1090      470
1491      1490      2      1514      4
1394      1322      109      1516      55
1480      1554      43      1505      16
1383      1412      32      1441      46
1001      1040      423      1490      42
1512      1495      70      1471      2
1463      1488      37      1493      14
1477      1461      34      1450      23
1479      1477      20      1496      14
1398      1406      46      1474      44
1386      1362      111      1480      14
5      12      1529      1497      43
1423      1446      11      1492      55
1481      1442      39      1473      17
1475      1474      5      1465      39
1440      1419      6      1482      39
1472      1419      32      1443      11
1538      1508      6      1492      12
1013      1014      504      1432      18
1530      1483      4      1431      4
1304      1267      183      1520      25
1415      1432      113      1531      11
654      632      800      1536      21
1448      1412      18      1548      75
1389      1402      117      1558      4
1501      1447      29      1504      5
1503      1430      12      1503      29
1467      1463      34      1542      33
1017      982      535      1460      4
1460      1478      28      1498      29
121      96      1397      1538      18
753      715      705      1581      16
1503      1466      36      1495      15
1412      1548      6      1472      5
1430      1491      19      1511      11
1524      1476      15      1509      2
1439      1449      24      1459      19
1438      1404      72      1499      7
1506      1480      3      1555      8
1383      1424      53      1480      33
1461      1524      22      1488      44
1410      1489      20      1425      9
1494      1473      10      1456      9
1502      1496      29      1525      28
691      678      789      1497      28
1522      1529      4      1465      14
1512      1489      32      1458      16
1442      1462      80      1492      3
1487      1483      26      1491      9
72      77      1390      1501      31
1480      1427      39      1479      27
1437      1523      19      1486      34
1376      1297      88      1481      47
1417      1477      16      1470      21
1459      1496      16      1486      9
1520      1518      12      1483      11
698      711      594      1303      179
1567      1458      10      1612      8
1447      1439      51      1443      43
1488      1435      10      1493      42
1435      1444      11      1477      48
1437      1419      43      1457      38
1490      1479      31      1517      16
1430      1508      30      1501      13
1478      1503      14      1489      40
59      61      1495      1425      14
1425      1547      31      1545      3
1468      1477      11      1484      12
1465      1424      36      1467      10
1497      1398      52      1493      33
733      701      796      1492      3
84      96      1416      1537      6
35      45      1394      1522      18
1029      1041      434      1476      36
1387      1402      105      1473      17
132      124      1309      1442      13
1543      1530      6      1531      7
1423      1571      12      1531      4
1012      1023      445      1554      7
1458      1491      12      1415      22
1470      1493      31      1550      5
141      147      1341      1541      12
64      69      1481      1478      13
1358      1423      39      1466      60
780      731      775      1510      12
1512      1463      3      1448      30
937      860      625      1546      3
1474      1461      49      1481      35
1483      1511      42      1539      7
1474      1495      26      1449      15
860      840      155      983      470
1461      1452      31      1443      25
93      122      1369      1447      38
1498      1552      4      1521      9
1416      1470      95      1476      3
1488      1439      12      1497      48
159      144      1371      1468      3
68      78      1277      1418      80
1513      1496      13      1620      8
115      143      1339      1541      7
1432      1450      6      1457      21
687      668      616      1338      131
1435      1459      63      1522      11
107      125      1339      1485      28
904      916      17      923      628
1461      1542      9      1540      32
1479      1529      28      1508      9
1428      1415      56      1501      28
1475      1405      113      1406      24
1506      1517      10      1503      7
1523      1455      2      1479      40
1450      1419      39      1439      50
1410      1386      111      1440      6
1479      1377      49      1475      17
1487      1511      0      1529      32
100      85      1402      1520      17
726      767      757      1498      35
1499      1522      13      1501      7
1522      1487      5      1540      8
1451      1427      30      1468      60
1505      1484      14      1450      21
1530      1498      9      1437      4
1416      1353      86      1389      10
1474      1509      14      1493      9
1394      1499      45      1465      13
153      127      1312      1414      46
1423      1576      13      1473      29
1391      1455      51      1482      36
1434      1440      79      1421      16
1417      1394      34      1404      55
1460      1436      80      1564      12
1409      1441      61      1504      3
1495      1476      28      1493      6
1512      1406      7      1523      26
1508      1536      10      1418      3
1333      1411      69      1489      29
1474      1517      31      1491      22
1410      1405      68      1501      16
1494      1459      15      1451      13
1420      1516      10      1399      43
1543      1475      16      1514      31
1432      1396      44      1508      33
1344      1359      149      1462      23
1455      1447      7      1473      37
1510      1510      6      1531      5
1442      1511      10      1526      2
1428      1459      10      1420      35
811      773      666      1476      9
125      113      1438      1487      10
841      897      521      1424      98
1048      1086      419      1461      54
1435      1502      24      1509      17
1457      1486      6      1508      40
1462      1416      91      1520      2
1483      1477      39      1574      4
1492      1488      11      1507      25
942      948      531      1503      4
1440      1431      43      1523      41
717      655      759      1423      22
880      893      568      1463      34
1316      1344      104      1518      17
116      149      1337      1493      28
771      774      740      1483      9
28      38      1491      1525      20
1464      1542      15      1398      26
1495      1411      95      1472      15
1417      1464      41      1537      19
1461      1433      6      1520      9
1368      1397      56      1482      43
827      904      625      1477      19
1442      1473      35      1487      8
1449      1472      8      1493      34
1438      1517      20      1517      9
111      128      1311      1410      88
1465      1372      63      1381      21
1343      1324      63      1439      33
1426      1405      51      1520      6
1560      1477      15      1552      21
783      720      747      1430      4
1460      1468      71      1456      5
1475      1518      9      1506      30
124      154      1363      1414      7
1454      1483      12      1520      14
127      148      1268      1397      87
1453      1519      49      1503      22
1403      1506      29      1441      24
1495      1496      25      1540      1
695      707      791      1526      15
1418      1478      61      1404      22
1308      1374      161      1433      15
1510      1512      15      1515      25
140      153      1324      1508      17
1431      1449      10      1497      24
1387      1397      70      1491      33
1465      1428      34      1463      11
889      867      595      1564      19
1482      1531      12      1467      6
1482      1408      18      1514      66
1466      1482      12      1526      12
1391      1390      88      1478      41
1359      1374      18      1421      93
1471      1495      15      1501      27
1488      1483      3      1543      22
1042      1058      450      1522      12
911      906      534      1535      68
1519      1476      10      1509      23
1547      1531      22      1494      13
1489      1504      3      1529      15
1483      1468      33      1465      11
1392      1392      86      1431      56
1400      1434      19      1484      59
1558      1462      13      1514      3
1535      1479      16      1539      20
127      131      1399      1537      3
1440      1492      45      1467      46
1518      1485      3      1474      18
1506      1472      6      1489      2
1325      1428      103      1528      13
1385      1353      133      1546      5
1433      1438      34      1518      37
1437      1423      67      1563      10
1392      1379      16      1448      65
1478      1430      38      1481      21
1394      1415      61      1542      41
1465      1421      32      1487      27
1497      1492      7      1463      39
1408      1485      30      1522      1
1542      1521      21      1490      13
1513      1479      8      1500      6
1444      1413      14      1431      75
1350      1474      55      1415      57
1421      1414      41      1463      36
664      626      919      1495      1
1553      1540      11      1544      5
1494      1571      7      1552      12
1533      1445      5      1492      19
101      110      1363      1473      30
1499      1483      14      1494      4
1419      1429      13      1474      62
1484      1501      10      1516      19
895      912      555      1393      23
1432      1474      34      1526      31
1484      1400      68      1567      14
1367      1435      39      1422      48
1534      1441      11      1456      2
1533      1541      3      1555      9
1402      1489      74      1519      9
768      753      628      1468      88
1527      1442      21      1534      22
1400      1395      45      1511      52
1434      1456      43      1496      26
1451      1382      88      1504      8
1438      1451      20      1476      41
860      825      608      1508      4
1469      1503      15      1493      7
1438      1504      26      1395      40
134      151      1382      1500      6
1497      1459      18      1509      68
1492      1422      6      1505      16
1387      1454      80      1497      33
1325      1338      115      1472      64
145      126      1322      1470      49
1487      1537      52      1570      12
1414      1452      86      1443      4
137      122      1293      1551      17
97      112      1303      1408      60
1573      1522      31      1489      12
1003      1033      437      1489      10
1491      1402      23      1387      54
1503      1452      27      1465      27
1500      1400      73      1511      7
1390      1430      12      1446      54
1341      1370      142      1504      4
1438      1509      48      1470      13
998      1052      424      1497      37
1450      1462      7      1538      8
1379      1457      46      1541      2
1480      1478      25      1497      10
900      897      639      1524      19
1484      1492      27      1438      35
1424      1447      24      1511      4
690      725      677      1416      52
740      741      736      1457      37
1372      1431      39      1510      23
670      700      764      1471      38
1445      1400      47      1477      66
1467      1447      44      1472      8
1482      1516      7      1554      7
1501      1483      39      1518      13
1464      1497      6      1449      15
1463      1467      39      1455      13
1523      1449      33      1447      10
958      1001      430      1390      84
1446      1425      2      1512      48
1486      1473      11      1472      5
905      876      591      1489      30
1487      1507      38      1578      9
1446      1405      28      1489      22
1469      1416      27      1519      6
1524      1392      36      1541      52
1518      1525      4      1479      47
121      140      1467      1489      2
110      145      1344      1475      46
1454      1481      5      1530      11
97      111      1439      1571      10
1447      1469      17      1562      27
1396      1421      15      1467      62
1401      1377      152      1504      3
1473      1392      8      1519      10
156      140      1315      1428      93
119      96      1380      1432      47
1429      1500      46      1522      5
1337      1384      16      1443      79
1494      1538      3      1501      36
1519      1554      29      1470      2
1552      1436      20      1514      27
1553      1499      20      1439      3
1419      1437      16      1500      50
1441      1492      49      1485      5
1510      1522      5      1478      2
1427      1445      3      1382      73
1439      1505      30      1503      9
1467      1402      37      1497      35
142      136      1388      1451      21
114      107      1355      1474      22
1452      1377      53      1441      53
1462      1487      26      1438      8
1397      1398      86      1445      19
1377      1522      42      1488      7
1375      1413      83      1506      3
1413      1444      76      1477      8
1448      1494      29      1503      3
1443      1499      28      1510      48
1526      1496      10      1600      6
1440      1478      47      1518      4
753      777      785      1468      5
1027      1030      472      1482      30
1396      1356      91      1553      16
732      752      783      1543      24
1392      1437      48      1471      15
1047      1034      451      1436      21
1460      1472      12      1462      17
1484      1472      51      1451      14
125      155      1318      1496      29
1415      1440      24      1442      6
1429      1430      9      1460      58
1433      1499      2      1447      19
139      139      1281      1551      23
851      821      726      1467      6
1489      1426      11      1459      49
1418      1440      34      1433      41
1374      1359      91      1513      12
1367      1401      107      1454      33
1512      1446      27      1561      16
1462      1463      3      1485      31
1047      1041      389      1447      75
1444      1397      81      1484      4
1411      1388      80      1496      29
1525      1514      15      1518      21
1502      1450      25      1467      42
1419      1464      41      1497      22
1352      1413      103      1445      24
116      104      1349      1449      79
1443      1492      15      1498      39
1462      1430      74      1490      1
1437      1397      65      1550      44
138      147      1290      1465      41
1364      1373      42      1408      118
1524      1458      6      1550      15
829      776      506      1350      149
1418      1423      85      1494      5
1396      1456      70      1419      37
1386      1472      38      1464      36
1419      1345      78      1462      6
1469      1486      4      1488      45
1420      1442      66      1562      3
1566      1499      1      1552      6
125      153      1370      1508      31
728      703      775      1433      66
147      148      1371      1484      32
1454      1422      12      1409      56
987      975      511      1463      12
1526      1563      4      1542      9
1500      1376      17      1480      52
848      864      668      1479      10
1459      1504      15      1491      15
1475      1335      61      1482      29
1515      1487      13      1497      5
1463      1430      7      1444      46
1520      1468      5      1514      2
170      146      1391      1511      18
1430      1369      21      1463      49
1498      1493      23      1465      46
1419      1456      98      1451      5
1450      1512      9      1424      41
1474      1422      19      1515      41
144      154      1389      1470      12
1439      1399      37      1478      33
1427      1463      48      1485      15
1432      1458      97      1537      5
996      1032      425      1449      31
1491      1513      18      1491      8
1467      1427      4      1451      18
1524      1535      6      1464      1
1507      1439      5      1511      13
1456      1442      24      1556      20
1512      1424      19      1443      58
1491      1541      8      1523      22
1487      1403      20      1486      29
1381      1372      139      1444      15
1471      1419      31      1495      46
1475      1469      95      1518      9
1505      1546      5      1534      3
1461      1448      21      1417      22
98      90      1292      1392      95
652      717      806      1500      32
1470      1461      12      1536      15
1417      1454      7      1439      42
1351      1412      96      1508      50
1400      1345      51      1425      72
1410      1484      18      1492      8
1386      1405      34      1519      26
728      718      818      1439      32
1504      1486      13      1515      26
1512      1459      4      1513      4
705      698      841      1496      6
1421      1526      35      1492      17
979      1018      464      1520      50
128      138      1320      1500      53
1354      1422      75      1430      20
1411      1446      22      1462      48
1442      1463      58      1542      8
1506      1441      60      1493      8
1503      1418      28      1488      5
1440      1455      50      1452      22
1457      1545      14      1429      23
1490      1461      6      1487      12
1489      1441      1      1484      37
1410      1373      22      1423      57
857      842      548      1444      37
1511      1558      5      1432      14
1423      1415      85      1451      6
111      125      1368      1520      13
1440      1318      63      1505      47
1356      1380      158      1463      60
1491      1530      30      1492      14
1466      1485      13      1488      68
1416      1429      29      1546      21
1480      1441      46      1481      4
1499      1434      27      1538      3
648      658      801      1462      23
1501      1442      23      1430      36
1026      1050      448      1420      65
1465      1418      16      1451      63
1403      1527      10      1475      23
888      858      635      1451      2
1449      1406      81      1490      22
1436      1416      73      1439      28
689      670      750      1444      60
1405      1491      26      1529      15
1000      1042      444      1453      5
1347      1425      45      1473      7
847      893      596      1454      39
1473      1401      46      1451      62
1416      1486      47      1519      14
50      66      1482      1438      35
1030      1045      449      1479      23
68      64      1443      1483      2
1366      1389      71      1486      17
1446      1425      29      1474      15
1032      1031      472      1507      11
1389      1527      71      1495      9
1342      1307      127      1508      9
1063      1028      458      1521      4
1479      1391      10      1506      28
1430      1388      92      1473      14
1499      1469      20      1508      10
1459      1453      9      1466      18
1452      1450      4      1455      15
1473      1394      47      1455      9
1490      1530      10      1494      38
1425      1439      42      1473      17
1282      1355      181      1562      4
116      118      1339      1431      6
1522      1487      31      1552      7
1484      1490      4      1445      43
1512      1447      22      1517      24
699      743      778      1517      32
871      820      575      1515      39
909      890      662      1470      6
893      920      573      1515      14
1519      1484      7      1565      3
1013      1065      510      1552      6
1390      1365      26      1452      80
1535      1519      3      1520      1
1519      1540      21      1514      5
1466      1478      18      1498      45
1397      1452      0      1534      11
1573      1487      18      1544      16
1475      1440      23      1504      20
1451      1430      8      1427      35
1446      1400      49      1505      37
1440      1358      57      1360      61
716      743      764      1428      93
1465      1443      30      1551      2
1470      1366      67      1500      7
1481      1535      23      1489      8
1384      1461      121      1504      24
139      137      1303      1471      68
1485      1448      7      1458      64
1439      1506      36      1497      16
1472      1451      5      1539      8
1380      1374      36      1465      73
1497      1440      6      1483      31
1475      1396      82      1414      42
138      109      1331      1426      49
1535      1470      41      1476      32
1442      1505      4      1499      16
1347      1423      32      1483      25
1555      1496      9      1496      4
1416      1414      35      1529      52
1443      1431      95      1490      7
1498      1464      56      1476      22
1454      1412      45      1408      9
875      886      674      1465      3
122      102      1423      1420      16
1490      1459      67      1490      16
1465      1483      22      1488      18
1424      1475      35      1513      11
104      104      1357      1507      15
1457      1432      7      1450      73
1356      1408      50      1491      12
1414      1436      76      1403      30
1388      1329      140      1433      25
1502      1514      16      1549      12
1460      1408      57      1484      1
1388      1378      23      1421      63
1418      1460      66      1493      14
1444      1482      75      1520      5
77      77      814      875      595
1564      1426      8      1516      2
1504      1474      30      1525      2
1465      1388      42      1516      5
1394      1403      74      1461      41
136      165      1336      1481      20
1402      1443      22      1514      35
114      108      1335      1523      24
1452      1418      47      1558      9
1498      1544      14      1544      13
1408      1411      69      1492      16
1508      1548      3      1479      18
1358      1379      2      1461      73
1415      1440      47      1449      5
971      969      472      1392      49
1433      1497      15      1502      3
1542      1503      15      1517      5
1392      1390      51      1450      36
1469      1422      37      1457      30
1441      1489      18      1429      35
1410      1367      110      1435      13
1448      1437      17      1536      3
1508      1512      19      1464      5
1442      1397      23      1434      26
1450      1423      19      1503      5
727      755      775      1524      20
1511      1400      32      1459      7
1494      1479      8      1481      23
1396      1491      28      1475      14
1277      1437      118      1496      5
1446      1464      29      1518      14
1534      1406      31      1506      34
1493      1515      33      1515      13
636      677      811      1426      16
1426      1496      55      1509      1
722      730      157      836      699
1516      1504      6      1479      10
1075      1092      425      1499      35
1522      1502      13      1543      14
1416      1428      34      1508      34
937      859      624      1563      3
1465      1431      21      1590      5
791      784      629      1472      46
1509      1555      15      1512      11
1407      1410      115      1463      22
1460      1476      49      1591      12
146      135      1254      1406      112
1492      1501      12      1512      10
1479      1430      13      1488      27
1486      1473      28      1519      15
1493      1489      15      1523      15
1451      1454      16      1431      5
154      148      1306      1455      13
1504      1388      71      1521      2
1506      1476      36      1503      4
112      116      1362      1449      30
131      127      1367      1492      3
1353      1434      7      1432      72
1556      1514      3      1520      21
746      743      800      1491      14
1497      1422      52      1527      12
1474      1459      12      1474      41
1431      1449      36      1568      6
1418      1463      84      1480      6
1465      1421      44      1544      6
1379      1398      115      1519      10
1452      1472      4      1469      52
144      123      1352      1556      11
136      149      1329      1490      26
1410      1450      33      1459      50
1489      1446      52      1474      8
1483      1379      56      1516      8
1499      1477      7      1511      13
1385      1341      38      1476      67
1513      1494      1      1503      12
1447      1501      12      1489      28
93      90      1394      1506      50
1391      1469      30      1457      62
1424      1444      42      1487      38
1488      1449      37      1491      37
1454      1487      15      1484      26
1505      1470      3      1483      5
1439      1504      27      1481      7
1470      1435      58      1457      11
1462      1523      23      1441      18
1444      1439      18      1473      40
1013      1021      453      1449      28
653      614      848      1529      34
1469      1493      45      1559      22
885      908      616      1499      17
1438      1428      62      1476      31
1521      1441      9      1457      8
1370      1535      35      1521      26
1569      1504      7      1548      14
89      83      1427      1533      13
1422      1491      23      1506      21
980      951      460      1440      26
1532      1463      3      1533      3
905      849      587      1487      55
1455      1449      15      1479      39
1400      1536      14      1503      32
108      102      1250      1384      116
1478      1548      9      1547      10
1461      1546      23      1549      3
1507      1464      1      1438      32
1520      1510      19      1495      12
1500      1500      15      1509      6
1501      1462      19      1428      31
120      133      1317      1493      27
1442      1409      25      1450      18
1498      1486      24      1533      13
1427      1525      9      1549      28
1470      1475      29      1462      10
1460      1481      20      1558      2
1426      1475      66      1511      25
1421      1463      108      1491      17
1515      1491      4      1462      3
1395      1466      36      1473      34
1426      1488      53      1505      13
1534      1453      37      1509      3
1496      1464      39      1514      2
1450      1457      6      1523      28
134      146      1377      1457      49
1549      1515      11      1508      3
1463      1485      4      1461      23
1480      1389      30      1503      32
141      118      6      135      1293
1430      1413      58      1556      2
1468      1445      33      1441      52
1522      1481      13      1447      21
1480      1542      16      1471      20
1442      1432      56      1464      4
1440      1517      28      1543      20
135      145      1341      1525      30
1429      1360      26      1411      91
1027      1065      453      1513      13
86      95      1397      1533      7
1506      1484      9      1505      12
1488      1488      18      1530      18
1125      1042      398      1453      44
747      738      761      1488      10
1379      1391      72      1451      31
1496      1400      8      1494      39
1466      1451      39      1517      4
1335      1314      151      1524      3
1407      1506      28      1485      19
1405      1409      25      1405      88
862      912      649      1550      29
1417      1357      81      1484      19
1530      1502      24      1530      3
1498      1449      15      1485      6
1445      1422      64      1514      44
749      703      190      883      597
1077      1047      28      1077      455
1381      1395      124      1500      8
136      116      717      868      667
76      60      1464      1503      23
1248      1249      120      1407      61
1506      1465      21      1459      7
1205      1306      194      1531      20
1398      1493      11      1519      19
108      115      1364      1468      41
1362      1419      46      1506      39
1491      1545      1      1487      18
681      694      730      1480      91
1449      1496      13      1481      73
1442      1399      16      1494      79
1380      1386      65      1378      41
1412      1375      33      1424      50
1453      1455      46      1493      11
156      143      1318      1519      27
1439      1422      45      1486      10
737      724      739      1547      8
1483      1433      40      1538      5
993      1046      462      1539      19
1306      1411      140      1512      32
701      711      743      1409      42
861      866      550      1487      73
1456      1470      15      1459      49
1511      1442      37      1559      11
1547      1419      10      1484      19
1515      1492      34      1452      2
1474      1501      38      1482      2
159      165      1303      1480      60
1452      1463      13      1501      4
1509      1519      30      1541      3
1507      1473      27      1564      19
884      906      617      1498      6
1451      1499      6      1553      3
1434      1401      61      1523      6
1465      1376      27      1462      38
1481      1483      23      1509      20
1425      1438      76      1454      19
97      109      1372      1518      56
1428      1472      5      1509      25
1497      1426      48      1534      19
1508      1506      9      1522      5
1054      1038      483      1491      13
1505      1505      32      1495      12
1434      1360      122      1492      39
1459      1398      70      1494      26
1453      1466      19      1523      5
1498      1481      72      1491      14
1473      1430      15      1414      35
850      784      660      1463      16
1355      1421      129      1494      26
855      926      596      1448      47
136      173      1355      1545      6
1484      1430      15      1494      10
1438      1433      67      1503      4
1419      1405      60      1498      20
1465      1448      31      1453      45
1379      1547      64      1492      6
1499      1474      7      1507      30
1454      1507      11      1373      82
1434      1461      30      1488      30
1492      1484      40      1434      45
1467      1433      28      1503      35
1424      1454      15      1444      110
1445      1449      56      1508      22
1443      1416      86      1506      10
1456      1441      53      1472      12
1394      1455      27      1421      43
733      718      761      1518      23
682      702      825      1472      8
671      658      726      1469      64
132      131      1424      1533      10
1467      1508      36      1482      19
59      42      1379      1435      50
943      993      548      1449      18
1474      1490      29      1486      12
1459      1500      8      1431      30
1423      1471      47      1507      1
1471      1477      25      1517      17
1043      1041      430      1536      14
1497      1437      15      1495      19
1373      1417      25      1496      35
1507      1419      24      1474      11
35      24      1421      1433      104
1405      1481      48      1569      10
1509      1459      16      1458      17
1435      1497      19      1420      35
1465      1515      2      1488      9
887      851      513      1407      79
1554      1432      9      1512      4
1500      1553      3      1512      24
1472      1496      21      1472      19
1455      1509      6      1459      9
1460      1442      19      1534      42
1420      1450      60      1516      22
743      720      687      1440      57
1509      1461      14      1562      16
1429      1459      22      1506      30
998      1052      512      1503      13
1438      1454      45      1482      3
1299      1359      69      1473      49
153      121      1334      1446      7
1381      1344      125      1499      24
1485      1493      30      1555      7
1453      1487      36      1476      5
1479      1416      23      1531      9
1376      1436      17      1473      72
1406      1371      35      1530      52
1385      1433      97      1497      5
1392      1451      58      1532      5
1437      1444      5      1465      54
39      40      107      152      1342
1465      1470      10      1539      15
1554      1548      12      1516      10
1524      1459      2      1471      9
1352      1370      19      1417      100
859      825      501      1408      134
1482      1502      4      1503      33
1499      1488      7      1511      28
1472      1476      13      1423      35
1491      1512      4      1457      29
903      845      577      1395      66
1490      1422      9      1457      21
1042      1027      474      1445      3
768      697      784      1437      54
1467      1539      17      1494      13
1474      1501      24      1436      9
1312      1318      139      1530      36
1500      1411      68      1520      23
874      894      610      1532      11
1428      1461      9      1417      34
1426      1449      7      1507      60
1280      1240      190      1450      40
1487      1471      46      1467      24
1426      1465      15      1500      4
1449      1427      44      1473      5
733      733      763      1519      24
1446      1449      67      1509      7
841      859      643      1477      35
1512      1499      20      1500      6
108      95      1432      1545      38
154      133      1307      1445      31
1074      1063      437      1459      4
1450      1550      22      1529      16
1405      1458      67      1497      5
1471      1410      39      1413      19
1435      1479      7      1558      17
1478      1490      5      1441      44
1470      1421      12      1576      3
1419      1363      60      1533      12
1398      1373      103      1496      12
1447      1558      3      1458      48
1487      1545      16      1493      5
1493      1410      43      1425      44
1459      1434      43      1438      54
1476      1472      29      1510      7
156      136      1339      1373      85
1451      1449      59      1505      18
1492      1526      4      1531      11
1419      1389      102      1560      4
1559      1451      25      1532      13
1481      1391      66      1451      54
848      848      599      1439      60
1350      1412      106      1463      21
1523      1529      5      1513      17
1487      1420      3      1432      52
1429      1464      15      1509      24
1501      1450      6      1548      20
1458      1411      74      1465      11
1338      1294      143      1512      40
1473      1494      24      1476      23
139      133      1306      1484      9
127      105      1221      1386      139
1494      1519      44      1487      4
1477      1482      5      1522      5
1414      1408      26      1420      73
1534      1431      16      1556      36
1374      1355      112      1451      28
941      890      529      1419      47
1483      1493      13      1486      30
1458      1424      15      1430      17
