338     5070     5070
337     4532     4532
336     3981     3981
335     3528     3528
334     3153     3153
333     2755     2755
332     2447     2447
331     2116     2116
330     1871     1871
329     1623     1623
328     1453     1453
327     1305     1305
326     1122     1122
325     992     992
324     859     859
323     753     753
322     659     659
321     612     612
320     518     518
319     473     473
318     408     408
317     373     373
316     338     338
315     312     312
314     270     270
313     228     228
312     185     185
311     173     173
310     151     151
309     137     137
308     113     113
307     100     100
306     100     3229
305     98     2894
304     97     2606
303     95     2317
302     93     2063
301     91     1828
300     89     1616
299     88     1393
298     87     1185
297     86     1088
296     83     947
295     80     823
294     77     712
293     76     613
292     75     564
291     74     510
290     72     434
289     70     376
288     65     345
287     61     311
286     58     276
285     55     244
284     53     226
283     52     193
282     51     186
281     48     162
280     45     145
279     41     128
278     38     133
277     35     123
276     33     106
275     30     3921
274     30     3447
273     30     3073
272     30     2709
271     30     2406
270     30     2132
269     30     1880
268     30     1690
267     30     1541
266     30     1325
265     30     1164
264     30     1039
263     29     935
262     29     824
261     29     762
260     29     662
259     28     589
258     27     522
257     27     474
256     27     424
255     27     370
254     26     344
253     26     291
252     26     249
251     26     233
250     26     211
249     26     189
248     26     176
247     25     162
246     25     148
245     24     142
244     23     111
243     21     4674
242     21     4073
241     21     3585
240     21     3158
239     21     2781
238     21     2511
237     21     2252
236     21     1985
235     21     1744
234     21     1603
233     21     1391
232     21     1220
231     21     1087
230     21     983
229     21     895
228     21     798
227     21     706
226     20     630
225     19     551
224     19     481
223     19     415
222     19     407
221     19     353
220     19     287
219     19     267
218     19     244
217     19     217
216     19     195
215     16     169
214     15     143
213     14     123
212     14     110
211     14     5946
210     14     5244
209     14     4657
208     14     4059
207     14     3550
206     14     3139
205     14     2833
204     13     2522
203     13     2250
202     13     2026
201     13     1767
200     13     1586
199     13     1400
198     13     1248
197     13     1089
196     13     937
195     13     830
194     13     728
193     13     641
192     13     599
191     13     549
190     13     464
189     12     406
188     12     383
187     12     345
186     12     287
185     12     265
184     12     214
183     11     191
182     11     166
181     11     143
180     11     120
179     11     4233
178     11     3784
177     11     3322
176     11     2922
175     11     2569
174     11     2274
173     11     1987
172     11     1760
171     11     1594
170     11     1401
169     11     1285
168     11     1158
167     11     1018
166     11     910
165     11     794
164     11     694
163     10     639
162     10     560
161     10     503
160     10     446
159     10     409
158     10     387
157     10     325
156     9     287
155     9     264
154     9     236
153     9     208
152     9     192
151     8     165
150     7     146
149     7     124
148     6     111
147     6     4719
146     6     4160
145     6     3729
144     6     3290
143     6     2865
142     6     2532
141     6     2306
140     6     2054
139     6     1814
138     6     1617
137     6     1444
136     6     1271
135     6     1117
134     6     997
133     6     900
132     6     805
131     6     677
130     6     571
129     6     493
128     6     450
127     6     401
126     6     361
125     6     331
124     6     290
123     5     257
122     5     239
121     5     201
120     5     187
119     5     163
118     5     145
117     5     131
116     5     119
115     5     100
114     5     1914378
113     5     1695031
112     5     1504045
111     5     1332268
110     5     1179929
109     5     1045405
108     5     927180
107     5     820811
106     5     727949
105     5     645567
104     5     572013
103     5     507031
102     5     449355
101     5     398487
100     5     353534
99     5     312884
98     5     277223
97     5     245817
96     5     217652
95     5     192769
94     5     171058
93     5     151528
92     5     134377
91     5     119234
90     5     105627
89     5     93364
88     5     82778
87     5     73477
86     5     64900
85     5     57601
84     5     51039
83     5     45420
82     5     40387
81     5     35604
80     5     31703
79     5     28228
78     5     24767
77     5     21860
76     5     19426
75     5     17283
74     5     15345
73     5     13653
72     5     11999
71     5     10605
70     5     9455
69     5     8361
68     5     7490
67     5     6598
66     5     5865
65     5     5127
64     5     4555
63     5     3943
62     5     3516
61     5     3069
60     5     2667
59     5     2311
58     5     2072
57     5     1793
56     5     1624
55     5     1429
54     5     1237
53     5     1091
52     5     1006
51     5     892
50     5     766
49     5     675
48     5     580
47     5     531
46     5     459
45     5     412
44     5     355
43     5     305
42     5     270
41     5     236
40     5     201
39     5     193
38     5     173
37     5     158
36     5     138
35     5     118
34     5     97
33     5     90
32     5     75
31     5     70
30     5     61
29     5     55
28     5     44
27     5     39
26     5     37
25     5     35
24     5     33
23     5     35
22     4     34
21     4     30
20     4     27
19     4     26
18     4     25
17     4     21
16     4     19
15     4     16
14     3     13
13     3     10
12     3     11
11     3     9
10     3     10
9     2     7
8     2     6
7     2     3
6     2     5
5     2     6
4     1     4
3     1     3
2     1     2
1     1     1
0     1     1
