338     4700     4700     0     0
337     4142     4142     0     770
336     3678     3678     0     704
335     3233     3233     0     625
334     2875     2875     0     549
333     2558     2558     0     510
332     2268     2268     0     408
331     1995     1995     0     377
330     1806     1806     0     363
329     1579     1579     0     294
328     1368     1368     0     241
327     1229     1229     0     243
326     1134     1134     0     246
325     978     978     0     171
324     864     864     0     167
323     771     771     0     155
322     677     677     0     125
321     606     606     0     116
320     548     548     0     118
319     466     466     0     80
318     430     430     0     88
317     375     375     0     67
316     325     325     0     56
315     293     293     0     55
314     246     246     0     35
313     198     198     0     28
312     170     170     0     30
311     155     155     0     31
310     135     135     0     24
309     116     116     0     20
308     109     109     0     28
307     100     100     0     21
306     100     3923     0     0
305     98     3451     0     653
304     98     3065     0     599
303     97     2718     0     520
302     96     2428     0     469
301     96     2169     0     416
300     96     1940     0     367
299     96     1710     0     319
298     96     1534     0     300
297     94     1328     0     244
296     93     1173     0     223
295     92     1034     0     196
294     90     920     0     169
293     89     797     0     140
292     87     719     0     149
291     86     624     0     114
290     86     551     0     104
289     82     473     0     83
288     82     412     0     72
287     78     366     0     81
286     77     326     0     65
285     75     281     0     51
284     73     262     0     58
283     73     228     0     37
282     70     204     0     35
281     69     193     0     38
280     65     173     0     36
279     65     166     0     32
278     63     144     0     28
277     60     121     0     22
276     54     106     0     20
275     53     100     0     24
274     53     3859     0     0
273     53     3430     0     658
272     53     3027     0     575
271     53     2702     0     537
270     53     2395     0     467
269     53     2126     0     404
268     52     1892     0     384
267     52     1643     0     290
266     52     1429     0     247
265     52     1262     0     236
264     51     1151     0     227
263     50     1011     0     188
262     50     918     0     188
261     50     820     0     159
260     50     719     0     132
259     50     631     0     118
258     49     555     0     111
257     49     477     0     81
256     49     450     0     103
255     49     425     0     92
254     47     376     0     68
253     46     348     0     72
252     46     294     0     51
251     46     254     0     55
250     46     243     0     55
249     46     202     0     34
248     45     177     0     25
247     45     176     0     40
246     45     145     0     23
245     44     123     0     21
244     44     116     0     27
243     40     100     0     17
242     40     3843     0     0
241     40     3416     0     647
240     40     2992     0     553
239     40     2666     0     525
238     40     2362     0     432
237     40     2113     0     399
236     40     1894     0     380
235     40     1681     0     324
234     40     1502     0     294
233     40     1372     0     286
232     40     1214     0     220
231     40     1098     0     210
230     40     962     0     178
229     40     844     0     147
228     40     723     0     132
227     40     614     0     104
226     39     543     0     110
225     39     481     0     100
224     39     410     0     70
223     39     364     0     66
222     39     316     0     61
221     38     286     0     58
220     38     260     0     58
219     38     239     0     45
218     38     217     0     40
217     37     188     0     33
216     36     168     0     29
215     36     155     0     24
214     34     137     0     22
213     32     126     0     32
212     32     108     0     18
211     32     100     0     20
210     32     4438     0     0
209     32     3956     0     776
208     32     3493     0     645
207     32     3103     0     582
206     32     2711     0     507
205     32     2437     0     462
204     32     2100     0     375
203     32     1901     0     371
202     32     1692     0     348
201     32     1496     0     270
200     32     1317     0     247
199     32     1122     0     197
198     32     1014     0     212
197     32     891     0     163
196     32     782     0     150
195     32     695     0     126
194     32     615     0     120
193     32     539     0     103
192     32     493     0     95
191     32     419     0     68
190     32     360     0     59
189     31     315     0     53
188     31     264     0     51
187     31     233     0     41
186     31     195     0     31
185     31     174     0     36
184     31     165     0     31
183     31     136     0     23
182     29     123     0     27
181     29     129     0     33
180     29     111     0     15
179     29     100     0     20
178     29     5000     0     0
177     29     4455     0     856
176     29     3972     0     780
175     29     3582     0     717
174     29     3182     0     611
173     29     2806     0     533
172     29     2505     0     466
171     29     2173     0     397
170     29     1904     0     350
169     29     1674     0     310
168     29     1519     0     293
167     29     1377     0     285
166     29     1200     0     214
165     29     1044     0     195
164     29     939     0     187
163     29     802     0     135
162     28     691     0     125
161     28     618     0     121
160     28     559     0     111
159     28     481     0     84
158     28     431     0     80
157     28     369     0     57
156     28     332     0     68
155     28     293     0     64
154     28     248     0     41
153     27     226     0     54
152     27     197     0     37
151     27     175     0     30
150     24     152     0     23
149     24     136     0     25
148     24     118     0     25
147     22     100     0     12
146     22     2685     0     0
145     22     2401     0     458
144     22     2099     0     384
143     22     1909     0     396
142     22     1661     0     308
141     22     1471     0     268
140     22     1346     0     268
139     22     1208     0     239
138     22     1070     0     215
137     22     951     0     176
136     22     860     0     189
135     22     766     0     142
134     22     661     0     115
133     22     588     0     118
132     22     524     0     99
131     22     481     0     92
130     22     422     0     80
129     22     366     0     65
128     22     332     0     58
127     22     301     0     61
126     22     277     0     68
125     21     237     0     39
124     21     216     0     42
123     20     190     0     37
122     20     178     0     40
121     20     159     0     33
120     20     142     0     26
119     19     134     0     31
118     19     133     0     34
117     18     118     0     24
116     18     110     0     25
115     18     100     0     24
114     18     1784409     0     0
113     18     1579793     0     299013
112     18     1400058     0     265457
111     18     1240807     0     236181
110     18     1099481     0     208745
109     18     974298     0     184701
108     18     863690     0     163827
107     18     765321     0     145262
106     18     677358     0     128293
105     18     600280     0     114055
104     18     531609     0     100830
103     18     471490     0     89735
102     18     417946     0     79177
101     18     370069     0     70027
100     18     327905     0     62228
99     18     290544     0     55159
98     18     257669     0     49181
97     18     228731     0     43613
96     18     202667     0     38591
95     18     179355     0     33961
94     18     159169     0     30249
93     18     140799     0     26610
92     18     124399     0     23390
91     18     110524     0     20927
90     18     97998     0     18662
89     18     86854     0     16453
88     18     77032     0     14643
87     18     68268     0     12964
86     18     60174     0     11303
85     18     53299     0     10064
84     18     47272     0     8966
83     18     41943     0     7959
82     18     36893     0     6838
81     18     32642     0     6263
80     18     29054     0     5591
79     18     25792     0     4953
78     18     23043     0     4437
77     18     20334     0     3860
76     18     17919     0     3412
75     18     15783     0     2931
74     18     13941     0     2634
73     18     12405     0     2385
72     18     11031     0     2097
71     18     9713     0     1800
70     18     8692     0     1659
69     18     7721     0     1452
68     18     6798     0     1244
67     18     6016     0     1119
66     18     5347     0     1024
65     18     4707     0     876
64     18     4145     0     752
63     18     3633     0     671
62     18     3271     0     645
61     18     2949     0     580
60     18     2606     0     505
59     18     2299     0     437
58     18     2060     0     403
57     18     1844     0     366
56     18     1643     0     325
55     18     1494     0     314
54     18     1290     0     225
53     18     1113     0     205
52     18     993     0     187
51     18     863     0     169
50     18     749     0     130
49     18     654     0     128
48     18     601     0     115
47     18     532     0     108
46     18     483     0     96
45     17     434     0     88
44     17     381     0     72
43     17     346     0     65
42     17     308     0     54
41     16     280     0     61
40     16     246     0     50
39     16     210     0     34
38     16     183     0     40
37     16     169     0     36
36     16     168     0     41
35     16     147     0     26
34     16     143     0     31
33     16     130     0     29
32     16     117     0     23
31     16     102     0     17
30     16     93     0     21
29     16     79     0     15
28     15     65     0     8
27     12     50     0     5
26     11     45     0     7
25     11     37     0     7
24     11     36     0     9
23     10     33     0     5
22     9     30     0     9
21     9     19     0     0
20     6     13     0     1
19     6     14     0     2
18     6     14     0     4
17     5     12     0     4
16     5     14     0     7
15     5     8     0     0
14     5     8     0     2
13     4     7     0     2
12     4     6     0     2
11     4     5     0     1
10     4     5     0     1
9     4     5     0     1
8     4     4     0     1
7     2     2     0     0
6     2     3     0     1
5     2     2     0     0
4     2     2     0     0
3     1     1     0     0
2     1     1     0     0
1     1     2     0     1
0     1     1     0     0
338     4234     4234     0     0
337     3816     3816     0     777
336     3355     3355     0     629
335     3007     3007     0     579
334     2657     2657     0     520
333     2363     2363     0     452
332     2148     2148     0     421
331     1890     1890     0     367
330     1672     1672     0     319
329     1448     1448     0     270
328     1266     1266     0     230
327     1113     1113     0     206
326     1006     1006     0     197
325     920     920     0     192
324     784     784     0     127
323     710     710     0     142
322     614     614     0     113
321     537     537     0     100
320     483     483     0     100
319     420     420     0     85
318     372     372     0     66
317     320     320     0     58
316     295     295     0     62
315     255     255     0     44
314     229     229     0     47
313     219     219     0     48
312     194     194     0     42
311     169     169     0     30
310     158     158     0     36
309     137     137     0     25
308     119     119     0     21
307     100     100     0     22
306     100     5163     0     0
305     100     4528     0     834
304     100     4021     0     780
303     100     3552     0     658
302     99     3181     0     648
301     98     2820     0     543
300     98     2474     0     483
299     98     2191     0     406
298     98     1901     0     342
297     98     1668     0     306
296     98     1445     0     268
295     97     1203     0     207
294     96     1067     0     198
293     94     936     0     158
292     91     832     0     164
291     91     746     0     155
290     89     670     0     131
289     88     576     0     90
288     86     511     0     102
287     81     444     0     79
286     79     392     0     74
285     78     342     0     64
284     76     311     0     66
283     73     260     0     43
282     71     228     0     38
281     70     209     0     48
280     68     186     0     35
279     68     180     0     45
278     63     155     0     31
277     60     129     0     23
276     55     107     0     18
275     53     100     0     18
274     53     6144     0     0
273     53     5425     0     1014
272     53     4795     0     926
271     53     4264     0     811
270     53     3835     0     754
269     53     3389     0     614
268     53     3026     0     580
267     53     2638     0     493
266     52     2261     0     396
265     52     1966     0     374
264     52     1784     0     380
263     52     1537     0     267
262     52     1339     0     258
261     52     1149     0     203
260     52     1019     0     183
259     52     895     0     163
258     52     830     0     180
257     52     726     0     147
256     51     639     0     112
255     51     550     0     92
254     51     476     0     90
253     51     421     0     84
252     50     406     0     89
251     50     352     0     64
250     50     311     0     52
249     49     253     0     34
248     48     211     0     38
247     47     174     0     29
246     45     159     0     34
245     45     132     0     22
244     43     115     0     21
243     40     100     0     16
242     40     4111     0     0
241     40     3697     0     721
240     40     3277     0     642
239     40     2905     0     536
238     40     2567     0     475
237     40     2271     0     426
236     40     1945     0     357
235     40     1722     0     325
234     40     1528     0     278
233     40     1347     0     257
232     40     1212     0     247
231     39     1063     0     202
230     39     924     0     162
229     39     784     0     124
228     39     676     0     124
227     38     585     0     107
226     38     517     0     99
225     38     465     0     88
224     38     441     0     101
223     38     389     0     80
222     38     358     0     74
221     38     333     0     75
220     38     285     0     47
219     38     249     0     46
218     38     223     0     50
217     37     192     0     30
216     36     165     0     36
215     35     149     0     30
214     35     141     0     31
213     31     118     0     19
212     30     102     0     19
211     30     100     0     26
210     30     4044     0     0
209     30     3635     0     741
208     30     3228     0     634
207     30     2873     0     544
206     30     2537     0     470
205     30     2230     0     407
204     30     1942     0     333
203     30     1691     0     301
202     29     1561     0     321
201     29     1366     0     254
200     29     1192     0     214
199     29     1067     0     222
198     29     946     0     190
197     29     856     0     167
196     29     746     0     133
195     29     683     0     142
194     29     605     0     106
193     29     530     0     99
192     29     490     0     99
191     29     425     0     70
190     29     374     0     64
189     29     299     0     42
188     29     273     0     57
187     29     230     0     36
186     28     205     0     42
185     28     187     0     42
184     28     157     0     23
183     28     144     0     29
182     28     135     0     25
181     28     124     0     26
180     26     100     0     15
179     26     100     0     26
178     26     3692     0     0
177     26     3317     0     678
176     26     2948     0     571
175     26     2602     0     501
174     26     2323     0     446
173     26     2061     0     384
172     26     1776     0     294
171     26     1564     0     307
170     25     1415     0     283
169     24     1262     0     242
168     24     1109     0     199
167     24     1016     0     208
166     24     926     0     199
165     23     809     0     147
164     23     699     0     121
163     23     629     0     125
162     23     599     0     142
161     23     540     0     108
160     23     476     0     97
159     23     408     0     65
158     23     363     0     76
157     23     312     0     55
156     22     263     0     46
155     22     249     0     50
154     22     227     0     44
153     22     199     0     37
152     21     174     0     35
151     21     161     0     33
150     21     144     0     28
149     21     139     0     27
148     20     122     0     24
147     19     100     0     15
146     19     4290     0     0
145     19     3800     0     706
144     19     3405     0     647
143     19     2921     0     507
142     19     2604     0     497
141     19     2329     0     465
140     19     2078     0     402
139     19     1865     0     370
138     19     1607     0     282
137     19     1414     0     261
136     19     1265     0     243
135     19     1137     0     222
134     19     985     0     184
133     19     867     0     145
132     19     748     0     138
131     19     681     0     134
130     19     607     0     118
129     19     523     0     95
128     19     455     0     88
127     19     389     0     67
126     19     341     0     61
125     17     308     0     54
124     17     274     0     54
123     17     240     0     46
122     17     210     0     39
121     17     188     0     37
120     17     170     0     36
119     17     149     0     25
118     17     132     0     21
117     17     126     0     30
116     17     106     0     19
115     16     100     0     19
114     16     2243891     0     0
113     16     1988163     0     377644
112     16     1760993     0     333712
111     16     1560278     0     296477
110     16     1382616     0     262380
109     16     1226533     0     233521
108     16     1086662     0     206308
107     16     963244     0     183219
106     16     853046     0     161710
105     16     756470     0     143830
104     16     669777     0     126766
103     16     592801     0     112260
102     16     526090     0     100184
101     16     466417     0     88615
100     16     412700     0     78183
99     16     365520     0     69259
98     16     323425     0     61077
97     16     286797     0     54403
96     16     253941     0     48188
95     16     224679     0     42553
94     16     199271     0     38002
93     16     176384     0     33455
92     16     156483     0     29910
91     16     138808     0     26455
90     16     123168     0     23454
89     16     109054     0     20907
88     16     96789     0     18333
87     16     86029     0     16423
86     16     76249     0     14388
85     16     67351     0     12600
84     16     59669     0     11397
83     16     53106     0     10093
82     16     47053     0     8832
81     16     41762     0     8002
80     16     36977     0     6998
79     16     32768     0     6250
78     16     29155     0     5600
77     16     25937     0     5049
76     16     22769     0     4138
75     16     20174     0     3756
74     16     18029     0     3443
73     16     16069     0     3125
72     16     14245     0     2760
71     16     12617     0     2396
70     16     11162     0     2087
69     16     9930     0     1910
68     16     8833     0     1734
67     16     7722     0     1391
66     16     6871     0     1339
65     16     6057     0     1122
64     16     5331     0     993
63     16     4756     0     929
62     16     4209     0     812
61     16     3736     0     709
60     16     3257     0     591
59     16     2878     0     529
58     16     2535     0     484
57     16     2267     0     429
56     15     2055     0     413
55     15     1824     0     341
54     15     1613     0     307
53     15     1463     0     299
52     15     1283     0     240
51     15     1104     0     198
50     15     1004     0     202
49     15     890     0     168
48     15     785     0     157
47     15     677     0     120
46     15     609     0     116
45     15     538     0     96
44     15     489     0     98
43     15     439     0     84
42     15     411     0     86
41     15     340     0     54
40     15     308     0     61
39     15     280     0     59
38     15     257     0     57
37     15     221     0     42
36     15     202     0     40
35     15     187     0     39
34     14     163     0     30
33     13     150     0     35
32     13     147     0     33
31     13     137     0     33
30     13     108     0     15
29     13     100     0     25
28     13     94     0     18
27     13     73     0     12
26     12     63     0     10
25     11     56     0     14
24     11     46     0     4
23     11     45     0     13
22     10     34     0     2
21     9     28     0     6
20     8     22     0     3
19     8     23     0     6
18     7     17     0     1
17     7     14     0     2
16     7     14     0     4
15     7     13     0     3
14     7     16     0     6
13     7     15     0     2
12     7     9     0     0
11     5     7     0     0
10     5     8     0     2
9     5     8     0     2
8     5     7     0     1
7     5     5     0     1
6     4     4     0     0
5     2     2     0     0
4     1     1     0     0
3     1     2     0     1
2     1     2     0     0
1     1     1     0     0
0     1     1     0     0
