253     4748     4748     0     0
252     3981     3981     0     652
251     3318     3318     0     548
250     2812     2812     0     479
249     2432     2432     0     429
248     2106     2106     0     387
247     1797     1797     0     272
246     1527     1527     0     269
245     1285     1285     0     212
244     1115     1115     0     189
243     961     961     0     185
242     794     794     0     116
241     662     662     0     103
240     533     533     0     76
239     445     445     0     65
238     391     391     0     73
237     330     330     0     52
236     292     292     0     47
235     240     240     0     41
234     189     189     0     22
233     168     168     0     31
232     132     132     0     16
231     117     117     0     17
230     100     100     0     18
229     100     3811     0     0
228     100     3282     0     582
227     100     2778     0     451
226     99     2343     0     406
225     98     1991     0     343
224     97     1723     0     303
223     96     1462     0     251
222     95     1251     0     206
221     93     1074     0     175
220     93     919     0     152
219     92     777     0     125
218     91     654     0     110
217     88     535     0     78
216     88     448     0     74
215     85     379     0     69
214     82     319     0     57
213     78     276     0     50
212     75     240     0     43
211     71     209     0     38
210     69     181     0     33
209     64     152     0     24
208     60     128     0     16
207     58     112     0     14
206     56     100     0     17
205     56     3543     0     0
204     56     3017     0     495
203     56     2636     0     486
202     56     2221     0     356
201     55     1869     0     307
200     54     1568     0     256
199     53     1327     0     238
198     53     1118     0     190
197     53     948     0     173
196     53     783     0     124
195     52     663     0     103
194     51     554     0     86
193     50     463     0     78
192     50     404     0     60
191     50     342     0     55
190     50     303     0     56
189     50     256     0     44
188     47     221     0     48
187     46     195     0     30
186     46     172     0     32
185     42     147     0     25
184     40     133     0     26
183     39     118     0     22
182     38     100     0     18
181     38     4792     0     0
180     38     3984     0     662
179     38     3329     0     562
178     38     2836     0     482
177     38     2427     0     412
176     38     2029     0     314
175     37     1708     0     284
174     37     1461     0     249
173     37     1245     0     214
172     35     1086     0     196
171     35     904     0     150
170     35     770     0     136
169     35     647     0     114
168     33     560     0     109
167     33     502     0     89
166     31     417     0     69
165     30     341     0     49
164     30     303     0     56
163     29     255     0     47
162     29     214     0     32
161     29     173     0     25
160     28     148     0     26
159     26     117     0     19
158     24     100     0     19
157     24     4429     0     0
156     24     3773     0     654
155     24     3171     0     520
154     23     2668     0     436
153     23     2264     0     384
152     23     1923     0     329
151     22     1595     0     230
150     22     1343     0     219
149     22     1138     0     202
148     22     958     0     171
147     22     793     0     131
146     22     677     0     112
145     22     582     0     101
144     22     500     0     92
143     22     437     0     77
142     22     376     0     72
141     22     327     0     57
140     22     276     0     45
139     22     230     0     41
138     22     184     0     26
137     22     151     0     16
136     22     127     0     18
135     21     112     0     21
134     20     100     0     22
133     20     4313     0     0
132     20     3718     0     648
131     20     3128     0     546
130     20     2636     0     428
129     20     2230     0     393
128     20     1824     0     281
127     20     1540     0     264
126     20     1330     0     238
125     20     1131     0     200
124     20     941     0     143
123     20     827     0     155
122     20     714     0     115
121     20     607     0     91
120     20     525     0     92
119     20     446     0     76
118     20     386     0     66
117     20     308     0     49
116     20     246     0     37
115     20     213     0     46
114     19     188     0     40
113     19     166     0     30
112     19     138     0     17
111     19     122     0     26
110     19     100     0     15
109     19     4507     0     0
108     19     3799     0     623
107     19     3245     0     551
106     19     2767     0     466
105     19     2346     0     387
104     19     1964     0     317
103     19     1663     0     292
102     19     1397     0     221
101     19     1217     0     232
100     19     1041     0     172
99     19     903     0     154
98     19     780     0     135
97     19     647     0     99
96     19     560     0     108
95     19     459     0     70
94     19     376     0     61
93     19     306     0     58
92     19     248     0     45
91     19     223     0     43
90     19     191     0     32
89     17     165     0     33
88     17     136     0     22
87     17     119     0     21
86     16     100     0     13
85     16     7263773     0     0
84     16     6154182     0     1033559
83     16     5215826     0     876437
82     16     4418641     0     741283
81     16     3743515     0     628037
80     16     3172616     0     533100
79     16     2689364     0     451792
78     16     2279381     0     383369
77     16     1933032     0     325650
76     16     1638119     0     275707
75     16     1388964     0     234074
74     16     1176473     0     197872
73     16     997021     0     167274
72     16     846021     0     142801
71     16     716806     0     120115
70     16     607592     0     102038
69     16     514966     0     86612
68     16     436768     0     73531
67     16     370163     0     61879
66     16     313345     0     52613
65     16     265596     0     44588
64     16     225111     0     37832
63     16     190567     0     32086
62     16     161849     0     27452
61     16     137356     0     23086
60     16     116565     0     19722
59     16     98530     0     16462
58     16     83384     0     13831
57     16     70567     0     11838
56     16     60105     0     10196
55     16     50840     0     8483
54     16     43030     0     7223
53     16     36500     0     6214
52     16     30728     0     5098
51     16     25992     0     4356
50     16     22046     0     3719
49     16     18750     0     3187
48     16     16009     0     2763
47     16     13571     0     2267
46     16     11506     0     1950
45     16     9700     0     1599
44     16     8308     0     1419
43     16     7057     0     1171
42     16     5980     0     1023
41     16     5105     0     885
40     16     4325     0     712
39     16     3678     0     630
38     16     3119     0     544
37     16     2668     0     447
36     16     2252     0     355
35     16     1922     0     330
34     16     1609     0     260
33     16     1351     0     226
32     16     1161     0     196
31     16     977     0     160
30     16     830     0     129
29     16     697     0     111
28     16     558     0     83
27     16     467     0     85
26     16     392     0     62
25     16     357     0     70
24     16     302     0     45
23     16     253     0     39
22     16     214     0     35
21     16     189     0     35
20     16     161     0     30
19     16     144     0     26
18     16     120     0     19
17     16     104     0     19
16     16     92     0     19
15     16     77     0     12
14     16     63     0     8
13     15     49     0     5
12     14     39     0     5
11     14     36     0     9
10     13     31     0     5
9     12     24     0     1
8     11     20     0     3
7     10     13     0     1
6     6     8     0     0
5     5     6     0     1
4     4     4     0     1
3     2     2     0     0
2     2     2     0     1
1     1     1     0     0
0     1     1     0     0
253     4341     4341     0     0
252     3648     3648     0     616
251     3136     3136     0     552
250     2648     2648     0     447
249     2236     2236     0     368
248     1880     1880     0     309
247     1566     1566     0     250
246     1347     1347     0     236
245     1133     1133     0     177
244     957     957     0     157
243     812     812     0     143
242     704     704     0     131
241     593     593     0     87
240     501     501     0     76
239     425     425     0     78
238     351     351     0     59
237     311     311     0     62
236     258     258     0     42
235     213     213     0     34
234     177     177     0     23
233     147     147     0     26
232     129     129     0     26
231     118     118     0     24
230     100     100     0     15
229     100     3890     0     0
228     100     3370     0     592
227     100     2852     0     487
226     100     2430     0     398
225     99     2052     0     336
224     97     1749     0     302
223     97     1516     0     287
222     95     1277     0     205
221     94     1079     0     173
220     93     916     0     163
219     90     774     0     128
218     87     648     0     109
217     85     562     0     101
216     85     470     0     70
215     85     399     0     67
214     81     336     0     61
213     79     276     0     44
212     75     236     0     43
211     71     201     0     35
210     65     158     0     26
209     63     136     0     27
208     60     125     0     32
207     56     108     0     14
206     54     100     0     20
205     54     5412     0     0
204     54     4517     0     749
203     54     3813     0     643
202     53     3275     0     577
201     53     2774     0     455
200     53     2383     0     395
199     52     2029     0     334
198     52     1740     0     290
197     52     1524     0     280
196     52     1334     0     252
195     52     1099     0     171
194     52     904     0     132
193     52     760     0     128
192     52     629     0     106
191     52     547     0     92
190     51     425     0     59
189     50     356     0     60
188     48     297     0     42
187     47     252     0     40
186     45     217     0     36
185     42     178     0     27
184     40     147     0     21
183     38     125     0     21
182     36     100     0     13
181     36     4429     0     0
180     36     3770     0     646
179     36     3242     0     577
178     36     2785     0     482
177     36     2365     0     410
176     36     2033     0     361
175     36     1729     0     302
174     36     1490     0     250
173     36     1246     0     190
172     36     1060     0     185
171     36     921     0     177
170     36     772     0     126
169     36     633     0     93
168     36     533     0     75
167     35     443     0     73
166     35     360     0     56
165     35     312     0     51
164     35     273     0     50
163     34     225     0     36
162     34     194     0     35
161     32     164     0     22
160     31     133     0     21
159     30     111     0     18
158     29     100     0     21
157     29     4643     0     0
156     29     3946     0     678
155     29     3384     0     573
154     29     2868     0     476
153     29     2401     0     384
152     29     2024     0     337
151     28     1706     0     274
150     28     1441     0     229
149     28     1168     0     180
148     28     975     0     174
147     28     809     0     126
146     28     716     0     137
145     28     622     0     108
144     28     520     0     86
143     28     445     0     77
142     28     386     0     72
141     28     325     0     57
140     28     267     0     40
139     28     225     0     36
138     28     180     0     27
137     27     155     0     30
136     25     132     0     21
135     25     115     0     23
134     24     100     0     17
133     24     4133     0     0
132     24     3490     0     589
131     24     2922     0     470
130     24     2427     0     369
129     24     2018     0     313
128     24     1684     0     277
127     24     1422     0     235
126     24     1209     0     212
125     24     1056     0     191
124     24     898     0     151
123     24     767     0     130
122     24     676     0     123
121     24     563     0     90
120     24     491     0     99
119     24     419     0     68
118     24     344     0     49
117     24     282     0     44
116     24     243     0     41
115     24     206     0     39
114     24     178     0     27
113     24     154     0     27
112     24     127     0     18
111     23     116     0     20
110     21     100     0     18
109     21     4667     0     0
108     21     3953     0     694
107     21     3454     0     645
106     21     2950     0     508
105     21     2482     0     419
104     21     2123     0     356
103     21     1792     0     291
102     21     1512     0     267
101     21     1293     0     216
100     21     1144     0     226
99     21     958     0     154
98     21     834     0     149
97     21     718     0     123
96     21     589     0     89
95     21     500     0     82
94     21     429     0     72
93     21     364     0     74
92     21     291     0     34
91     21     242     0     34
90     21     201     0     25
89     20     166     0     21
88     19     140     0     22
87     19     116     0     22
86     19     100     0     14
85     19     1352126     0     0
84     19     1146563     0     193155
83     19     972009     0     163598
82     19     823487     0     138289
81     19     697701     0     116991
80     19     591551     0     99743
79     19     501226     0     84267
78     19     424199     0     71109
77     19     359819     0     60491
76     19     305774     0     51733
75     19     259284     0     43700
74     19     219423     0     36750
73     19     186022     0     31256
72     19     157589     0     26432
71     19     133755     0     22657
70     19     113496     0     19190
69     19     96103     0     16128
68     19     81428     0     13659
67     19     69190     0     11790
66     19     58438     0     9728
65     19     49407     0     8301
64     19     42061     0     7169
63     19     35580     0     5940
62     19     30257     0     5113
61     19     25636     0     4323
60     19     21648     0     3650
59     19     18263     0     3029
58     19     15478     0     2586
57     19     13070     0     2188
56     19     11092     0     1847
55     19     9483     0     1667
54     19     7966     0     1301
53     19     6776     0     1150
52     19     5761     0     983
51     19     4838     0     804
50     19     4147     0     671
49     19     3503     0     580
48     19     2983     0     498
47     19     2486     0     397
46     19     2143     0     391
45     19     1825     0     299
44     19     1532     0     245
43     19     1289     0     203
42     19     1123     0     197
41     19     979     0     184
40     19     841     0     150
39     19     707     0     136
38     19     616     0     115
37     19     519     0     93
36     19     434     0     69
35     19     351     0     53
34     18     291     0     46
33     18     239     0     37
32     17     190     0     28
31     17     163     0     31
30     17     131     0     17
29     17     120     0     24
28     17     105     0     19
27     17     87     0     13
26     16     81     0     18
25     15     63     0     10
24     15     50     0     7
23     14     41     0     4
22     14     41     0     10
21     14     35     0     6
20     13     29     0     5
19     12     24     0     5
18     12     20     0     2
17     12     17     0     2
16     9     12     0     1
15     7     8     0     0
14     5     6     0     0
13     4     4     0     0
12     3     3     0     0
11     3     5     0     2
10     3     5     0     1
9     2     3     0     0
8     1     2     0     0
7     1     2     0     1
6     1     2     0     1
5     1     2     0     0
4     1     3     0     1
3     1     3     0     1
2     1     2     0     0
1     1     1     0     0
0     1     1     0     0
