230       338       108         3
335       339         4         2
314       328        14        13
330       340        10         1
339       340         1         1
328       336         8         5
332       337         5         4
28       333       305         8
331       335         4         6
317       334        17         7
322       328         6        13
327       333         6         8
166       340       174         1
332       338         6         3
299       305         6        36
321       332        11         9
328       335         7         6
30       325       295        16
335       340         5         1
333       336         3         5
335       337         2         4
319       328         9        13
322       336        14         5
319       336        17         5
335       340         5         1
336       337         1         4
297       324        27        17
32       333       301         8
156       331       175        10
336       337         1         4
323       336        13         5
322       333        11         8
326       339        13         2
333       336         3         5
339       340         1         1
328       331         3        10
316       329        13        12
316       335        19         6
322       330         8        11
31       324       293        17
330       333         3         8
338       340         2         1
339       340         1         1
331       340         9         1
325       330         5        11
169       327       158        14
322       328         6        13
225       340       115         1
334       339         5         2
313       337        24         4
28        31         3       310
322       323         1        18
334       339         5         2
338       340         2         1
318       338        20         3
324       332         8         9
330       340        10         1
331       340         9         1
323       340        17         1
203       339       136         2
328       338        10         3
315       331        16        10
307       335        28         6
332       338         6         3
319       340        21         1
320       322         2        19
158       340       182         1
332       339         7         2
336       340         4         1
335       337         2         4
162       322       160        19
329       340        11         1
324       335        11         6
333       340         7         1
329       333         4         8
321       332        11         9
329       339        10         2
236       340       104         1
315       327        12        14
331       340         9         1
338       340         2         1
327       338        11         3
194       339       145         2
336       340         4         1
330       338         8         3
334       338         4         3
331       336         5         5
24       322       298        19
335       336         1         5
338       340         2         1
331       336         5         5
332       338         6         3
237       340       103         1
163       326       163        15
322       329         7        12
324       334        10         7
334       340         6         1
301       336        35         5
336       340         4         1
326       340        14         1
160       338       178         3
337       340         3         1
332       340         8         1
321       335        14         6
164       331       167        10
201       295        94        46
332       339         7         2
339       340         1         1
336       339         3         2
327       338        11         3
31       303       272        38
32       340       308         1
325       335        10         6
17       338       321         3
338       340         2         1
323       330         7        11
328       335         7         6
336       338         2         3
324       326         2        15
198       330       132        11
335       340         5         1
27       306       279        35
333       339         6         2
333       335         2         6
21       235       214       106
339       340         1         1
305       330        25        11
330       338         8         3
321       329         8        12
234       333        99         8
325       340        15         1
328       337         9         4
328       336         8         5
332       338         6         3
323       331         8        10
310       337        27         4
2       332       330         9
327       330         3        11
328       336         8         5
333       334         1         7
328       330         2        11
330       337         7         4
336       338         2         3
228       338       110         3
339       340         1         1
292       335        43         6
317       339        22         2
148       336       188         5
322       326         4        15
314       340        26         1
333       340         7         1
332       335         3         6
327       334         7         7
221       340       119         1
328       336         8         5
23       338       315         3
168       338       170         3
330       338         8         3
338       340         2         1
335       340         5         1
336       340         4         1
331       337         6         4
325       340        15         1
337       338         1         3
322       334        12         7
324       330         6        11
336       339         3         2
338       340         2         1
330       335         5         6
158       336       178         5
336       337         1         4
333       338         5         3
322       340        18         1
333       340         7         1
17       334       317         7
326       333         7         8
331       334         3         7
307       330        23        11
330       335         5         6
337       339         2         2
338       340         2         1
161       295       134        46
336       340         4         1
321       332        11         9
329       332         3         9
325       329         4        12
325       334         9         7
330       338         8         3
333       338         5         3
326       330         4        11
16       337       321         4
334       340         6         1
335       339         4         2
332       339         7         2
324       335        11         6
162       340       178         1
21       340       319         1
8       338       330         3
227       332       105         9
316       338        22         3
30       338       308         3
338       340         2         1
338       340         2         1
235       340       105         1
334       336         2         5
334       340         6         1
33       338       305         3
15       339       324         2
318       328        10        13
165       339       174         2
334       335         1         6
199       340       141         1
321       331        10        10
334       340         6         1
332       338         6         3
200       236        36       105
327       335         8         6
23       332       309         9
337       339         2         2
317       340        23         1
330       332         2         9
32       340       308         1
18       324       306        17
336       339         3         2
31       339       308         2
336       337         1         4
165       304       139        37
325       338        13         3
25       335       310         6
198       202         4       139
330       332         2         9
334       339         5         2
319       335        16         6
310       335        25         6
338       340         2         1
333       334         1         7
319       329        10        12
315       340        25         1
326       336        10         5
334       335         1         6
24       337       313         4
163       332       169         9
338       340         2         1
337       339         2         2
321       328         7        13
333       337         4         4
337       340         3         1
316       338        22         3
336       339         3         2
326       338        12         3
31       331       300        10
332       335         3         6
322       332        10         9
321       338        17         3
321       327         6        14
324       339        15         2
328       340        12         1
334       340         6         1
332       335         3         6
338       340         2         1
318       333        15         8
332       337         5         4
323       337        14         4
335       338         3         3
330       332         2         9
332       335         3         6
323       333        10         8
301       335        34         6
330       331         1        10
337       340         3         1
338       340         2         1
329       333         4         8
183       338       155         3
28       339       311         2
199       318       119        23
234       329        95        12
333       338         5         3
332       334         2         7
318       340        22         1
331       340         9         1
331       335         4         6
218       339       121         2
324       333         9         8
161       335       174         6
203       335       132         6
309       336        27         5
30       336       306         5
168       338       170         3
8       337       329         4
332       335         3         6
316       339        23         2
326       336        10         5
337       338         1         3
318       330        12        11
198       337       139         4
333       339         6         2
334       335         1         6
333       337         4         4
29       322       293        19
325       337        12         4
317       334        17         7
325       340        15         1
334       337         3         4
169       340       171         1
324       340        16         1
333       336         3         5
32       339       307         2
335       338         3         3
32       321       289        20
325       335        10         6
330       335         5         6
334       339         5         2
162       336       174         5
319       334        15         7
302       336        34         5
332       335         3         6
32       337       305         4
332       335         3         6
316       334        18         7
332       339         7         2
201       339       138         2
337       339         2         2
324       328         4        13
336       338         2         3
310       329        19        12
317       320         3        21
333       335         2         6
335       336         1         5
231       338       107         3
203       328       125        13
335       337         2         4
335       339         4         2
337       339         2         2
331       338         7         3
309       328        19        13
326       330         4        11
338       340         2         1
335       338         3         3
31       339       308         2
322       333        11         8
337       338         1         3
339       340         1         1
319       339        20         2
311       339        28         2
328       335         7         6
323       337        14         4
324       327         3        14
330       336         6         5
316       330        14        11
331       337         6         4
333       334         1         7
331       340         9         1
333       338         5         3
339       340         1         1
320       324         4        17
316       328        12        13
320       333        13         8
143       340       197         1
338       340         2         1
337       339         2         2
335       336         1         5
23       333       310         8
337       340         3         1
322       325         3        16
336       339         3         2
200       334       134         7
327       335         8         6
323       338        15         3
320       333        13         8
338       340         2         1
338       339         1         2
321       339        18         2
169       322       153        19
332       336         4         5
321       331        10        10
329       336         7         5
319       339        20         2
327       333         6         8
195       340       145         1
335       340         5         1
326       333         7         8
33       340       307         1
323       328         5        13
336       337         1         4
315       333        18         8
304       328        24        13
32       331       299        10
325       339        14         2
323       340        17         1
29       338       309         3
24       322       298        19
333       339         6         2
234       338       104         3
323       328         5        13
328       334         6         7
323       338        15         3
324       328         4        13
310       340        30         1
328       338        10         3
234       332        98         9
337       338         1         3
329       340        11         1
332       339         7         2
198       336       138         5
329       334         5         7
333       340         7         1
168       329       161        12
164       331       167        10
326       335         9         6
160       332       172         9
318       329        11        12
330       339         9         2
338       340         2         1
329       339        10         2
337       338         1         3
329       338         9         3
331       339         8         2
224       322        98        19
331       332         1         9
337       339         2         2
203       336       133         5
331       339         8         2
329       336         7         5
332       340         8         1
323       332         9         9
330       331         1        10
32       340       308         1
30       331       301        10
337       339         2         2
26       339       313         2
330       334         4         7
324       328         4        13
311       340        29         1
337       339         2         2
33       320       287        21
25       331       306        10
329       340        11         1
316       321         5        20
330       331         1        10
333       340         7         1
331       335         4         6
334       340         6         1
325       329         4        12
327       340        13         1
339       340         1         1
325       326         1        15
331       339         8         2
327       333         6         8
27       336       309         5
26       336       310         5
318       330        12        11
331       338         7         3
316       338        22         3
330       340        10         1
324       340        16         1
321       338        17         3
333       340         7         1
323       331         8        10
338       340         2         1
332       340         8         1
169       340       171         1
227       335       108         6
315       338        23         3
166       336       170         5
327       338        11         3
233       337       104         4
334       338         4         3
326       338        12         3
31       333       302         8
332       339         7         2
328       330         2        11
336       337         1         4
31       337       306         4
193       340       147         1
329       332         3         9
321       332        11         9
316       339        23         2
310       334        24         7
332       338         6         3
333       334         1         7
229       322        93        19
323       340        17         1
315       334        19         7
332       337         5         4
327       332         5         9
328       337         9         4
310       334        24         7
24       325       301        16
329       332         3         9
324       340        16         1
320       334        14         7
31       329       298        12
305       315        10        26
336       337         1         4
189       304       115        37
320       340        20         1
320       334        14         7
324       331         7        10
321       339        18         2
330       331         1        10
325       340        15         1
339       340         1         1
32       335       303         6
163       329       166        12
33       334       301         7
321       324         3        17
223       337       114         4
337       338         1         3
326       330         4        11
194       339       145         2
334       338         4         3
320       334        14         7
337       340         3         1
329       331         2        10
338       340         2         1
32       337       305         4
327       332         5         9
325       329         4        12
320       340        20         1
330       332         2         9
327       330         3        11
33       337       304         4
324       333         9         8
322       339        17         2
321       340        19         1
233       334       101         7
335       339         4         2
335       336         1         5
338       340         2         1
336       338         2         3
333       337         4         4
322       327         5        14
335       337         2         4
328       332         4         9
309       339        30         2
326       332         6         9
322       340        18         1
339       340         1         1
331       337         6         4
25       321       296        20
158       335       177         6
334       336         2         5
330       332         2         9
308       332        24         9
315       325        10        16
335       340         5         1
325       337        12         4
164       333       169         8
333       336         3         5
339       340         1         1
157       340       183         1
329       338         9         3
228       331       103        10
30       328       298        13
314       336        22         5
324       329         5        12
324       340        16         1
328       340        12         1
335       340         5         1
325       336        11         5
333       335         2         6
338       339         1         2
332       333         1         8
320       327         7        14
202       332       130         9
337       338         1         3
320       340        20         1
33       339       306         2
315       331        16        10
296       329        33        12
329       339        10         2
324       326         2        15
327       336         9         5
331       340         9         1
333       340         7         1
151       335       184         6
329       334         5         7
231       329        98        12
324       327         3        14
334       336         2         5
196       340       144         1
324       337        13         4
319       334        15         7
158       329       171        12
333       339         6         2
237       340       103         1
330       340        10         1
201       334       133         7
315       327        12        14
326       338        12         3
13       334       321         7
226       336       110         5
13       340       327         1
318       337        19         4
329       337         8         4
233       338       105         3
324       339        15         2
308       339        31         2
236       340       104         1
330       333         3         8
315       338        23         3
335       339         4         2
334       336         2         5
335       336         1         5
328       339        11         2
328       331         3        10
324       336        12         5
298       340        42         1
30       340       310         1
332       339         7         2
331       332         1         9
328       334         6         7
161       335       174         6
196       330       134        11
201       340       139         1
201       336       135         5
337       340         3         1
233       340       107         1
314       322         8        19
339       340         1         1
336       340         4         1
328       331         3        10
338       339         1         2
335       338         3         3
330       336         6         5
332       334         2         7
326       334         8         7
315       329        14        12
162       321       159        20
334       340         6         1
326       340        14         1
335       340         5         1
308       336        28         5
30       325       295        16
327       328         1        13
329       338         9         3
338       339         1         2
317       327        10        14
330       332         2         9
315       331        16        10
27       327       300        14
326       336        10         5
336       338         2         3
326       335         9         6
338       340         2         1
318       328        10        13
320       340        20         1
324       336        12         5
328       339        11         2
194       340       146         1
23       337       314         4
321       336        15         5
333       338         5         3
331       338         7         3
25       336       311         5
325       326         1        15
324       336        12         5
317       333        16         8
299       333        34         8
337       339         2         2
327       340        13         1
321       326         5        15
324       338        14         3
321       340        19         1
15       196       181       145
338       340         2         1
334       340         6         1
327       339        12         2
315       333        18         8
32       338       306         3
330       335         5         6
27       336       309         5
329       339        10         2
336       339         3         2
321       337        16         4
337       338         1         3
323       324         1        17
328       340        12         1
224       330       106        11
337       340         3         1
338       340         2         1
320       331        11        10
324       334        10         7
328       333         5         8
310       338        28         3
336       339         3         2
335       340         5         1
330       335         5         6
336       340         4         1
169       336       167         5
331       339         8         2
335       336         1         5
329       337         8         4
311       340        29         1
331       338         7         3
328       335         7         6
331       338         7         3
147       339       192         2
328       340        12         1
164       194        30       147
336       338         2         3
237       335        98         6
337       339         2         2
326       333         7         8
201       340       139         1
335       340         5         1
184       332       148         9
335       338         3         3
315       337        22         4
327       339        12         2
31       314       283        27
336       339         3         2
333       336         3         5
332       337         5         4
335       338         3         3
337       340         3         1
33       337       304         4
324       340        16         1
330       339         9         2
25       335       310         6
31       340       309         1
323       326         3        15
336       337         1         4
165       339       174         2
325       338        13         3
329       331         2        10
332       340         8         1
321       340        19         1
327       339        12         2
317       339        22         2
329       330         1        11
29       339       310         2
31       334       303         7
324       330         6        11
329       339        10         2
327       339        12         2
335       337         2         4
315       324         9        17
337       338         1         3
332       335         3         6
20       331       311        10
322       327         5        14
324       332         8         9
327       335         8         6
331       335         4         6
339       340         1         1
333       339         6         2
324       338        14         3
331       335         4         6
327       331         4        10
228       335       107         6
139       335       196         6
328       338        10         3
203       338       135         3
321       332        11         9
337       339         2         2
328       334         6         7
337       338         1         3
21       339       318         2
330       335         5         6
224       336       112         5
339       340         1         1
199       331       132        10
329       332         3         9
331       335         4         6
26       316       290        25
337       339         2         2
335       340         5         1
332       333         1         8
336       339         3         2
337       340         3         1
330       334         4         7
29       336       307         5
330       337         7         4
335       339         4         2
334       336         2         5
332       339         7         2
336       340         4         1
318       337        19         4
314       338        24         3
339       340         1         1
324       333         9         8
327       339        12         2
330       340        10         1
332       340         8         1
334       335         1         6
32       332       300         9
337       340         3         1
333       334         1         7
328       333         5         8
31        33         2       308
319       340        21         1
322       331         9        10
334       336         2         5
333       337         4         4
325       339        14         2
331       337         6         4
32       334       302         7
319       323         4        18
232       338       106         3
22       338       316         3
336       338         2         3
332       336         4         5
237       331        94        10
169       338       169         3
319       334        15         7
330       332         2         9
329       339        10         2
304       340        36         1
330       336         6         5
314       319         5        22
196       335       139         6
319       336        17         5
335       340         5         1
334       340         6         1
315       330        15        11
164       203        39       138
231       237         6       104
312       339        27         2
27       193       166       148
17       337       320         4
299       326        27        15
335       340         5         1
296       337        41         4
332       335         3         6
23       331       308        10
320       331        11        10
335       336         1         5
151       319       168        22
321       323         2        18
322       325         3        16
316       332        16         9
320       326         6        15
327       339        12         2
33       336       303         5
329       339        10         2
167       340       173         1
331       340         9         1
233       338       105         3
304       335        31         6
162       331       169        10
199       325       126        16
323       328         5        13
330       339         9         2
335       337         2         4
332       340         8         1
331       340         9         1
33       327       294        14
337       339         2         2
336       340         4         1
330       337         7         4
203       340       137         1
338       340         2         1
326       340        14         1
328       333         5         8
333       338         5         3
312       335        23         6
23       331       308        10
333       334         1         7
328       338        10         3
337       339         2         2
232       337       105         4
331       338         7         3
306       332        26         9
319       336        17         5
336       340         4         1
325       339        14         2
329       333         4         8
180       338       158         3
311       336        25         5
197       330       133        11
33       340       307         1
335       338         3         3
326       339        13         2
323       336        13         5
323       332         9         9
326       340        14         1
334       335         1         6
324       326         2        15
327       334         7         7
322       330         8        11
329       334         5         7
315       318         3        23
325       336        11         5
316       338        22         3
329       338         9         3
321       330         9        11
168       334       166         7
156       339       183         2
154       324       170        17
29       338       309         3
325       335        10         6
11       332       321         9
210       337       127         4
331       337         6         4
332       334         2         7
329       340        11         1
332       337         5         4
232       337       105         4
331       335         4         6
322       332        10         9
334       339         5         2
6       320       314        21
328       339        11         2
332       335         3         6
328       333         5         8
338       339         1         2
203       322       119        19
338       340         2         1
334       335         1         6
332       337         5         4
335       337         2         4
327       330         3        11
322       336        14         5
166       327       161        14
333       336         3         5
331       336         5         5
235       339       104         2
328       340        12         1
315       330        15        11
32       339       307         2
313       337        24         4
334       340         6         1
332       339         7         2
334       339         5         2
320       324         4        17
319       329        10        12
320       339        19         2
327       340        13         1
328       330         2        11
9        33        24       308
334       337         3         4
337       339         2         2
338       339         1         2
310       319         9        22
197       310       113        31
333       334         1         7
333       335         2         6
329       333         4         8
335       336         1         5
199       327       128        14
335       337         2         4
233       340       107         1
166       331       165        10
335       339         4         2
332       338         6         3
298       334        36         7
319       336        17         5
199       338       139         3
331       333         2         8
326       328         2        13
293       332        39         9
324       335        11         6
337       340         3         1
331       340         9         1
163       335       172         6
323       339        16         2
192       333       141         8
334       340         6         1
26       332       306         9
31       333       302         8
237       340       103         1
330       336         6         5
325       340        15         1
321       333        12         8
335       337         2         4
330       331         1        10
336       340         4         1
324       338        14         3
312       338        26         3
328       329         1        12
336       339         3         2
321       332        11         9
320       329         9        12
330       338         8         3
31       319       288        22
325       337        12         4
337       338         1         3
319       340        21         1
333       339         6         2
312       326        14        15
192       327       135        14
313       336        23         5
337       338         1         3
327       328         1        13
331       336         5         5
334       336         2         5
321       338        17         3
301       335        34         6
331       336         5         5
33       338       305         3
23       309       286        32
332       340         8         1
338       339         1         2
320       325         5        16
329       333         4         8
311       334        23         7
202       331       129        10
330       335         5         6
333       337         4         4
