338     4607     4607     0     0
337     4109     4109     0     781
336     3656     3656     0     718
335     3226     3226     0     605
334     2801     2801     0     486
333     2447     2447     0     447
332     2175     2175     0     416
331     1907     1907     0     344
330     1652     1652     0     293
329     1443     1443     0     251
328     1322     1322     0     269
327     1137     1137     0     188
326     1008     1008     0     179
325     911     911     0     184
324     818     818     0     159
323     726     726     0     127
322     638     638     0     112
321     570     570     0     113
320     488     488     0     83
319     408     408     0     71
318     370     370     0     72
317     328     328     0     64
316     300     300     0     67
315     277     277     0     53
314     237     237     0     34
313     218     218     0     47
312     184     184     0     31
311     159     159     0     25
310     146     146     0     26
309     133     133     0     25
308     118     118     0     23
307     100     100     0     14
306     100     2903     0     0
305     100     2541     0     473
304     99     2255     0     441
303     99     2006     0     394
302     99     1774     0     339
301     98     1556     0     290
300     98     1373     0     257
299     98     1189     0     208
298     98     1037     0     194
297     96     928     0     180
296     94     820     0     157
295     94     744     0     146
294     89     646     0     115
293     87     571     0     111
292     87     506     0     98
291     86     456     0     89
290     84     419     0     88
289     83     371     0     64
288     82     333     0     66
287     79     294     0     49
286     74     260     0     41
285     70     224     0     39
284     69     202     0     37
283     69     191     0     41
282     67     186     0     47
281     67     161     0     30
280     67     158     0     37
279     64     143     0     31
278     58     121     0     22
277     57     113     0     27
276     57     108     0     30
275     55     100     0     16
274     55     4778     0     0
273     55     4286     0     862
272     55     3826     0     709
271     55     3413     0     660
270     55     2996     0     570
269     54     2592     0     461
268     54     2281     0     422
267     54     2032     0     405
266     54     1825     0     342
265     54     1593     0     280
264     54     1426     0     257
263     54     1302     0     267
262     54     1151     0     219
261     54     990     0     187
260     54     872     0     162
259     54     816     0     187
258     54     734     0     145
257     53     608     0     103
256     53     542     0     111
255     51     461     0     73
254     51     417     0     80
253     51     380     0     81
252     50     322     0     54
251     49     290     0     58
250     48     252     0     54
249     48     214     0     29
248     47     183     0     29
247     42     157     0     25
246     40     132     0     18
245     38     108     0     18
244     38     104     0     23
243     37     100     0     19
242     37     3548     0     0
241     37     3188     0     633
240     37     2892     0     581
239     37     2592     0     512
238     37     2284     0     421
237     37     2010     0     384
236     37     1797     0     340
235     37     1562     0     276
234     37     1439     0     304
233     37     1292     0     263
232     37     1128     0     209
231     36     990     0     183
230     36     853     0     157
229     36     727     0     126
228     36     672     0     132
227     36     572     0     101
226     36     506     0     92
225     36     440     0     80
224     35     380     0     68
223     35     358     0     78
222     34     339     0     80
221     32     299     0     55
220     32     261     0     42
219     31     229     0     40
218     31     191     0     32
217     30     162     0     26
216     30     139     0     25
215     30     130     0     25
214     30     125     0     31
213     30     124     0     31
212     30     114     0     22
211     30     100     0     22
210     30     3888     0     0
209     30     3464     0     666
208     30     3060     0     589
207     30     2707     0     494
206     29     2384     0     439
205     29     2131     0     431
204     29     1902     0     356
203     29     1699     0     345
202     29     1507     0     295
201     28     1361     0     269
200     28     1174     0     212
199     27     1008     0     164
198     27     891     0     164
197     26     808     0     163
196     26     711     0     127
195     26     644     0     123
194     26     574     0     111
193     26     529     0     116
192     26     467     0     94
191     26     405     0     75
190     26     377     0     86
189     26     358     0     78
188     25     310     0     59
187     25     267     0     49
186     25     231     0     41
185     22     204     0     36
184     22     191     0     41
183     22     168     0     34
182     21     148     0     28
181     21     126     0     24
180     21     110     0     18
179     21     100     0     17
178     21     4149     0     0
177     21     3705     0     708
176     21     3240     0     588
175     21     2856     0     507
174     21     2527     0     466
173     21     2269     0     451
172     21     1981     0     358
171     21     1759     0     327
170     21     1569     0     313
169     21     1424     0     283
168     21     1256     0     255
167     21     1123     0     230
166     21     974     0     177
165     21     856     0     156
164     21     770     0     159
163     21     681     0     122
162     21     624     0     119
161     21     554     0     105
160     21     497     0     97
159     21     414     0     63
158     21     362     0     62
157     21     315     0     57
156     19     281     0     59
155     19     269     0     63
154     19     231     0     35
153     19     196     0     38
152     19     181     0     38
151     19     156     0     25
150     19     144     0     26
149     19     128     0     19
148     19     108     0     20
147     19     100     0     22
146     19     4260     0     0
145     19     3829     0     761
144     19     3457     0     697
143     19     3116     0     607
142     19     2813     0     538
141     19     2452     0     438
140     19     2197     0     420
139     18     1962     0     393
138     18     1765     0     350
137     18     1626     0     317
136     18     1452     0     274
135     18     1282     0     239
134     18     1146     0     218
133     18     1041     0     206
132     18     949     0     190
131     18     812     0     143
130     18     728     0     153
129     18     647     0     124
128     18     554     0     93
127     18     475     0     91
126     18     447     0     103
125     18     400     0     72
124     18     332     0     53
123     18     277     0     38
122     17     212     0     26
121     17     189     0     35
120     17     189     0     44
119     17     159     0     22
118     17     143     0     28
117     16     125     0     25
116     16     105     0     15
115     16     100     0     22
114     16     4105419     0     0
113     16     3640482     0     692952
112     16     3227236     0     613935
111     16     2859895     0     542724
110     16     2533960     0     480690
109     16     2245663     0     426147
108     16     1990023     0     378309
107     16     1764673     0     336178
106     16     1563789     0     296871
105     16     1385950     0     262978
104     16     1228423     0     233333
103     16     1088836     0     206920
102     16     965246     0     183902
101     16     855413     0     162619
100     16     757910     0     143806
99     16     671177     0     127090
98     16     595132     0     112993
97     16     527515     0     100115
96     16     467620     0     88957
95     16     414146     0     78416
94     16     366763     0     69683
93     16     324664     0     61374
92     16     287137     0     54224
91     16     254337     0     48246
90     16     225296     0     42807
89     16     199854     0     38005
88     16     176806     0     33450
87     16     156400     0     29603
86     16     138718     0     26337
85     16     122489     0     23090
84     16     108675     0     20630
83     16     96630     0     18464
82     16     85416     0     16118
81     16     75598     0     14231
80     16     67233     0     12965
79     16     59562     0     11346
78     16     52857     0     10085
77     16     46865     0     8883
76     16     41570     0     7926
75     16     36984     0     7088
74     16     32673     0     6184
73     16     28974     0     5505
72     16     25647     0     4857
71     16     22646     0     4257
70     16     20086     0     3788
69     16     17784     0     3366
68     16     15791     0     2956
67     16     13977     0     2634
66     16     12398     0     2372
65     16     10950     0     2053
64     16     9753     0     1829
63     16     8679     0     1655
62     16     7719     0     1466
61     16     6923     0     1341
60     16     6131     0     1122
59     16     5500     0     1089
58     16     4850     0     902
57     16     4318     0     822
56     16     3812     0     707
55     16     3356     0     639
54     16     2995     0     567
53     16     2673     0     498
52     16     2328     0     429
51     16     2111     0     429
50     16     1863     0     348
49     16     1597     0     291
48     16     1442     0     275
47     16     1275     0     239
46     16     1098     0     206
45     16     978     0     189
44     16     885     0     183
43     16     792     0     151
42     16     707     0     137
41     16     620     0     118
40     16     581     0     125
39     16     495     0     83
38     16     431     0     72
37     16     376     0     61
36     16     345     0     80
35     16     307     0     60
34     16     267     0     50
33     16     219     0     31
32     16     195     0     35
31     15     162     0     27
30     15     144     0     25
29     15     128     0     25
28     15     124     0     32
27     14     95     0     13
26     14     79     0     12
25     14     69     0     12
24     14     62     0     12
23     14     55     0     13
22     14     47     0     6
21     13     37     0     4
20     12     35     0     7
19     11     28     0     2
18     10     23     0     2
17     8     19     0     4
16     7     12     0     1
15     6     10     0     0
14     6     12     0     6
13     6     11     0     3
12     6     10     0     2
11     6     9     0     1
10     5     8     0     2
9     5     8     0     2
8     4     6     0     0
7     4     6     0     1
6     4     5     0     0
5     3     3     0     0
4     2     2     0     0
3     2     3     0     1
2     2     3     0     0
1     1     2     0     0
0     1     1     0     0
