241       245         4         9
243       253        10         1
138       252       114         2
244       248         4         6
70       247       177         7
85       251       166         3
244       247         3         7
245       253         8         1
248       253         5         1
239       253        14         1
242       244         2        10
130       248       118         6
247       251         4         3
252       253         1         1
244       248         4         6
203       252        49         2
246       247         1         7
119       251       132         3
236       252        16         2
34       252       218         2
240       247         7         7
87       237       150        17
70       252       182         2
245       252         7         2
245       253         8         1
66       252       186         2
251       252         1         2
235       242         7        12
248       249         1         5
249       252         3         2
249       251         2         3
77       249       172         5
244       253         9         1
249       253         4         1
245       252         7         2
142       251       109         3
250       252         2         2
247       253         6         1
118       253       135         1
244       247         3         7
252       253         1         1
22       251       229         3
143       246       103         8
250       253         3         1
249       251         2         3
247       253         6         1
112       251       139         3
247       252         5         2
247       250         3         4
242       252        10         2
16       253       237         1
252       253         1         1
244       248         4         6
78       245       167         9
18       249       231         5
244       250         6         4
237       240         3        14
239       242         3        12
252       253         1         1
231       249        18         5
252       253         1         1
248       253         5         1
246       252         6         2
237       244         7        10
68       252       184         2
251       253         2         1
238       243         5        11
229       246        17         8
252       253         1         1
251       252         1         2
63       243       180        11
251       253         2         1
248       250         2         4
242       251         9         3
249       251         2         3
13       242       229        12
239       248         9         6
18       245       227         9
238       253        15         1
248       250         2         4
163       248        85         6
243       245         2         9
142       252       110         2
242       248         6         6
162       245        83         9
247       252         5         2
42       250       208         4
232       248        16         6
245       253         8         1
247       252         5         2
250       252         2         2
240       252        12         2
243       251         8         3
238       248        10         6
250       251         1         3
252       253         1         1
240       245         5         9
113       248       135         6
246       253         7         1
248       253         5         1
232       235         3        19
213       242        29        12
240       243         3        11
137       252       115         2
143       250       107         4
251       253         2         1
241       244         3        10
21       249       228         5
247       253         6         1
241       253        12         1
45       235       190        19
242       243         1        11
242       248         6         6
250       253         3         1
246       251         5         3
196       247        51         7
154       252        98         2
132       253       121         1
241       246         5         8
218       246        28         8
250       253         3         1
240       246         6         8
251       253         2         1
247       249         2         5
237       250        13         4
119       247       128         7
141       240        99        14
247       249         2         5
245       246         1         8
21       250       229         4
233       251        18         3
161       252        91         2
242       248         6         6
236       249        13         5
245       251         6         3
223       248        25         6
22       253       231         1
62       247       185         7
242       249         7         5
252       253         1         1
71       241       170        13
141       249       108         5
117       253       136         1
245       253         8         1
244       250         6         4
238       253        15         1
245       250         5         4
151       244        93        10
41       236       195        18
247       251         4         3
118       250       132         4
248       250         2         4
164       251        87         3
248       253         5         1
160       245        85         9
38       250       212         4
234       253        19         1
241       251        10         3
247       250         3         4
242       251         9         3
165       241        76        13
232       246        14         8
246       248         2         6
6       238       232        16
248       249         1         5
116       252       136         2
233       244        11        10
250       253         3         1
246       247         1         7
232       250        18         4
240       252        12         2
228       249        21         5
116       247       131         7
219       248        29         6
251       252         1         2
235       249        14         5
248       253         5         1
250       253         3         1
243       251         8         3
242       248         6         6
243       253        10         1
250       251         1         3
252       253         1         1
240       250        10         4
245       251         6         3
92       236       144        18
241       250         9         4
242       251         9         3
250       253         3         1
236       243         7        11
238       253        15         1
94       249       155         5
252       253         1         1
246       249         3         5
95       249       154         5
249       251         2         3
139       251       112         3
246       248         2         6
163       248        85         6
248       249         1         5
250       252         2         2
138       251       113         3
230       243        13        11
252       253         1         1
91       223       132        31
240       246         6         8
236       251        15         3
252       253         1         1
137       239       102        15
88       253       165         1
238       251        13         3
70        88        18       166
249       250         1         4
244       251         7         3
247       251         4         3
23       246       223         8
238       252        14         2
70       249       179         5
93       252       159         2
235       247        12         7
241       251        10         3
222       253        31         1
246       252         6         2
248       251         3         3
250       251         1         3
16       141       125       113
118       167        49        87
246       252         6         2
251       253         2         1
244       251         7         3
249       252         3         2
240       244         4        10
246       248         2         6
229       244        15        10
247       248         1         6
244       253         9         1
245       247         2         7
244       253         9         1
244       249         5         5
241       244         3        10
246       249         3         5
243       245         2         9
251       253         2         1
251       252         1         2
244       252         8         2
142       243       101        11
252       253         1         1
23       245       222         9
246       253         7         1
91       245       154         9
141       226        85        28
248       253         5         1
243       247         4         7
232       245        13         9
136       253       117         1
233       252        19         2
92       252       160         2
240       253        13         1
232       253        21         1
248       251         3         3
131       250       119         4
37       249       212         5
222       252        30         2
252       253         1         1
235       247        12         7
243       251         8         3
91       244       153        10
233       250        17         4
234       247        13         7
87       245       158         9
248       253         5         1
246       250         4         4
113       253       140         1
240       250        10         4
244       247         3         7
37       252       215         2
246       252         6         2
233       249        16         5
240       252        12         2
102       235       133        19
92       251       159         3
71       246       175         8
242       249         7         5
39       253       214         1
237       250        13         4
242       251         9         3
251       252         1         2
247       249         2         5
18       244       226        10
242       243         1        11
224       245        21         9
244       249         5         5
242       252        10         2
237       249        12         5
252       253         1         1
110       243       133        11
167       253        86         1
237       251        14         3
71       137        66       117
236       249        13         5
246       247         1         7
245       250         5         4
164       235        71        19
248       251         3         3
167       253        86         1
248       253         5         1
246       250         4         4
248       250         2         4
248       253         5         1
245       251         6         3
248       252         4         2
162       252        90         2
44       250       206         4
243       244         1        10
249       252         3         2
252       253         1         1
115       243       128        11
252       253         1         1
243       253        10         1
106       246       140         8
88       248       160         6
220       245        25         9
247       253         6         1
245       253         8         1
239       253        14         1
241       249         8         5
71       251       180         3
20       217       197        37
247       252         5         2
241       250         9         4
68       253       185         1
244       252         8         2
245       253         8         1
240       252        12         2
116       253       137         1
239       249        10         5
245       253         8         1
245       248         3         6
245       249         4         5
45       250       205         4
245       248         3         6
243       247         4         7
250       253         3         1
246       248         2         6
241       250         9         4
246       249         3         5
166       251        85         3
244       253         9         1
36       250       214         4
166       247        81         7
250       251         1         3
44       247       203         7
240       253        13         1
246       253         7         1
140       247       107         7
243       247         4         7
248       253         5         1
93       243       150        11
249       251         2         3
117       253       136         1
71       234       163        20
242       253        11         1
236       252        16         2
251       253         2         1
246       250         4         4
43       252       209         2
238       250        12         4
251       252         1         2
246       251         5         3
248       253         5         1
33       236       203        18
245       250         5         4
250       253         3         1
251       253         2         1
244       253         9         1
20       240       220        14
30       251       221         3
240       252        12         2
18       248       230         6
248       250         2         4
12       249       237         5
238       242         4        12
119       243       124        11
67        94        27       160
230       244        14        10
221       235        14        19
237       250        13         4
245       251         6         3
240       252        12         2
165       252        87         2
106       237       131        17
245       251         6         3
167       252        85         2
95       242       147        12
239       244         5        10
21       252       231         2
246       247         1         7
241       250         9         4
112       239       127        15
243       249         6         5
252       253         1         1
248       253         5         1
224       236        12        18
240       252        12         2
71       249       178         5
251       252         1         2
64       252       188         2
106       253       147         1
252       253         1         1
71       244       173        10
70       253       183         1
247       251         4         3
245       253         8         1
244       245         1         9
251       252         1         2
230       239         9        15
238       252        14         2
71       244       173        10
231       252        21         2
251       253         2         1
236       249        13         5
244       251         7         3
247       248         1         6
238       250        12         4
246       247         1         7
246       251         5         3
44       250       206         4
235       248        13         6
250       253         3         1
223       247        24         7
249       253         4         1
240       253        13         1
249       252         3         2
248       253         5         1
242       247         5         7
117       243       126        11
234       249        15         5
241       249         8         5
248       252         4         2
243       252         9         2
246       250         4         4
12       239       227        15
250       251         1         3
94       250       156         4
238       246         8         8
243       247         4         7
64       253       189         1
223       253        30         1
252       253         1         1
225       253        28         1
23       246       223         8
250       252         2         2
252       253         1         1
247       253         6         1
91       166        75        88
43       253       210         1
247       253         6         1
141       251       110         3
245       252         7         2
236       249        13         5
39       252       213         2
236       249        13         5
241       250         9         4
243       253        10         1
240       251        11         3
246       249         3         5
245       253         8         1
245       253         8         1
230       253        23         1
82       251       169         3
167       246        79         8
252       253         1         1
238       244         6        10
245       251         6         3
249       252         3         2
243       252         9         2
232       242        10        12
245       253         8         1
235       253        18         1
249       251         2         3
250       251         1         3
19       253       234         1
90       236       146        18
249       251         2         3
70       253       183         1
251       253         2         1
248       250         2         4
239       250        11         4
249       253         4         1
250       253         3         1
250       253         3         1
116       245       129         9
237       246         9         8
55       248       193         6
250       251         1         3
37       253       216         1
240       253        13         1
227       240        13        14
243       251         8         3
115       248       133         6
247       249         2         5
247       251         4         3
242       251         9         3
142       238        96        16
47       253       206         1
226       244        18        10
252       253         1         1
240       249         9         5
252       253         1         1
238       253        15         1
245       252         7         2
245       252         7         2
47       251       204         3
219       241        22        13
244       245         1         9
65       251       186         3
70       249       179         5
246       252         6         2
246       252         6         2
243       252         9         2
236       248        12         6
247       252         5         2
240       250        10         4
249       253         4         1
248       252         4         2
237       246         9         8
244       246         2         8
164       251        87         3
116       253       137         1
247       248         1         6
233       252        19         2
234       249        15         5
244       252         8         2
142       227        85        27
248       253         5         1
245       253         8         1
241       246         5         8
249       250         1         4
235       243         8        11
247       253         6         1
69       246       177         8
62       251       189         3
237       248        11         6
248       252         4         2
233       240         7        14
69       253       184         1
162       246        84         8
230       250        20         4
232       234         2        20
245       247         2         7
239       250        11         4
246       253         7         1
250       252         2         2
248       250         2         4
236       250        14         4
163       250        87         4
243       252         9         2
240       242         2        12
249       253         4         1
107       226       119        28
239       242         3        12
245       251         6         3
222       250        28         4
90       251       161         3
252       253         1         1
247       248         1         6
225       248        23         6
248       253         5         1
249       250         1         4
114       252       138         2
251       253         2         1
245       246         1         8
251       253         2         1
246       247         1         7
245       253         8         1
234       245        11         9
167       244        77        10
242       249         7         5
166       249        83         5
136       253       117         1
20       248       228         6
69       238       169        16
69       159        90        95
67       251       184         3
33       250       217         4
248       250         2         4
249       253         4         1
249       253         4         1
252       253         1         1
71       253       182         1
138       251       113         3
92       239       147        15
244       251         7         3
238       253        15         1
235       249        14         5
161       250        89         4
247       249         2         5
246       250         4         4
247       250         3         4
235       253        18         1
94       252       158         2
233       253        20         1
250       252         2         2
245       252         7         2
248       253         5         1
248       251         3         3
235       252        17         2
245       246         1         8
22       242       220        12
244       253         9         1
248       249         1         5
248       249         1         5
251       252         1         2
241       248         7         6
131       253       122         1
239       249        10         5
241       250         9         4
244       249         5         5
13       249       236         5
251       252         1         2
247       250         3         4
251       253         2         1
248       252         4         2
250       251         1         3
16       252       236         2
237       247        10         7
142       239        97        15
229       253        24         1
243       246         3         8
252       253         1         1
246       249         3         5
36       246       210         8
166       252        86         2
46       244       198        10
117       163        46        91
233       242         9        12
47       252       205         2
240       243         3        11
242       246         4         8
246       253         7         1
248       253         5         1
247       252         5         2
244       246         2         8
251       253         2         1
241       247         6         7
239       245         6         9
235       241         6        13
238       248        10         6
66        80        14       174
92       249       157         5
53       250       197         4
252       253         1         1
250       252         2         2
249       252         3         2
249       251         2         3
252       253         1         1
250       253         3         1
237       251        14         3
238       244         6        10
12       251       239         3
20       250       230         4
141       243       102        11
237       251        14         3
242       252        10         2
243       246         3         8
249       253         4         1
234       251        17         3
247       248         1         6
235       250        15         4
249       250         1         4
239       253        14         1
246       251         5         3
249       252         3         2
93       234       141        20
238       244         6        10
248       253         5         1
247       249         2         5
237       248        11         6
247       252         5         2
251       252         1         2
233       253        20         1
75       238       163        16
142       253       111         1
236       252        16         2
92       252       160         2
116       246       130         8
167       250        83         4
243       247         4         7
237       253        16         1
244       253         9         1
242       248         6         6
227       251        24         3
222       248        26         6
249       251         2         3
248       250         2         4
167       245        78         9
247       250         3         4
68       246       178         8
250       253         3         1
95       253       158         1
161       241        80        13
250       253         3         1
248       251         3         3
244       250         6         4
240       242         2        12
237       242         5        12
246       248         2         6
249       253         4         1
241       242         1        12
115       252       137         2
245       248         3         6
250       251         1         3
229       249        20         5
250       252         2         2
239       244         5        10
248       250         2         4
249       253         4         1
238       246         8         8
94       247       153         7
243       248         5         6
252       253         1         1
245       252         7         2
114       253       139         1
18       247       229         7
114       245       131         9
243       253        10         1
151       243        92        11
244       253         9         1
71       233       162        21
251       252         1         2
250       253         3         1
247       252         5         2
142       253       111         1
61       249       188         5
245       252         7         2
152       243        91        11
47       248       201         6
15        45        30       209
246       248         2         6
251       253         2         1
240       249         9         5
248       251         3         3
69       252       183         2
252       253         1         1
241       243         2        11
166       249        83         5
234       250        16         4
238       243         5        11
235       252        17         2
243       251         8         3
112       242       130        12
19       239       220        15
249       250         1         4
240       242         2        12
92       252       160         2
250       253         3         1
157       237        80        17
158       241        83        13
247       253         6         1
245       251         6         3
242       247         5         7
248       251         3         3
43       242       199        12
153       251        98         3
243       247         4         7
246       253         7         1
239       245         6         9
251       252         1         2
58       251       193         3
249       250         1         4
119       252       133         2
234       249        15         5
243       244         1        10
239       246         7         8
236       239         3        15
236       252        16         2
143       251       108         3
71       242       171        12
19       240       221        14
237       252        15         2
252       253         1         1
244       248         4         6
23       250       227         4
243       247         4         7
252       253         1         1
252       253         1         1
238       240         2        14
23       251       228         3
17       249       232         5
246       249         3         5
143       251       108         3
66       251       185         3
248       250         2         4
245       253         8         1
243       244         1        10
39       253       214         1
246       249         3         5
251       253         2         1
237       239         2        15
66       250       184         4
248       249         1         5
229       236         7        18
247       249         2         5
249       251         2         3
47       244       197        10
245       253         8         1
244       247         3         7
228       238        10        16
251       252         1         2
244       246         2         8
107       253       146         1
239       253        14         1
246       250         4         4
247       252         5         2
136       248       112         6
241       252        11         2
246       248         2         6
71       243       172        11
241       253        12         1
20       252       232         2
251       253         2         1
250       253         3         1
70       253       183         1
249       253         4         1
243       253        10         1
242       252        10         2
248       249         1         5
230       252        22         2
241       249         8         5
142       253       111         1
237       248        11         6
244       253         9         1
245       248         3         6
207       238        31        16
246       253         7         1
164       248        84         6
236       247        11         7
249       252         3         2
248       252         4         2
63       252       189         2
248       252         4         2
240       244         4        10
107       248       141         6
246       248         2         6
239       252        13         2
164       244        80        10
245       253         8         1
245       246         1         8
113       242       129        12
245       252         7         2
94       252       158         2
235       251        16         3
246       253         7         1
236       248        12         6
234       253        19         1
248       252         4         2
248       251         3         3
249       253         4         1
233       250        17         4
238       248        10         6
247       252         5         2
244       253         9         1
247       251         4         3
245       251         6         3
250       252         2         2
238       251        13         3
246       252         6         2
222       244        22        10
242       251         9         3
246       253         7         1
237       249        12         5
247       252         5         2
246       248         2         6
251       252         1         2
244       249         5         5
93       248       155         6
248       251         3         3
243       249         6         5
129       252       123         2
248       252         4         2
166       241        75        13
237       253        16         1
242       248         6         6
239       242         3        12
249       252         3         2
250       251         1         3
238       250        12         4
141       232        91        22
162       244        82        10
242       249         7         5
167       247        80         7
249       251         2         3
240       248         8         6
240       250        10         4
249       252         3         2
243       252         9         2
233       248        15         6
244       252         8         2
240       243         3        11
249       252         3         2
250       253         3         1
236       249        13         5
157       243        86        11
250       253         3         1
95       250       155         4
18       112        94       142
53       252       199         2
250       251         1         3
252       253         1         1
241       252        11         2
248       252         4         2
240       253        13         1
139       249       110         5
243       247         4         7
247       249         2         5
239       244         5        10
234       246        12         8
244       246         2         8
246       253         7         1
249       252         3         2
246       249         3         5
247       253         6         1
238       252        14         2
241       249         8         5
240       249         9         5
243       250         7         4
247       250         3         4
119       243       124        11
47       242       195        12
245       246         1         8
251       252         1         2
241       251        10         3
251       252         1         2
89       253       164         1
252       253         1         1
164       245        81         9
243       248         5         6
246       251         5         3
249       250         1         4
140       247       107         7
240       253        13         1
15       249       234         5
162       251        89         3
227       248        21         6
70       250       180         4
252       253         1         1
251       253         2         1
239       250        11         4
251       253         2         1
238       251        13         3
237       243         6        11
236       247        11         7
251       253         2         1
249       250         1         4
235       238         3        16
71       248       177         6
249       251         2         3
237       252        15         2
251       252         1         2
137       241       104        13
240       249         9         5
246       251         5         3
241       248         7         6
245       246         1         8
70       253       183         1
239       248         9         6
245       248         3         6
235       253        18         1
248       249         1         5
227       243        16        11
241       245         4         9
243       249         6         5
245       248         3         6
22       244       222        10
248       249         1         5
237       252        15         2
248       249         1         5
33       249       216         5
228       253        25         1
243       252         9         2
246       249         3         5
239       250        11         4
237       252        15         2
241       247         6         7
241       252        11         2
232       245        13         9
250       251         1         3
242       253        11         1
88       253       165         1
240       250        10         4
224       252        28         2
242       252        10         2
250       252         2         2
28       250       222         4
247       253         6         1
47       253       206         1
248       251         3         3
250       253         3         1
246       247         1         7
246       251         5         3
