415       432        17         1
417       419         2        14
406       418        12        15
429       430         1         3
411       430        19         3
403       404         1        29
32        44        12       389
429       431         2         2
427       430         3         3
273       427       154         6
422       427         5         6
424       428         4         5
381       404        23        29
426       429         3         4
415       430        15         3
421       422         1        11
44       429       385         4
419       424         5         9
415       424         9         9
412       418         6        15
411       432        21         1
428       432         4         1
45       429       384         4
420       427         7         6
425       428         3         5
429       430         1         3
398       416        18        17
42       414       372        19
430       432         2         1
400       428        28         5
32        45        13       388
426       431         5         2
395       419        24        14
45       432       387         1
238       423       185        10
421       426         5         7
416       429        13         4
429       430         1         3
394       432        38         1
41       414       373        19
426       431         5         2
36       428       392         5
426       430         4         3
258       427       169         6
415       419         4        14
396       426        30         7
36       415       379        18
419       432        13         1
422       431         9         2
42       423       381        10
393       432        39         1
427       432         5         1
425       426         1         7
424       431         7         2
420       423         3        10
406       418        12        15
272       427       155         6
37       431       394         2
427       431         4         2
418       421         3        12
425       428         3         5
427       429         2         4
249       424       175         9
418       423         5        10
45       426       381         7
406       420        14        13
430       431         1         2
410       412         2        21
395       431        36         2
416       430        14         3
406       413         7        20
420       429         9         4
419       430        11         3
408       422        14        11
426       427         1         6
416       428        12         5
423       431         8         2
23       428       405         5
25       432       407         1
417       432        15         1
415       432        17         1
397       403         6        30
420       429         9         4
35       431       396         2
421       432        11         1
424       429         5         4
229       417       188        16
399       421        22        12
45       411       366        22
428       429         1         4
255       429       174         4
412       415         3        18
271       416       145        17
418       425         7         8
424       425         1         8
398       414        16        19
403       432        29         1
427       431         4         2
387       420        33        13
407       418        11        15
274       430       156         3
415       423         8        10
416       429        13         4
403       412         9        21
428       431         3         2
383       431        48         2
412       432        20         1
426       432         6         1
402       426        24         7
420       421         1        12
401       423        22        10
412       418         6        15
38       419       381        14
45       421       376        12
406       426        20         7
222       422       200        11
420       432        12         1
407       408         1        25
427       428         1         5
403       419        16        14
413       421         8        12
420       429         9         4
31       273       242       160
218       428       210         5
395       403         8        30
370       426        56         7
44       424       380         9
271       431       160         2
39       423       384        10
38       421       383        12
414       430        16         3
411       420         9        13
39       425       386         8
221       426       205         7
422       430         8         3
407       422        15        11
415       432        17         1
40       424       384         9
406       430        24         3
38       430       392         3
35       431       396         2
263       429       166         4
264       420       156        13
428       429         1         4
410       418         8        15
407       415         8        18
431       432         1         1
39       428       389         5
223       423       200        10
423       427         4         6
228       429       201         4
275       429       154         4
391       410        19        23
43       422       379        11
258       431       173         2
45       430       385         3
269       432       163         1
418       421         3        12
431       432         1         1
392       431        39         2
398       430        32         3
413       420         7        13
396       430        34         3
30       430       400         3
32       222       190       211
425       428         3         5
393       417        24        16
40       421       381        12
430       431         1         2
411       429        18         4
41       432       391         1
412       418         6        15
429       431         2         2
415       423         8        10
417       430        13         3
31       420       389        13
427       432         5         1
41       424       383         9
40       415       375        18
415       432        17         1
417       424         7         9
426       432         6         1
426       429         3         4
33        39         6       394
419       428         9         5
415       429        14         4
23       432       409         1
425       427         2         6
430       431         1         2
429       430         1         3
410       432        22         1
425       429         4         4
421       425         4         8
428       432         4         1
414       432        18         1
427       431         4         2
420       426         6         7
399       428        29         5
430       432         2         1
413       425        12         8
3       428       425         5
404       430        26         3
422       431         9         2
428       430         2         3
417       419         2        14
412       432        20         1
427       428         1         5
417       427        10         6
418       424         6         9
404       420        16        13
387       410        23        23
416       429        13         4
26       419       393        14
37       396       359        37
427       432         5         1
413       422         9        11
423       432         9         1
399       420        21        13
427       432         5         1
36       426       390         7
386       406        20        27
424       430         6         3
34       414       380        19
34       424       390         9
421       432        11         1
408       422        14        11
428       429         1         4
33       425       392         8
413       420         7        13
32       401       369        32
424       431         7         2
25       425       400         8
383       423        40        10
415       416         1        17
406       422        16        11
220       421       201        12
380       413        33        20
34       432       398         1
42       404       362        29
389       405        16        28
430       431         1         2
274       413       139        20
409       427        18         6
388       409        21        24
32       415       383        18
405       430        25         3
249       430       181         3
372       424        52         9
36       432       396         1
406       417        11        16
45       431       386         2
427       428         1         5
272       422       150        11
403       412         9        21
408       423        15        10
272       429       157         4
414       415         1        18
428       429         1         4
428       429         1         4
407       414         7        19
414       423         9        10
405       413         8        20
425       430         5         3
423       426         3         7
417       426         9         7
413       428        15         5
418       421         3        12
418       428        10         5
431       432         1         1
429       431         2         2
402       432        30         1
226       432       206         1
403       418        15        15
228       430       202         3
414       418         4        15
417       423         6        10
427       429         2         4
392       424        32         9
425       427         2         6
396       427        31         6
401       427        26         6
420       424         4         9
419       420         1        13
427       431         4         2
400       406         6        27
430       431         1         2
37       428       391         5
391       426        35         7
422       432        10         1
272       421       149        12
430       431         1         2
428       432         4         1
425       432         7         1
400       405         5        28
397       410        13        23
369       421        52        12
40       422       382        11
420       430        10         3
42       424       382         9
421       429         8         4
403       423        20        10
399       432        33         1
39       428       389         5
23       429       406         4
410       417         7        16
38       431       393         2
386       430        44         3
351       429        78         4
225       226         1       207
415       416         1        17
418       427         9         6
274       430       156         3
422       429         7         4
407       423        16        10
212       424       212         9
27       425       398         8
418       424         6         9
415       422         7        11
363       419        56        14
398       423        25        10
268       425       157         8
274       391       117        42
428       429         1         4
32       429       397         4
410       426        16         7
33       419       386        14
420       432        12         1
369       430        61         3
424       425         1         8
386       425        39         8
423       431         8         2
227       425       198         8
431       432         1         1
30       427       397         6
416       426        10         7
45       425       380         8
429       431         2         2
40       421       381        12
428       432         4         1
385       428        43         5
430       432         2         1
406       414         8        19
423       432         9         1
407       413         6        20
10       423       413        10
422       427         5         6
45       418       373        15
416       424         8         9
43       432       389         1
23       254       231       179
39       428       389         5
410       431        21         2
420       431        11         2
423       427         4         6
427       432         5         1
422       426         4         7
388       423        35        10
398       422        24        11
415       418         3        15
429       432         3         1
392       413        21        20
424       432         8         1
267       423       156        10
429       432         3         1
429       431         2         2
45       419       374        14
430       432         2         1
425       430         5         3
389       392         3        41
430       431         1         2
42       422       380        11
430       431         1         2
411       430        19         3
415       430        15         3
35       425       390         8
416       428        12         5
38       419       381        14
33       432       399         1
419       428         9         5
425       432         7         1
417       423         6        10
380       426        46         7
393       407        14        26
427       432         5         1
406       426        20         7
428       431         3         2
209       430       221         3
414       416         2        17
413       420         7        13
412       420         8        13
31       417       386        16
428       431         3         2
427       430         3         3
419       429        10         4
429       432         3         1
423       428         5         5
428       432         4         1
419       428         9         5
404       425        21         8
398       423        25        10
407       419        12        14
218       412       194        21
425       431         6         2
412       430        18         3
431       432         1         1
427       430         3         3
426       430         4         3
429       432         3         1
226       422       196        11
405       429        24         4
420       425         5         8
417       432        15         1
29       427       398         6
370       424        54         9
409       427        18         6
38       404       366        29
428       431         3         2
413       431        18         2
261       409       148        24
430       432         2         1
383       425        42         8
419       428         9         5
412       417         5        16
422       427         5         6
405       429        24         4
394       422        28        11
425       430         5         3
427       428         1         5
418       432        14         1
22       432       410         1
429       431         2         2
428       429         1         4
413       416         3        17
412       421         9        12
411       431        20         2
425       427         2         6
45       428       383         5
417       428        11         5
415       432        17         1
423       427         4         6
42       410       368        23
418       432        14         1
397       416        19        17
427       428         1         5
31       423       392        10
412       427        15         6
6       430       424         3
41       432       391         1
214       429       215         4
410       429        19         4
424       426         2         7
418       429        11         4
420       431        11         2
412       413         1        20
427       430         3         3
420       422         2        11
405       423        18        10
44       429       385         4
40       412       372        21
414       432        18         1
429       431         2         2
417       422         5        11
6       432       426         1
395       416        21        17
415       429        14         4
418       420         2        13
405       416        11        17
41       274       233       159
417       432        15         1
404       427        23         6
387       428        41         5
374       429        55         4
417       424         7         9
23       425       402         8
410       423        13        10
422       424         2         9
420       430        10         3
229       425       196         8
392       428        36         5
271       424       153         9
394       420        26        13
18       421       403        12
386       397        11        36
225       431       206         2
425       428         3         5
398       432        34         1
425       429         4         4
415       417         2        16
427       431         4         2
426       432         6         1
44       418       374        15
272       400       128        33
430       432         2         1
413       432        19         1
275       406       131        27
422       428         6         5
413       418         5        15
204       431       227         2
419       427         8         6
404       423        19        10
420       432        12         1
420       421         1        12
34       401       367        32
43       429       386         4
227       415       188        18
427       432         5         1
419       430        11         3
430       431         1         2
428       431         3         2
377       409        32        24
406       424        18         9
268       415       147        18
390       423        33        10
409       421        12        12
271       402       131        31
418       425         7         8
390       403        13        30
406       414         8        19
425       430         5         3
405       424        19         9
409       426        17         7
370       430        60         3
419       432        13         1
422       424         2         9
273       419       146        14
426       431         5         2
428       429         1         4
266       415       149        18
425       427         2         6
420       432        12         1
402       428        26         5
422       432        10         1
43       430       387         3
426       432         6         1
32       413       381        20
429       431         2         2
429       432         3         1
397       416        19        17
424       427         3         6
398       417        19        16
418       431        13         2
417       423         6        10
414       428        14         5
218       424       206         9
406       411         5        22
426       427         1         6
387       422        35        11
35       410       375        23
417       420         3        13
399       431        32         2
18       431       413         2
414       431        17         2
412       417         5        16
427       428         1         5
422       426         4         7
28       427       399         6
419       429        10         4
407       430        23         3
413       414         1        19
412       429        17         4
425       427         2         6
222       419       197        14
431       432         1         1
391       426        35         7
422       427         5         6
37       411       374        22
413       421         8        12
417       429        12         4
417       422         5        11
419       432        13         1
42       428       386         5
427       430         3         3
34       408       374        25
35       403       368        30
427       432         5         1
402       430        28         3
270       429       159         4
423       428         5         5
19       432       413         1
428       429         1         4
422       432        10         1
418       432        14         1
408       421        13        12
424       428         4         5
388       426        38         7
406       412         6        21
406       428        22         5
412       423        11        10
414       432        18         1
423       428         5         5
402       432        30         1
429       432         3         1
415       428        13         5
35       419       384        14
260       432       172         1
266       402       136        31
408       412         4        21
400       423        23        10
396       432        36         1
418       429        11         4
423       432         9         1
416       418         2        15
428       431         3         2
425       427         2         6
427       430         3         3
253       407       154        26
266       432       166         1
32       394       362        39
425       426         1         7
418       425         7         8
409       414         5        19
25       412       387        21
426       430         4         3
36       404       368        29
417       429        12         4
410       412         2        21
414       428        14         5
257       395       138        38
229       428       199         5
41       410       369        23
425       429         4         4
416       432        16         1
417       429        12         4
29       431       402         2
405       418        13        15
30       421       391        12
35       429       394         4
408       420        12        13
249       411       162        22
431       432         1         1
417       419         2        14
428       430         2         3
414       426        12         7
425       430         5         3
394       420        26        13
423       431         8         2
418       425         7         8
427       430         3         3
420       422         2        11
423       424         1         9
421       432        11         1
27       427       400         6
417       419         2        14
414       425        11         8
419       424         5         9
421       431        10         2
262       424       162         9
43       388       345        45
390       410        20        23
428       432         4         1
404       413         9        20
33       419       386        14
405       432        27         1
422       431         9         2
39       423       384        10
416       418         2        15
262       428       166         5
421       432        11         1
408       418        10        15
418       431        13         2
407       416         9        17
408       409         1        24
424       430         6         3
21       431       410         2
402       412        10        21
398       423        25        10
226       375       149        58
423       428         5         5
45       418       373        15
39       411       372        22
39       425       386         8
428       429         1         4
425       429         4         4
425       428         3         5
28       426       398         7
268       428       160         5
34       432       398         1
388       396         8        37
425       428         3         5
228       417       189        16
408       432        24         1
411       432        21         1
394       406        12        27
408       424        16         9
264       415       151        18
429       432         3         1
44       408       364        25
415       429        14         4
43       432       389         1
416       431        15         2
429       432         3         1
390       409        19        24
413       432        19         1
414       431        17         2
430       432         2         1
408       429        21         4
39       245       206       188
409       423        14        10
32       413       381        20
9       419       410        14
417       426         9         7
425       431         6         2
267       418       151        15
427       431         4         2
401       426        25         7
415       421         6        12
401       425        24         8
431       432         1         1
423       428         5         5
420       429         9         4
273       429       156         4
421       425         4         8
220       420       200        13
420       427         7         6
427       428         1         5
13       418       405        15
414       415         1        18
405       421        16        12
424       429         5         4
430       432         2         1
427       428         1         5
426       432         6         1
429       430         1         3
416       423         7        10
405       431        26         2
393       431        38         2
406       410         4        23
384       404        20        29
428       429         1         4
381       418        37        15
415       417         2        16
413       431        18         2
426       428         2         5
42       406       364        27
424       431         7         2
391       424        33         9
421       432        11         1
407       426        19         7
40       397       357        36
40       408       368        25
391       402        11        31
425       429         4         4
271       424       153         9
44       428       384         5
406       418        12        15
424       426         2         7
408       429        21         4
414       426        12         7
429       430         1         3
407       431        24         2
407       419        12        14
41       426       385         7
429       431         2         2
401       410         9        23
39       432       393         1
428       432         4         1
5       411       406        22
39       432       393         1
428       430         2         3
405       427        22         6
430       432         2         1
407       429        22         4
45       413       368        20
269       426       157         7
420       430        10         3
428       429         1         4
405       427        22         6
25       408       383        25
412       418         6        15
422       425         3         8
419       424         5         9
411       429        18         4
426       427         1         6
21       431       410         2
33       424       391         9
45       407       362        26
224       422       198        11
42       429       387         4
267       432       165         1
422       429         7         4
409       418         9        15
16       414       398        19
423       429         6         4
28       432       404         1
410       412         2        21
411       432        21         1
228       429       201         4
244       381       137        52
271       424       153         9
418       422         4        11
430       432         2         1
389       409        20        24
419       429        10         4
418       423         5        10
412       422        10        11
386       428        42         5
400       416        16        17
264       427       163         6
414       417         3        16
421       424         3         9
427       429         2         4
398       405         7        28
403       415        12        18
379       426        47         7
426       430         4         3
426       429         3         4
428       432         4         1
416       418         2        15
422       424         2         9
262       426       164         7
409       417         8        16
417       423         6        10
216       410       194        23
414       429        15         4
210       432       222         1
42       425       383         8
44       431       387         2
420       423         3        10
397       432        35         1
414       416         2        17
425       429         4         4
420       430        10         3
30       428       398         5
24       431       407         2
375       426        51         7
422       424         2         9
429       430         1         3
264       420       156        13
34       396       362        37
411       432        21         1
422       432        10         1
42       428       386         5
43       228       185       205
254       428       174         5
43       432       389         1
400       421        21        12
402       415        13        18
425       427         2         6
385       420        35        13
430       431         1         2
223       411       188        22
424       427         3         6
409       419        10        14
429       431         2         2
41        45         4       388
425       427         2         6
425       428         3         5
428       432         4         1
42        44         2       389
32       422       390        11
413       432        19         1
45       430       385         3
409       416         7        17
39       428       389         5
28       431       403         2
426       430         4         3
416       429        13         4
398       418        20        15
408       432        24         1
430       432         2         1
42       431       389         2
428       431         3         2
416       417         1        16
429       431         2         2
401       427        26         6
411       425        14         8
431       432         1         1
428       430         2         3
35       428       393         5
429       432         3         1
426       431         5         2
421       425         4         8
409       428        19         5
416       432        16         1
407       410         3        23
430       431         1         2
418       431        13         2
421       429         8         4
420       429         9         4
416       420         4        13
424       427         3         6
42       430       388         3
425       431         6         2
228       426       198         7
417       428        11         5
421       432        11         1
45       425       380         8
30       427       397         6
381       416        35        17
430       432         2         1
42       432       390         1
419       429        10         4
430       431         1         2
416       419         3        14
404       418        14        15
30       427       397         6
268       429       161         4
422       431         9         2
403       426        23         7
424       431         7         2
36       430       394         3
418       423         5        10
410       429        19         4
410       430        20         3
405       432        27         1
396       400         4        33
423       430         7         3
430       432         2         1
410       411         1        22
409       423        14        10
424       430         6         3
430       432         2         1
225       429       204         4
422       432        10         1
408       431        23         2
37       424       387         9
388       394         6        39
419       431        12         2
410       418         8        15
404       421        17        12
416       423         7        10
229       428       199         5
390       406        16        27
410       424        14         9
411       430        19         3
423       432         9         1
424       431         7         2
45       428       383         5
212       425       213         8
415       417         2        16
400       423        23        10
417       420         3        13
427       428         1         5
407       419        12        14
424       427         3         6
402       427        25         6
399       430        31         3
401       416        15        17
427       430         3         3
415       430        15         3
34       423       389        10
38       422       384        11
418       419         1        14
428       432         4         1
422       426         4         7
430       431         1         2
398       409        11        24
428       432         4         1
42       413       371        20
429       431         2         2
423       432         9         1
37       406       369        27
406       427        21         6
423       430         7         3
410       432        22         1
416       430        14         3
38       429       391         4
414       431        17         2
410       427        17         6
411       426        15         7
422       430         8         3
423       432         9         1
409       429        20         4
25       418       393        15
393       413        20        20
423       424         1         9
395       419        24        14
417       425         8         8
425       428         3         5
403       424        21         9
388       396         8        37
422       429         7         4
406       424        18         9
206       419       213        14
424       432         8         1
411       417         6        16
268       422       154        11
255       428       173         5
406       426        20         7
400       428        28         5
407       427        20         6
419       430        11         3
416       422         6        11
381       415        34        18
428       432         4         1
416       424         8         9
424       427         3         6
401       414        13        19
416       431        15         2
416       421         5        12
223       424       201         9
424       426         2         7
36       432       396         1
215       407       192        26
223       420       197        13
421       432        11         1
45       432       387         1
207       422       215        11
6       370       364        63
415       420         5        13
