316       319         3         1
313       314         1         6
303       319        16         1
19       312       293         8
307       314         7         6
29       304       275        16
313       317         4         3
317       318         1         2
305       307         2        13
29       317       288         3
303       318        15         2
298       317        19         3
304       309         5        11
311       312         1         8
314       319         5         1
302       309         7        11
175       300       125        20
161       313       152         7
24       319       295         1
192       209        17       111
301       315        14         5
315       319         4         1
315       319         4         1
292       310        18        10
284       319        35         1
254       319        65         1
307       308         1        12
313       319         6         1
291       313        22         7
298       317        19         3
312       319         7         1
305       306         1        14
304       308         4        12
207       314       107         6
313       315         2         5
302       319        17         1
188       315       127         5
318       319         1         1
28       312       284         8
312       313         1         7
308       319        11         1
307       318        11         2
313       319         6         1
315       318         3         2
29       313       284         7
175       316       141         4
199       319       120         1
148       319       171         1
312       316         4         4
310       314         4         6
202       308       106        12
18       319       301         1
316       318         2         2
299       315        16         5
14       313       299         7
199       314       115         6
11       317       306         3
148       314       166         6
317       318         1         2
311       313         2         7
312       318         6         2
207       318       111         2
304       307         3        13
307       316         9         4
293       311        18         9
306       311         5         9
303       315        12         5
311       316         5         4
303       318        15         2
206       313       107         7
300       313        13         7
179       318       139         2
310       319         9         1
305       309         4        11
307       315         8         5
303       318        15         2
27       291       264        29
305       312         7         8
317       318         1         2
317       318         1         2
305       317        12         3
286       313        27         7
311       318         7         2
19       319       300         1
310       318         8         2
302       319        17         1
298       310        12        10
299       319        20         1
19       319       300         1
28       312       284         8
295       304         9        16
310       316         6         4
305       314         9         6
146       315       169         5
294       299         5        21
301       312        11         8
306       318        12         2
179       317       138         3
302       307         5        13
318       319         1         1
301       310         9        10
302       310         8        10
308       315         7         5
318       319         1         1
194       319       125         1
194       306       112        14
285       307        22        13
309       316         7         4
313       317         4         3
5       306       301        14
291       315        24         5
314       317         3         3
312       316         4         4
307       312         5         8
309       317         8         3
298       306         8        14
200       318       118         2
313       319         6         1
313       318         5         2
317       319         2         1
298       319        21         1
306       319        13         1
298       308        10        12
305       317        12         3
178       309       131        11
307       319        12         1
313       314         1         6
29       313       284         7
313       319         6         1
318       319         1         1
318       319         1         1
290       311        21         9
311       317         6         3
296       319        23         1
316       319         3         1
311       315         4         5
312       317         5         3
301       317        16         3
290       300        10        20
316       318         2         2
290       319        29         1
307       313         6         7
172       295       123        25
308       315         7         5
299       317        18         3
204       317       113         3
311       319         8         1
206       317       111         3
145       303       158        17
317       318         1         2
298       309        11        11
25       316       291         4
302       319        17         1
315       318         3         2
288       314        26         6
311       314         3         6
298       303         5        17
307       315         8         5
284       316        32         4
28       295       267        25
291       306        15        14
306       315         9         5
196       315       119         5
207       319       112         1
298       312        14         8
318       319         1         1
173       312       139         8
9       319       310         1
312       318         6         2
317       318         1         2
311       316         5         4
312       318         6         2
313       317         4         3
294       316        22         4
316       319         3         1
294       316        22         4
174       303       129        17
277       315        38         5
305       319        14         1
310       316         6         4
303       316        13         4
316       319         3         1
275       316        41         4
313       315         2         5
311       317         6         3
314       315         1         5
314       317         3         3
283       298        15        22
308       318        10         2
295       302         7        18
307       319        12         1
308       317         9         3
314       316         2         4
301       319        18         1
311       317         6         3
311       318         7         2
283       317        34         3
314       319         5         1
301       319        18         1
296       309        13        11
317       319         2         1
307       314         7         6
314       318         4         2
300       314        14         6
310       314         4         6
314       319         5         1
305       312         7         8
307       313         6         7
148       207        59       113
317       319         2         1
26       313       287         7
177       317       140         3
308       318        10         2
151       311       160         9
309       314         5         6
310       311         1         9
28       316       288         4
311       318         7         2
274       315        41         5
28       317       289         3
302       316        14         4
314       315         1         5
314       316         2         4
316       318         2         2
318       319         1         1
307       309         2        11
310       319         9         1
147       318       171         2
311       319         8         1
299       305         6        15
308       314         6         6
309       314         5         6
317       318         1         2
169       307       138        13
310       319         9         1
303       307         4        13
316       317         1         3
302       316        14         4
172       301       129        19
305       312         7         8
310       315         5         5
311       315         4         5
306       316        10         4
313       318         5         2
304       310         6        10
298       313        15         7
306       313         7         7
305       309         4        11
312       314         2         6
313       318         5         2
27       319       292         1
296       308        12        12
297       309        12        11
297       306         9        14
305       308         3        12
280       309        29        11
313       316         3         4
275       314        39         6
314       319         5         1
14       316       302         4
196       314       118         6
313       317         4         3
315       318         3         2
304       313         9         7
27       309       282        11
179       319       140         1
144       315       171         5
312       314         2         6
307       316         9         4
316       318         2         2
311       318         7         2
296       314        18         6
305       315        10         5
304       316        12         4
312       319         7         1
309       318         9         2
296       313        17         7
307       317        10         3
313       315         2         5
308       314         6         6
209       314       105         6
311       313         2         7
314       319         5         1
314       318         4         2
192       301       109        19
28       203       175       117
316       319         3         1
306       319        13         1
208       313       105         7
303       319        16         1
312       313         1         7
308       318        10         2
312       318         6         2
311       313         2         7
301       307         6        13
316       318         2         2
142       313       171         7
293       316        23         4
303       304         1        16
312       315         3         5
302       311         9         9
315       316         1         4
310       314         4         6
315       318         3         2
304       308         4        12
178       301       123        19
314       315         1         5
286       311        25         9
18       299       281        21
207       293        86        27
311       314         3         6
292       314        22         6
301       308         7        12
17        22         5       298
317       318         1         2
316       317         1         3
313       318         5         2
207       318       111         2
304       312         8         8
165       313       148         7
292       311        19         9
306       311         5         9
21       318       297         2
309       316         7         4
312       318         6         2
308       313         5         7
291       319        28         1
297       302         5        18
311       314         3         6
280       303        23        17
166       316       150         4
318       319         1         1
316       317         1         3
315       317         2         3
316       317         1         3
312       313         1         7
295       309        14        11
308       310         2        10
141       319       178         1
310       311         1         9
309       314         5         6
316       318         2         2
142       300       158        20
312       318         6         2
306       318        12         2
303       312         9         8
307       316         9         4
19       313       294         7
312       317         5         3
140       307       167        13
312       318         6         2
312       315         3         5
306       317        11         3
309       318         9         2
309       310         1        10
309       315         6         5
26       304       278        16
312       313         1         7
315       319         4         1
310       318         8         2
311       313         2         7
311       314         3         6
309       310         1        10
315       318         3         2
287       319        32         1
318       319         1         1
302       314        12         6
304       315        11         5
313       319         6         1
307       312         5         8
313       318         5         2
300       316        16         4
149       319       170         1
307       319        12         1
308       319        11         1
312       319         7         1
316       319         3         1
271       319        48         1
306       307         1        13
312       317         5         3
308       317         9         3
173       310       137        10
300       303         3        17
303       312         9         8
312       315         3         5
305       312         7         8
316       317         1         3
313       319         6         1
27       177       150       143
299       310        11        10
299       318        19         2
296       313        17         7
311       317         6         3
312       315         3         5
301       303         2        17
308       319        11         1
18       319       301         1
27       318       291         2
309       317         8         3
305       306         1        14
299       303         4        17
316       318         2         2
306       311         5         9
312       317         5         3
316       318         2         2
308       318        10         2
149       317       168         3
305       314         9         6
22       314       292         6
287       319        32         1
314       316         2         4
312       313         1         7
314       319         5         1
306       318        12         2
25       209       184       111
292       308        16        12
27       317       290         3
301       315        14         5
312       316         4         4
309       313         4         7
193       303       110        17
295       318        23         2
302       312        10         8
307       319        12         1
315       319         4         1
309       319        10         1
310       316         6         4
312       318         6         2
296       307        11        13
299       315        16         5
304       319        15         1
310       317         7         3
313       315         2         5
307       315         8         5
10       306       296        14
302       316        14         4
4       317       313         3
312       319         7         1
164       313       149         7
302       317        15         3
305       308         3        12
149       319       170         1
173       301       128        19
316       318         2         2
317       319         2         1
311       313         2         7
174       304       130        16
29       149       120       171
281       314        33         6
302       310         8        10
312       313         1         7
300       314        14         6
27       314       287         6
303       307         4        13
309       314         5         6
313       318         5         2
308       314         6         6
317       319         2         1
310       315         5         5
308       315         7         5
309       319        10         1
318       319         1         1
311       319         8         1
309       318         9         2
176       313       137         7
312       313         1         7
311       319         8         1
303       311         8         9
203       308       105        12
306       315         9         5
29       315       286         5
309       314         5         6
311       317         6         3
311       318         7         2
318       319         1         1
317       319         2         1
300       301         1        19
301       318        17         2
310       314         4         6
316       317         1         3
289       316        27         4
177       318       141         2
316       318         2         2
313       314         1         6
298       303         5        17
29       308       279        12
289       319        30         1
318       319         1         1
311       317         6         3
296       317        21         3
312       313         1         7
9       319       310         1
315       319         4         1
309       315         6         5
307       315         8         5
309       313         4         7
309       313         4         7
309       319        10         1
314       317         3         3
311       318         7         2
316       317         1         3
313       317         4         3
312       319         7         1
312       317         5         3
307       311         4         9
297       302         5        18
302       318        16         2
313       317         4         3
301       313        12         7
144       315       171         5
305       317        12         3
317       318         1         2
307       310         3        10
282       308        26        12
300       318        18         2
24       302       278        18
309       315         6         5
19       317       298         3
299       312        13         8
304       317        13         3
315       319         4         1
308       318        10         2
316       318         2         2
304       315        11         5
310       316         6         4
316       319         3         1
306       309         3        11
13       319       306         1
308       314         6         6
16       299       283        21
308       315         7         5
315       317         2         3
307       316         9         4
307       311         4         9
29       308       279        12
28       317       289         3
315       316         1         4
310       319         9         1
29       319       290         1
302       308         6        12
308       318        10         2
299       316        17         4
29       304       275        16
305       309         4        11
305       317        12         3
314       319         5         1
20       306       286        14
301       311        10         9
315       318         3         2
307       317        10         3
310       313         3         7
309       316         7         4
300       310        10        10
304       319        15         1
309       310         1        10
307       310         3        10
209       319       110         1
300       319        19         1
299       311        12         9
310       315         5         5
14       319       305         1
291       318        27         2
311       316         5         4
318       319         1         1
315       316         1         4
317       318         1         2
307       319        12         1
27       312       285         8
309       319        10         1
311       319         8         1
299       303         4        17
313       315         2         5
309       311         2         9
149       308       159        12
312       318         6         2
246       318        72         2
296       310        14        10
177       306       129        14
309       317         8         3
311       316         5         4
309       317         8         3
316       319         3         1
303       309         6        11
297       306         9        14
308       311         3         9
310       318         8         2
315       319         4         1
144       315       171         5
200       309       109        11
297       318        21         2
19       316       297         4
309       312         3         8
161       316       155         4
314       315         1         5
314       317         3         3
316       318         2         2
307       317        10         3
305       306         1        14
310       313         3         7
25       319       294         1
141       314       173         6
313       319         6         1
287       297        10        23
311       319         8         1
22       318       296         2
297       316        19         4
303       319        16         1
313       319         6         1
307       308         1        12
298       310        12        10
143       319       176         1
306       319        13         1
281       304        23        16
305       318        13         2
295       308        13        12
302       319        17         1
315       316         1         4
304       313         9         7
314       319         5         1
310       312         2         8
310       311         1         9
316       318         2         2
308       315         7         5
304       314        10         6
306       312         6         8
318       319         1         1
308       311         3         9
22       314       292         6
305       319        14         1
291       319        28         1
310       316         6         4
310       317         7         3
25       319       294         1
305       310         5        10
194       298       104        22
312       316         4         4
317       319         2         1
315       319         4         1
311       319         8         1
22       316       294         4
288       315        27         5
312       315         3         5
298       310        12        10
174       308       134        12
312       313         1         7
311       319         8         1
310       312         2         8
297       318        21         2
149       318       169         2
316       318         2         2
308       319        11         1
311       316         5         4
197       304       107        16
305       308         3        12
313       318         5         2
296       314        18         6
304       314        10         6
175       318       143         2
311       319         8         1
312       318         6         2
312       314         2         6
306       318        12         2
311       319         8         1
307       318        11         2
317       319         2         1
29       306       277        14
317       318         1         2
26       315       289         5
304       315        11         5
305       316        11         4
316       318         2         2
309       318         9         2
300       319        19         1
28       319       291         1
315       317         2         3
315       316         1         4
148       303       155        17
315       318         3         2
22       319       297         1
311       319         8         1
310       312         2         8
207       300        93        20
295       316        21         4
315       318         3         2
142       318       176         2
310       312         2         8
300       315        15         5
303       315        12         5
308       317         9         3
314       317         3         3
315       319         4         1
298       319        21         1
312       314         2         6
293       316        23         4
315       319         4         1
313       319         6         1
306       310         4        10
309       317         8         3
303       306         3        14
308       315         7         5
307       310         3        10
22       298       276        22
292       317        25         3
308       314         6         6
201       317       116         3
309       313         4         7
310       315         5         5
314       319         5         1
316       318         2         2
318       319         1         1
303       304         1        16
204       307       103        13
309       315         6         5
28       311       283         9
172       312       140         8
311       314         3         6
2       317       315         3
25       311       286         9
167       314       147         6
303       312         9         8
301       303         2        17
310       312         2         8
140       316       176         4
307       312         5         8
29       304       275        16
305       314         9         6
301       306         5        14
310       317         7         3
308       319        11         1
282       317        35         3
308       310         2        10
29       290       261        30
314       318         4         2
305       307         2        13
302       305         3        15
149       317       168         3
312       316         4         4
296       318        22         2
305       311         6         9
313       318         5         2
317       318         1         2
147       318       171         2
29       319       290         1
304       315        11         5
294       314        20         6
305       312         7         8
308       315         7         5
306       315         9         5
310       316         6         4
206       289        83        31
158       304       146        16
307       314         7         6
28       303       275        17
314       318         4         2
313       319         6         1
308       310         2        10
316       318         2         2
294       297         3        23
312       318         6         2
313       318         5         2
290       316        26         4
313       318         5         2
298       311        13         9
167       308       141        12
283       300        17        20
314       318         4         2
313       316         3         4
305       310         5        10
301       312        11         8
293       316        23         4
297       318        21         2
318       319         1         1
315       319         4         1
278       318        40         2
317       318         1         2
298       305         7        15
316       317         1         3
290       312        22         8
179       315       136         5
310       314         4         6
27       318       291         2
306       309         3        11
28       314       286         6
311       315         4         5
311       319         8         1
317       319         2         1
310       318         8         2
148       319       171         1
148       317       169         3
317       319         2         1
291       304        13        16
306       310         4        10
316       318         2         2
304       312         8         8
173       314       141         6
280       296        16        24
315       318         3         2
209       318       109         2
311       315         4         5
314       319         5         1
292       298         6        22
294       316        22         4
304       319        15         1
311       315         4         5
311       317         6         3
177       309       132        11
317       319         2         1
317       319         2         1
304       317        13         3
296       318        22         2
317       319         2         1
311       316         5         4
310       319         9         1
307       314         7         6
302       307         5        13
303       304         1        16
167       318       151         2
295       316        21         4
148       317       169         3
204       318       114         2
15       312       297         8
315       316         1         4
310       311         1         9
313       319         6         1
27       318       291         2
306       312         6         8
313       315         2         5
299       311        12         9
26       316       290         4
309       315         6         5
318       319         1         1
290       316        26         4
201       316       115         4
317       318         1         2
301       309         8        11
303       313        10         7
312       314         2         6
307       314         7         6
312       314         2         6
292       312        20         8
209       307        98        13
294       315        21         5
300       318        18         2
306       314         8         6
290       317        27         3
314       318         4         2
312       314         2         6
27        28         1       292
25       318       293         2
301       316        15         4
23       284       261        36
26       309       283        11
290       310        20        10
305       318        13         2
148       319       171         1
20       204       184       116
305       314         9         6
29       318       289         2
308       314         6         6
306       312         6         8
311       312         1         8
179       315       136         5
305       319        14         1
300       319        19         1
308       316         8         4
288       314        26         6
297       302         5        18
313       315         2         5
310       318         8         2
310       317         7         3
144       314       170         6
299       307         8        13
311       317         6         3
307       315         8         5
292       304        12        16
304       312         8         8
291       301        10        19
307       311         4         9
315       316         1         4
289       305        16        15
26       313       287         7
296       310        14        10
276       317        41         3
311       314         3         6
305       311         6         9
315       319         4         1
303       317        14         3
310       316         6         4
170       308       138        12
313       314         1         6
311       314         3         6
299       317        18         3
303       313        10         7
298       319        21         1
199       316       117         4
289       317        28         3
310       316         6         4
26       316       290         4
200       319       119         1
209       319       110         1
308       318        10         2
308       310         2        10
298       310        12        10
314       316         2         4
310       316         6         4
315       319         4         1
301       314        13         6
289       291         2        29
145       307       162        13
312       317         5         3
307       318        11         2
311       316         5         4
308       316         8         4
313       315         2         5
302       319        17         1
315       319         4         1
300       310        10        10
311       313         2         7
296       316        20         4
315       316         1         4
148       312       164         8
168       309       141        11
310       316         6         4
316       318         2         2
310       312         2         8
21       306       285        14
309       314         5         6
169       317       148         3
307       310         3        10
311       317         6         3
309       318         9         2
310       317         7         3
25       318       293         2
305       316        11         4
311       312         1         8
312       317         5         3
26       299       273        21
317       318         1         2
316       319         3         1
308       315         7         5
25       305       280        15
313       315         2         5
314       315         1         5
313       315         2         5
317       319         2         1
290       304        14        16
283       317        34         3
315       318         3         2
313       316         3         4
169       318       149         2
312       318         6         2
317       319         2         1
208       315       107         5
24       306       282        14
307       318        11         2
27       318       291         2
307       316         9         4
20       297       277        23
312       318         6         2
309       319        10         1
301       312        11         8
305       316        11         4
299       317        18         3
174       300       126        20
148       316       168         4
306       318        12         2
179       311       132         9
307       313         6         7
302       314        12         6
301       315        14         5
297       317        20         3
311       314         3         6
265       310        45        10
307       318        11         2
315       319         4         1
179       299       120        21
306       310         4        10
315       316         1         4
290       318        28         2
302       310         8        10
311       318         7         2
302       311         9         9
28       306       278        14
315       317         2         3
290       299         9        21
307       317        10         3
312       316         4         4
308       319        11         1
317       318         1         2
25       319       294         1
310       314         4         6
304       313         9         7
311       318         7         2
312       314         2         6
303       315        12         5
313       317         4         3
305       318        13         2
318       319         1         1
317       319         2         1
309       310         1        10
