500       519        19         5
496       521        25         3
41       521       480         3
518       521         3         3
34       494       460        30
516       517         1         7
507       509         2        15
289       482       193        42
490       516        26         8
26        35         9       489
512       517         5         7
27       514       487        10
514       519         5         5
44       518       474         6
509       511         2        13
246       505       259        19
513       523        10         1
297       514       217        10
460       522        62         2
518       523         5         1
46       493       447        31
242       510       268        14
496       517        21         7
474       501        27        23
509       511         2        13
43       523       480         1
42       474       432        50
46       509       463        15
489       514        25        10
497       510        13        14
510       517         7         7
256       521       265         3
515       519         4         5
349       518       169         6
502       520        18         4
495       514        19        10
501       516        15         8
495       519        24         5
512       517         5         7
491       518        27         6
279       521       242         3
286       514       228        10
294       510       216        14
492       518        26         6
42       522       480         2
496       503         7        21
482       519        37         5
31       518       487         6
46       502       456        22
515       521         6         3
494       513        19        11
520       522         2         2
517       521         4         3
469       497        28        27
33       519       486         5
519       521         2         3
513       515         2         9
296       518       222         6
512       522        10         2
501       523        22         1
511       519         8         5
509       522        13         2
505       522        17         2
503       522        19         2
14       487       473        37
513       516         3         8
25       517       492         7
512       521         9         3
513       515         2         9
47       519       472         5
518       523         5         1
505       506         1        18
11       521       510         3
244       503       259        21
237       519       282         5
507       523        16         1
509       517         8         7
480       514        34        10
500       519        19         5
518       523         5         1
317       516       199         8
500       507         7        17
22       523       501         1
511       523        12         1
520       523         3         1
500       507         7        17
275       523       248         1
42       523       481         1
281       490       209        34
513       520         7         4
47       509       462        15
520       522         2         2
518       520         2         4
468       518        50         6
519       523         4         1
492       519        27         5
46       516       470         8
517       520         3         4
494       497         3        27
46       246       200       278
294       522       228         2
494       522        28         2
475       518        43         6
508       522        14         2
494       508        14        16
501       515        14         9
503       523        20         1
507       520        13         4
512       522        10         2
47       521       474         3
501       521        20         3
498       517        19         7
515       522         7         2
512       517         5         7
41       509       468        15
518       521         3         3
518       520         2         4
517       522         5         2
515       522         7         2
512       522        10         2
491       523        32         1
489       518        29         6
506       522        16         2
43       481       438        43
35       514       479        10
509       511         2        13
510       516         6         8
236       503       267        21
296       509       213        15
246       521       275         3
517       518         1         6
502       510         8        14
49       520       471         4
521       522         1         2
477       523        46         1
39       490       451        34
510       523        13         1
491       511        20        13
521       523         2         1
516       520         4         4
522       523         1         1
508       516         8         8
48       513       465        11
297       487       190        37
46       512       466        12
501       510         9        14
508       512         4        12
243       517       274         7
519       523         4         1
26       513       487        11
498       501         3        23
503       523        20         1
509       514         5        10
521       522         1         2
510       516         6         8
510       518         8         6
506       511         5        13
511       513         2        11
496       510        14        14
248       502       254        22
497       518        21         6
41       503       462        21
508       517         9         7
493       523        30         1
503       510         7        14
32       518       486         6
517       522         5         2
484       521        37         3
518       520         2         4
519       523         4         1
517       523         6         1
519       523         4         1
521       523         2         1
47       521       474         3
520       522         2         2
502       522        20         2
519       522         3         2
477       523        46         1
509       510         1        14
501       516        15         8
517       521         4         3
501       506         5        18
19       513       494        11
515       519         4         5
508       523        15         1
36       519       483         5
503       506         3        18
500       512        12        12
494       522        28         2
509       512         3        12
39       495       456        29
475       517        42         7
507       518        11         6
502       510         8        14
34       520       486         4
257       468       211        56
508       514         6        10
47       516       469         8
31       523       492         1
41       522       481         2
501       522        21         2
519       521         2         3
502       521        19         3
509       519        10         5
501       517        16         7
500       521        21         3
507       522        15         2
505       517        12         7
488       508        20        16
506       518        12         6
514       521         7         3
510       517         7         7
502       512        10        12
513       515         2         9
506       515         9         9
507       517        10         7
515       517         2         7
515       523         8         1
44       509       465        15
296       504       208        20
40       509       469        15
513       522         9         2
519       521         2         3
511       521        10         3
519       523         4         1
44       288       244       236
518       523         5         1
512       523        11         1
243       505       262        19
34       462       428        62
15       520       505         4
505       523        18         1
513       523        10         1
514       522         8         2
515       519         4         5
349       521       172         3
43       516       473         8
513       514         1        10
5       487       482        37
515       523         8         1
39       296       257       228
511       517         6         7
292       519       227         5
504       511         7        13
510       522        12         2
27       522       495         2
47       511       464        13
509       523        14         1
521       523         2         1
22       521       499         3
510       523        13         1
508       517         9         7
513       518         5         6
42       513       471        11
270       514       244        10
44       500       456        24
15       499       484        25
490       510        20        14
521       522         1         2
521       523         2         1
238       523       285         1
495       509        14        15
295       523       228         1
44       518       474         6
500       506         6        18
511       514         3        10
44       500       456        24
452       517        65         7
47       523       476         1
39       517       478         7
493       513        20        11
514       518         4         6
247       523       276         1
434       516        82         8
507       516         9         8
42       510       468        14
293       516       223         8
287       515       228         9
246       521       275         3
508       514         6        10
48       523       475         1
260       521       261         3
347       519       172         5
42       522       480         2
502       503         1        21
514       521         7         3
20       517       497         7
48       521       473         3
517       519         2         5
506       522        16         2
233       509       276        15
501       515        14         9
520       522         2         2
514       523         9         1
515       517         2         7
247       506       259        18
517       519         2         5
511       514         3        10
517       518         1         6
504       518        14         6
508       521        13         3
513       516         3         8
509       512         3        12
27       520       493         4
345       517       172         7
469       486        17        38
30       521       491         3
49       496       447        28
38       507       469        17
505       514         9        10
49       518       469         6
496       509        13        15
34       485       451        39
496       503         7        21
522       523         1         1
508       521        13         3
508       522        14         2
38       517       479         7
503       523        20         1
243       512       269        12
504       521        17         3
510       523        13         1
505       519        14         5
516       522         6         2
36       503       467        21
516       521         5         3
500       521        21         3
294       477       183        47
513       520         7         4
498       503         5        21
515       517         2         7
297       521       224         3
254       510       256        14
508       520        12         4
40       517       477         7
467       523        56         1
35       519       484         5
500       509         9        15
509       523        14         1
494       495         1        29
522       523         1         1
514       516         2         8
271       520       249         4
519       522         3         2
511       519         8         5
505       523        18         1
325       510       185        14
505       506         1        18
507       514         7        10
506       522        16         2
6       516       510         8
498       509        11        15
520       523         3         1
516       522         6         2
510       511         1        13
520       521         1         3
510       514         4        10
520       523         3         1
509       514         5        10
499       512        13        12
484       522        38         2
521       523         2         1
510       522        12         2
43       518       475         6
514       517         3         7
493       523        30         1
25       511       486        13
499       522        23         2
508       515         7         9
519       522         3         2
517       523         6         1
489       500        11        24
501       521        20         3
513       521         8         3
513       514         1        10
509       518         9         6
510       515         5         9
510       515         5         9
272       494       222        30
499       518        19         6
47       509       462        15
506       513         7        11
510       519         9         5
31       501       470        23
507       510         3        14
512       522        10         2
470       518        48         6
511       512         1        12
496       523        27         1
516       518         2         6
492       509        17        15
299       499       200        25
522       523         1         1
506       519        13         5
506       510         4        14
485       517        32         7
512       521         9         3
507       523        16         1
43       514       471        10
521       522         1         2
450       516        66         8
44       523       479         1
47       514       467        10
504       518        14         6
508       521        13         3
519       523         4         1
517       518         1         6
509       512         3        12
502       513        11        11
514       522         8         2
510       522        12         2
512       515         3         9
518       521         3         3
493       512        19        12
334       518       184         6
493       515        22         9
512       520         8         4
522       523         1         1
284       522       238         2
266       499       233        25
514       520         6         4
499       512        13        12
7       509       502        15
480       506        26        18
519       523         4         1
509       519        10         5
510       520        10         4
520       523         3         1
24       522       498         2
503       519        16         5
33       505       472        19
512       523        11         1
511       517         6         7
224       516       292         8
516       523         7         1
500       518        18         6
45       508       463        16
46       523       477         1
497       505         8        19
502       515        13         9
498       512        14        12
518       522         4         2
492       520        28         4
32       521       489         3
507       522        15         2
520       522         2         2
509       519        10         5
504       505         1        19
495       516        21         8
241       516       275         8
498       512        14        12
516       522         6         2
518       523         5         1
504       523        19         1
499       518        19         6
519       522         3         2
49       507       458        17
496       511        15        13
503       509         6        15
518       523         5         1
30       519       489         5
509       520        11         4
518       523         5         1
45       520       475         4
15       523       508         1
484       514        30        10
521       523         2         1
522       523         1         1
509       515         6         9
500       523        23         1
236       513       277        11
515       523         8         1
507       513         6        11
40       507       467        17
488       522        34         2
506       521        15         3
247       522       275         2
48       249       201       275
521       523         2         1
498       517        19         7
514       521         7         3
513       522         9         2
280       523       243         1
340       520       180         4
485       517        32         7
507       519        12         5
42       520       478         4
511       514         3        10
519       523         4         1
520       522         2         2
46       522       476         2
346       516       170         8
506       517        11         7
514       522         8         2
46       513       467        11
47       521       474         3
511       518         7         6
516       518         2         6
38       490       452        34
513       515         2         9
516       520         4         4
512       520         8         4
36       520       484         4
421       518        97         6
516       518         2         6
335       522       187         2
319       518       199         6
488       522        34         2
518       521         3         3
34       495       461        29
30       506       476        18
512       514         2        10
516       520         4         4
489       506        17        18
233       505       272        19
514       518         4         6
499       522        23         2
503       515        12         9
520       521         1         3
46       519       473         5
519       520         1         4
36       499       463        25
516       518         2         6
501       517        16         7
508       523        15         1
48       522       474         2
49       511       462        13
518       521         3         3
512       520         8         4
498       514        16        10
520       523         3         1
505       514         9        10
484       521        37         3
518       519         1         5
490       517        27         7
512       520         8         4
495       520        25         4
513       523        10         1
302       522       220         2
25       517       492         7
506       518        12         6
516       522         6         2
22       514       492        10
28       516       488         8
518       520         2         4
522       523         1         1
510       511         1        13
42       500       458        24
34       520       486         4
514       517         3         7
506       515         9         9
35       523       488         1
508       516         8         8
514       520         6         4
515       523         8         1
249       514       265        10
500       503         3        21
42        43         1       481
297       346        49       178
500       514        14        10
513       523        10         1
482       498        16        26
496       504         8        20
495       522        27         2
491       499         8        25
512       514         2        10
295       517       222         7
297       519       222         5
508       520        12         4
506       519        13         5
513       522         9         2
499       514        15        10
39       519       480         5
519       522         3         2
511       521        10         3
508       519        11         5
282       523       241         1
517       523         6         1
500       521        21         3
521       523         2         1
472       522        50         2
510       522        12         2
516       518         2         6
509       510         1        14
512       516         4         8
519       522         3         2
512       522        10         2
516       518         2         6
478       504        26        20
510       515         5         9
482       522        40         2
517       520         3         4
515       523         8         1
47       515       468         9
502       512        10        12
484       523        39         1
294       521       227         3
459       522        63         2
514       515         1         9
498       521        23         3
42       510       468        14
515       518         3         6
497       503         6        21
522       523         1         1
509       510         1        14
471       503        32        21
513       516         3         8
500       519        19         5
501       515        14         9
511       520         9         4
520       522         2         2
511       514         3        10
515       523         8         1
30       505       475        19
502       520        18         4
515       517         2         7
19       518       499         6
495       507        12        17
510       512         2        12
505       510         5        14
497       508        11        16
504       523        19         1
516       521         5         3
502       513        11        11
490       500        10        24
514       517         3         7
481       500        19        24
521       523         2         1
485       514        29        10
515       520         5         4
509       522        13         2
286       512       226        12
504       523        19         1
246       509       263        15
504       514        10        10
512       516         4         8
36       516       480         8
512       515         3         9
498       510        12        14
521       523         2         1
500       519        19         5
506       516        10         8
505       517        12         7
494       517        23         7
339       505       166        19
522       523         1         1
500       522        22         2
514       515         1         9
462       512        50        12
518       521         3         3
41       505       464        19
505       509         4        15
507       520        13         4
508       519        11         5
464       505        41        19
48       516       468         8
497       520        23         4
47       517       470         7
513       518         5         6
29       500       471        24
507       513         6        11
510       522        12         2
41       494       453        30
511       522        11         2
522       523         1         1
239       520       281         4
503       522        19         2
490       507        17        17
500       518        18         6
492       522        30         2
516       523         7         1
24       522       498         2
279       514       235        10
295       499       204        25
29       508       479        16
512       523        11         1
520       523         3         1
44       521       477         3
438       511        73        13
522       523         1         1
507       520        13         4
46       511       465        13
516       517         1         7
510       522        12         2
497       521        24         3
518       522         4         2
520       522         2         2
48       499       451        25
299       523       224         1
249       516       267         8
508       514         6        10
296       521       225         3
496       497         1        27
334       520       186         4
49       504       455        20
37       519       482         5
506       522        16         2
519       522         3         2
331       512       181        12
501       523        22         1
486       512        26        12
291       518       227         6
517       523         6         1
504       507         3        17
338       504       166        20
291       520       229         4
38       498       460        26
26       487       461        37
11       518       507         6
505       522        17         2
342       519       177         5
501       522        21         2
489       521        32         3
513       519         6         5
509       518         9         6
516       520         4         4
509       516         7         8
46       518       472         6
508       516         8         8
510       519         9         5
275       512       237        12
40       507       467        17
520       522         2         2
516       520         4         4
342       523       181         1
510       523        13         1
510       514         4        10
448       523        75         1
505       511         6        13
32       510       478        14
520       523         3         1
315       501       186        23
496       515        19         9
496       523        27         1
519       520         1         4
500       519        19         5
349       510       161        14
512       513         1        11
502       510         8        14
505       513         8        11
501       518        17         6
500       513        13        11
499       523        24         1
236       501       265        23
37       521       484         3
515       516         1         8
506       512         6        12
518       521         3         3
514       518         4         6
507       523        16         1
510       518         8         6
513       522         9         2
516       520         4         4
512       515         3         9
506       512         6        12
49       510       461        14
499       523        24         1
44       509       465        15
519       523         4         1
520       521         1         3
332       517       185         7
506       523        17         1
516       520         4         4
501       517        16         7
506       520        14         4
512       514         2        10
44       511       467        13
43       523       480         1
519       522         3         2
473       523        50         1
486       520        34         4
497       514        17        10
483       497        14        27
513       515         2         9
498       523        25         1
32       508       476        16
512       519         7         5
502       522        20         2
516       522         6         2
505       508         3        16
519       523         4         1
47       519       472         5
35       510       475        14
507       519        12         5
234       505       271        19
495       502         7        22
519       522         3         2
512       513         1        11
519       521         2         3
507       522        15         2
482       495        13        29
492       519        27         5
521       523         2         1
501       509         8        15
273       521       248         3
511       521        10         3
509       523        14         1
242       523       281         1
520       523         3         1
500       509         9        15
38       512       474        12
477       518        41         6
505       506         1        18
46       522       476         2
514       522         8         2
505       515        10         9
237       520       283         4
500       506         6        18
233       519       286         5
518       523         5         1
517       523         6         1
46       258       212       266
517       521         4         3
503       512         9        12
520       523         3         1
519       520         1         4
491       511        20        13
509       510         1        14
438       516        78         8
511       516         5         8
18       522       504         2
518       519         1         5
515       521         6         3
268       518       250         6
518       523         5         1
240       503       263        21
505       513         8        11
40       489       449        35
511       517         6         7
30       510       480        14
508       514         6        10
293       515       222         9
484       501        17        23
513       521         8         3
513       516         3         8
521       522         1         2
502       518        16         6
502       504         2        20
489       504        15        20
493       521        28         3
486       518        32         6
507       513         6        11
517       523         6         1
42       238       196       286
40       506       466        18
519       521         2         3
515       521         6         3
499       516        17         8
488       523        35         1
504       508         4        16
493       523        30         1
490       493         3        31
521       522         1         2
522       523         1         1
43       521       478         3
41       521       480         3
27       506       479        18
503       520        17         4
230       511       281        13
503       514        11        10
518       521         3         3
503       514        11        10
246       514       268        10
518       522         4         2
36       518       482         6
506       520        14         4
514       521         7         3
501       505         4        19
297       517       220         7
510       518         8         6
237       502       265        22
347       519       172         5
505       522        17         2
46       514       468        10
496       519        23         5
515       521         6         3
506       516        10         8
499       500         1        24
511       519         8         5
496       520        24         4
509       521        12         3
522       523         1         1
519       523         4         1
481       510        29        14
484       504        20        20
494       501         7        23
485       519        34         5
497       521        24         3
501       510         9        14
9        40        31       484
503       504         1        20
507       520        13         4
46       513       467        11
513       519         6         5
502       519        17         5
504       510         6        14
45       511       466        13
238       508       270        16
514       516         2         8
516       519         3         5
36       519       483         5
483       520        37         4
336       522       186         2
518       523         5         1
270       503       233        21
345       495       150        29
12       520       508         4
242       493       251        31
286       513       227        11
500       523        23         1
508       519        11         5
236       514       278        10
35       511       476        13
342       513       171        11
501       520        19         4
511       512         1        12
295       518       223         6
483       518        35         6
514       517         3         7
225       501       276        23
46       515       469         9
472       513        41        11
345       520       175         4
505       506         1        18
515       518         3         6
40       523       483         1
40       517       477         7
487       522        35         2
505       507         2        17
512       521         9         3
500       519        19         5
514       523         9         1
298       494       196        30
509       521        12         3
506       508         2        16
42       508       466        16
511       516         5         8
515       521         6         3
514       520         6         4
42       476       434        48
494       523        29         1
511       518         7         6
233       519       286         5
506       508         2        16
504       508         4        16
239       520       281         4
290       522       232         2
485       516        31         8
521       523         2         1
517       522         5         2
514       517         3         7
43       520       477         4
520       523         3         1
504       512         8        12
517       522         5         2
521       522         1         2
39       521       482         3
499       515        16         9
497       521        24         3
28       523       495         1
517       521         4         3
249       499       250        25
511       521        10         3
12       515       503         9
484       520        36         4
236       520       284         4
512       523        11         1
509       511         2        13
289       510       221        14
29       497       468        27
512       523        11         1
36       523       487         1
477       509        32        15
495       523        28         1
509       514         5        10
13       501       488        23
36       518       482         6
344       522       178         2
519       523         4         1
40       515       475         9
26       516       490         8
520       523         3         1
24       489       465        35
30       515       485         9
512       515         3         9
516       523         7         1
42       516       474         8
436       522        86         2
495       516        21         8
515       520         5         4
36       513       477        11
45       514       469        10
26       521       495         3
517       523         6         1
515       519         4         5
520       522         2         2
40       476       436        48
516       518         2         6
515       523         8         1
335       515       180         9
