137       138         1         1
133       137         4         2
8       138       130         1
135       136         1         3
134       135         1         4
133       134         1         5
128       138        10         1
136       138         2         1
132       135         3         4
126       131         5         8
13       130       117         9
135       137         2         2
136       138         2         1
130       135         5         4
137       138         1         1
137       138         1         1
137       138         1         1
125       136        11         3
7       137       130         2
132       137         5         2
128       136         8         3
132       134         2         5
128       134         6         5
126       138        12         1
132       134         2         5
124       138        14         1
135       136         1         3
136       138         2         1
87       138        51         1
133       135         2         4
129       138         9         1
130       138         8         1
132       138         6         1
73       123        50        16
124       134        10         5
126       135         9         4
126       136        10         3
134       138         4         1
136       137         1         2
132       137         5         2
132       136         4         3
135       136         1         3
133       137         4         2
134       138         4         1
136       138         2         1
130       132         2         7
136       137         1         2
87       136        49         3
126       137        11         2
127       132         5         7
118       136        18         3
136       138         2         1
133       137         4         2
131       134         3         5
130       138         8         1
128       131         3         8
127       138        11         1
135       136         1         3
136       137         1         2
130       138         8         1
130       137         7         2
135       138         3         1
131       138         7         1
120       136        16         3
131       137         6         2
135       138         3         1
137       138         1         1
127       133         6         6
68       136        68         3
137       138         1         1
126       135         9         4
134       135         1         4
134       135         1         4
133       138         5         1
9        11         2       128
137       138         1         1
130       133         3         6
126       134         8         5
131       137         6         2
135       138         3         1
88       136        48         3
130       135         5         4
134       135         1         4
134       137         3         2
133       138         5         1
136       138         2         1
133       137         4         2
69       128        59        11
129       132         3         7
127       137        10         2
134       136         2         3
135       137         2         2
132       134         2         5
14       136       122         3
133       136         3         3
87       135        48         4
134       137         3         2
131       133         2         6
130       137         7         2
127       136         9         3
130       136         6         3
132       138         6         1
137       138         1         1
13       135       122         4
132       133         1         6
128       138        10         1
13       127       114        12
133       137         4         2
131       137         6         2
132       137         5         2
130       135         5         4
129       133         4         6
14       134       120         5
88       135        47         4
132       138         6         1
136       137         1         2
131       133         2         6
133       135         2         4
136       137         1         2
136       137         1         2
129       136         7         3
133       137         4         2
116       133        17         6
131       137         6         2
12       138       126         1
125       128         3        11
136       138         2         1
134       136         2         3
134       138         4         1
70       138        68         1
88       136        48         3
69       132        63         7
13       137       124         2
131       136         5         3
136       138         2         1
134       136         2         3
134       138         4         1
132       134         2         5
125       127         2        12
137       138         1         1
125       137        12         2
134       135         1         4
132       136         4         3
133       138         5         1
137       138         1         1
134       138         4         1
131       137         6         2
135       137         2         2
132       135         3         4
137       138         1         1
129       136         7         3
84       137        53         2
134       138         4         1
128       135         7         4
137       138         1         1
135       136         1         3
135       136         1         3
129       136         7         3
118       134        16         5
126       138        12         1
135       136         1         3
136       138         2         1
131       137         6         2
127       137        10         2
13       136       123         3
136       137         1         2
132       138         6         1
136       137         1         2
131       136         5         3
136       138         2         1
14       132       118         7
136       137         1         2
130       134         4         5
131       133         2         6
129       136         7         3
126       130         4         9
131       138         7         1
134       135         1         4
136       138         2         1
135       136         1         3
129       133         4         6
135       137         2         2
136       138         2         1
133       138         5         1
135       138         3         1
136       137         1         2
125       137        12         2
137       138         1         1
129       135         6         4
133       136         3         3
133       135         2         4
137       138         1         1
135       138         3         1
124       133         9         6
132       137         5         2
132       137         5         2
136       138         2         1
132       135         3         4
131       136         5         3
125       136        11         3
130       137         7         2
132       136         4         3
129       137         8         2
136       137         1         2
130       134         4         5
130       136         6         3
127       138        11         1
137       138         1         1
129       135         6         4
136       137         1         2
14       136       122         3
124       127         3        12
136       138         2         1
133       135         2         4
132       137         5         2
136       138         2         1
130       138         8         1
134       138         4         1
131       138         7         1
133       138         5         1
127       138        11         1
137       138         1         1
69       137        68         2
133       135         2         4
135       137         2         2
5       138       133         1
136       137         1         2
137       138         1         1
133       137         4         2
136       138         2         1
136       138         2         1
135       137         2         2
137       138         1         1
132       133         1         6
136       138         2         1
132       138         6         1
134       138         4         1
137       138         1         1
127       134         7         5
134       137         3         2
132       136         4         3
132       133         1         6
133       134         1         5
71       135        64         4
135       137         2         2
13       138       125         1
134       135         1         4
133       137         4         2
136       137         1         2
89       137        48         2
135       138         3         1
71       138        67         1
137       138         1         1
14       138       124         1
136       138         2         1
132       137         5         2
135       138         3         1
135       137         2         2
127       130         3         9
131       132         1         7
136       138         2         1
70       135        65         4
133       136         3         3
134       138         4         1
12       126       114        13
136       138         2         1
129       137         8         2
132       136         4         3
133       137         4         2
133       135         2         4
133       138         5         1
132       137         5         2
131       137         6         2
124       137        13         2
131       134         3         5
132       133         1         6
12       137       125         2
130       132         2         7
133       134         1         5
128       133         5         6
133       138         5         1
136       138         2         1
132       137         5         2
136       138         2         1
72       138        66         1
130       136         6         3
127       136         9         3
133       137         4         2
137       138         1         1
136       138         2         1
134       137         3         2
135       138         3         1
135       138         3         1
134       138         4         1
11       137       126         2
135       136         1         3
135       138         3         1
133       138         5         1
14       131       117         8
134       138         4         1
13       138       125         1
131       133         2         6
133       135         2         4
129       132         3         7
128       133         5         6
133       134         1         5
70       137        67         2
129       138         9         1
132       134         2         5
127       130         3         9
133       138         5         1
134       137         3         2
123       132         9         7
125       136        11         3
135       136         1         3
128       134         6         5
126       133         7         6
133       137         4         2
136       137         1         2
130       136         6         3
131       133         2         6
132       137         5         2
136       138         2         1
134       137         3         2
137       138         1         1
133       138         5         1
134       135         1         4
129       137         8         2
132       138         6         1
134       136         2         3
122       138        16         1
131       133         2         6
73       136        63         3
129       135         6         4
132       133         1         6
116       138        22         1
130       138         8         1
132       137         5         2
136       137         1         2
131       135         4         4
12       138       126         1
134       138         4         1
133       138         5         1
14       137       123         2
122       134        12         5
130       135         5         4
134       136         2         3
14       133       119         6
136       137         1         2
122       125         3        14
134       136         2         3
134       137         3         2
137       138         1         1
135       136         1         3
126       136        10         3
131       136         5         3
134       137         3         2
134       138         4         1
131       138         7         1
133       137         4         2
131       132         1         7
132       136         4         3
10       138       128         1
131       134         3         5
131       135         4         4
130       131         1         8
10       137       127         2
130       131         1         8
133       137         4         2
125       129         4        10
133       137         4         2
137       138         1         1
132       135         3         4
126       137        11         2
129       135         6         4
136       138         2         1
134       138         4         1
89       129        40        10
126       137        11         2
135       137         2         2
135       136         1         3
130       137         7         2
132       135         3         4
136       137         1         2
131       135         4         4
129       136         7         3
134       137         3         2
128       132         4         7
134       136         2         3
133       136         3         3
136       137         1         2
14       131       117         8
131       134         3         5
124       137        13         2
132       137         5         2
83       135        52         4
127       135         8         4
131       133         2         6
128       135         7         4
135       137         2         2
132       133         1         6
136       138         2         1
136       138         2         1
136       137         1         2
124       136        12         3
131       138         7         1
136       137         1         2
132       137         5         2
135       138         3         1
137       138         1         1
134       137         3         2
132       136         4         3
135       136         1         3
128       138        10         1
89       121        32        18
135       138         3         1
131       136         5         3
136       137         1         2
82       131        49         8
130       136         6         3
84       135        51         4
136       137         1         2
123       138        15         1
134       137         3         2
134       137         3         2
129       133         4         6
136       138         2         1
136       138         2         1
131       138         7         1
125       137        12         2
117       136        19         3
133       136         3         3
132       138         6         1
136       138         2         1
136       138         2         1
133       134         1         5
131       138         7         1
137       138         1         1
133       134         1         5
133       134         1         5
13       134       121         5
135       137         2         2
133       135         2         4
134       136         2         3
137       138         1         1
133       135         2         4
137       138         1         1
132       134         2         5
129       138         9         1
124       135        11         4
125       137        12         2
131       137         6         2
88       136        48         3
131       134         3         5
132       135         3         4
133       136         3         3
137       138         1         1
132       134         2         5
136       137         1         2
136       137         1         2
87       135        48         4
135       138         3         1
131       135         4         4
131       137         6         2
132       134         2         5
132       137         5         2
137       138         1         1
137       138         1         1
132       133         1         6
7       133       126         6
134       137         3         2
129       137         8         2
131       133         2         6
127       137        10         2
128       138        10         1
133       136         3         3
130       132         2         7
12       131       119         8
129       134         5         5
134       136         2         3
137       138         1         1
127       137        10         2
132       136         4         3
74       137        63         2
134       135         1         4
14       134       120         5
137       138         1         1
136       137         1         2
135       136         1         3
74       135        61         4
135       137         2         2
133       138         5         1
133       137         4         2
126       137        11         2
134       136         2         3
134       137         3         2
133       137         4         2
74       134        60         5
128       137         9         2
136       138         2         1
128       132         4         7
130       138         8         1
130       135         5         4
11       133       122         6
89       128        39        11
133       137         4         2
136       138         2         1
81       136        55         3
130       137         7         2
132       133         1         6
129       138         9         1
119       127         8        12
129       135         6         4
134       137         3         2
132       134         2         5
137       138         1         1
131       133         2         6
132       138         6         1
14       138       124         1
130       138         8         1
134       138         4         1
130       136         6         3
133       136         3         3
124       128         4        11
136       137         1         2
133       137         4         2
135       138         3         1
137       138         1         1
131       138         7         1
131       137         6         2
116       126        10        13
130       135         5         4
128       134         6         5
123       132         9         7
73       135        62         4
137       138         1         1
133       138         5         1
133       136         3         3
87       137        50         2
132       137         5         2
127       130         3         9
132       136         4         3
134       136         2         3
131       134         3         5
89       137        48         2
137       138         1         1
132       136         4         3
133       134         1         5
125       138        13         1
136       138         2         1
130       134         4         5
132       138         6         1
131       132         1         7
130       137         7         2
134       137         3         2
136       137         1         2
14       138       124         1
137       138         1         1
137       138         1         1
137       138         1         1
129       137         8         2
128       138        10         1
136       138         2         1
136       137         1         2
131       134         3         5
89       137        48         2
136       137         1         2
127       136         9         3
129       138         9         1
134       138         4         1
130       135         5         4
74       134        60         5
132       136         4         3
137       138         1         1
134       138         4         1
129       135         6         4
87       135        48         4
129       130         1         9
127       131         4         8
133       138         5         1
135       136         1         3
126       138        12         1
135       137         2         2
12       138       126         1
132       138         6         1
137       138         1         1
134       136         2         3
130       138         8         1
133       137         4         2
133       136         3         3
134       136         2         3
122       129         7        10
133       136         3         3
133       138         5         1
129       134         5         5
131       138         7         1
131       135         4         4
134       135         1         4
136       137         1         2
122       137        15         2
135       136         1         3
130       136         6         3
137       138         1         1
123       137        14         2
137       138         1         1
132       137         5         2
134       136         2         3
89       135        46         4
131       138         7         1
131       135         4         4
132       133         1         6
136       137         1         2
134       138         4         1
132       135         3         4
131       136         5         3
72       138        66         1
134       136         2         3
135       136         1         3
130       138         8         1
134       138         4         1
134       135         1         4
136       138         2         1
13       129       116        10
128       137         9         2
131       136         5         3
136       138         2         1
134       137         3         2
130       138         8         1
134       136         2         3
88        89         1        50
129       135         6         4
135       137         2         2
131       133         2         6
127       135         8         4
136       138         2         1
81       138        57         1
130       138         8         1
133       136         3         3
126       137        11         2
134       138         4         1
134       138         4         1
134       135         1         4
127       130         3         9
137       138         1         1
133       138         5         1
128       134         6         5
13       133       120         6
134       138         4         1
124       136        12         3
134       138         4         1
132       134         2         5
127       136         9         3
134       136         2         3
133       135         2         4
136       138         2         1
136       138         2         1
137       138         1         1
129       135         6         4
131       134         3         5
135       137         2         2
133       135         2         4
132       135         3         4
9       124       115        15
86       126        40        13
131       132         1         7
123       136        13         3
82       135        53         4
136       137         1         2
136       138         2         1
120       133        13         6
72       136        64         3
136       138         2         1
127       130         3         9
74       134        60         5
127       136         9         3
128       135         7         4
74       137        63         2
132       133         1         6
134       137         3         2
132       137         5         2
116       137        21         2
131       137         6         2
131       135         4         4
12       137       125         2
12       138       126         1
130       136         6         3
130       135         5         4
132       136         4         3
132       137         5         2
84       138        54         1
123       137        14         2
128       134         6         5
136       137         1         2
132       136         4         3
135       138         3         1
134       137         3         2
133       138         5         1
135       136         1         3
136       138         2         1
135       137         2         2
136       137         1         2
132       135         3         4
134       135         1         4
134       136         2         3
136       138         2         1
135       136         1         3
134       138         4         1
132       138         6         1
132       134         2         5
7       135       128         4
134       138         4         1
131       134         3         5
114       125        11        14
134       138         4         1
134       136         2         3
125       127         2        12
135       136         1         3
130       138         8         1
130       134         4         5
131       135         4         4
136       138         2         1
136       138         2         1
122       132        10         7
136       138         2         1
134       138         4         1
133       134         1         5
136       138         2         1
137       138         1         1
134       135         1         4
137       138         1         1
131       138         7         1
132       138         6         1
134       136         2         3
134       137         3         2
128       133         5         6
135       137         2         2
128       129         1        10
132       136         4         3
132       136         4         3
130       135         5         4
13       128       115        11
132       137         5         2
137       138         1         1
132       134         2         5
136       138         2         1
137       138         1         1
136       137         1         2
130       138         8         1
133       138         5         1
85       137        52         2
135       138         3         1
127       138        11         1
130       138         8         1
133       137         4         2
127       136         9         3
133       137         4         2
134       137         3         2
134       137         3         2
130       138         8         1
130       137         7         2
11       137       126         2
131       133         2         6
89       138        49         1
131       135         4         4
137       138         1         1
134       138         4         1
12       137       125         2
134       138         4         1
133       134         1         5
127       137        10         2
136       137         1         2
136       138         2         1
125       137        12         2
132       137         5         2
136       138         2         1
131       133         2         6
132       134         2         5
133       134         1         5
132       133         1         6
137       138         1         1
136       138         2         1
128       135         7         4
135       137         2         2
128       137         9         2
132       136         4         3
134       137         3         2
136       138         2         1
133       136         3         3
130       138         8         1
134       137         3         2
126       133         7         6
129       138         9         1
137       138         1         1
135       138         3         1
88       121        33        18
135       136         1         3
123       137        14         2
119       131        12         8
127       138        11         1
136       138         2         1
134       138         4         1
131       135         4         4
133       138         5         1
132       137         5         2
135       138         3         1
125       135        10         4
132       133         1         6
133       137         4         2
136       138         2         1
131       134         3         5
128       137         9         2
130       133         3         6
73       138        65         1
134       138         4         1
126       137        11         2
14       138       124         1
14       134       120         5
121       136        15         3
74       136        62         3
132       136         4         3
132       136         4         3
131       132         1         7
128       132         4         7
133       137         4         2
124       136        12         3
132       136         4         3
12       137       125         2
128       138        10         1
134       138         4         1
134       137         3         2
136       138         2         1
73       138        65         1
137       138         1         1
14       138       124         1
130       136         6         3
123       135        12         4
134       137         3         2
131       135         4         4
71       134        63         5
136       137         1         2
128       129         1        10
131       136         5         3
132       136         4         3
133       134         1         5
133       137         4         2
135       137         2         2
133       138         5         1
130       132         2         7
128       136         8         3
136       138         2         1
129       137         8         2
123       138        15         1
134       135         1         4
136       138         2         1
136       138         2         1
134       137         3         2
129       135         6         4
133       138         5         1
134       138         4         1
134       136         2         3
125       131         6         8
136       138         2         1
135       137         2         2
131       136         5         3
120       138        18         1
14       135       121         4
131       133         2         6
134       137         3         2
125       135        10         4
134       138         4         1
134       138         4         1
71       133        62         6
136       137         1         2
134       136         2         3
132       136         4         3
134       138         4         1
137       138         1         1
129       132         3         7
127       135         8         4
130       135         5         4
134       135         1         4
129       131         2         8
133       136         3         3
126       137        11         2
89       134        45         5
133       137         4         2
136       138         2         1
131       137         6         2
133       138         5         1
89       135        46         4
133       134         1         5
12       133       121         6
133       137         4         2
14       136       122         3
131       137         6         2
134       138         4         1
129       138         9         1
127       133         6         6
133       134         1         5
131       135         4         4
135       138         3         1
134       137         3         2
134       135         1         4
137       138         1         1
131       136         5         3
136       137         1         2
132       138         6         1
136       137         1         2
133       138         5         1
133       134         1         5
128       132         4         7
135       138         3         1
121       134        13         5
129       131         2         8
130       136         6         3
73       134        61         5
129       138         9         1
130       137         7         2
135       138         3         1
133       138         5         1
14       127       113        12
127       136         9         3
136       137         1         2
132       136         4         3
135       136         1         3
130       132         2         7
119       134        15         5
133       137         4         2
134       138         4         1
129       135         6         4
134       137         3         2
134       138         4         1
125       137        12         2
134       135         1         4
137       138         1         1
130       133         3         6
128       138        10         1
132       138         6         1
134       136         2         3
11       130       119         9
132       138         6         1
135       137         2         2
136       138         2         1
134       136         2         3
129       137         8         2
126       134         8         5
120       137        17         2
129       132         3         7
123       138        15         1
133       136         3         3
136       137         1         2
137       138         1         1
71       137        66         2
135       137         2         2
131       138         7         1
133       136         3         3
132       133         1         6
87       132        45         7
130       135         5         4
137       138         1         1
136       138         2         1
87       131        44         8
136       138         2         1
134       138         4         1
133       134         1         5
133       137         4         2
13       138       125         1
72       136        64         3
135       138         3         1
133       134         1         5
134       138         4         1
117       121         4        18
123       138        15         1
135       138         3         1
134       136         2         3
129       137         8         2
114       133        19         6
134       137         3         2
14       137       123         2
130       137         7         2
135       138         3         1
135       137         2         2
132       138         6         1
131       135         4         4
131       136         5         3
135       138         3         1
89       138        49         1
135       138         3         1
135       138         3         1
135       136         1         3
133       135         2         4
127       134         7         5
131       138         7         1
132       135         3         4
130       133         3         6
132       137         5         2
123       133        10         6
136       138         2         1
135       138         3         1
116       129        13        10
