439       441         2         1
435       438         3         4
428       435         7         7
437       439         2         3
423       441        18         1
48       439       391         3
435       439         4         3
419       441        22         1
436       437         1         5
432       438         6         4
411       423        12        19
254       435       181         7
436       440         4         2
431       432         1        10
437       438         1         4
311       435       124         7
429       437         8         5
422       434        12         8
435       441         6         1
300       441       141         1
440       441         1         1
439       441         2         1
426       435         9         7
437       439         2         3
433       441         8         1
428       432         4        10
438       441         3         1
50       414       364        28
425       435        10         7
41       439       398         3
429       433         4         9
195       431       236        11
408       423        15        19
428       441        13         1
419       439        20         3
430       434         4         8
299       429       130        13
46       432       386        10
39       439       400         3
406       438        32         4
437       439         2         3
431       439         8         3
438       441         3         1
41       435       394         7
429       435         6         7
436       440         4         2
434       435         1         7
424       426         2        16
438       441         3         1
433       440         7         2
418       423         5        19
51       419       368        23
440       441         1         1
425       434         9         8
436       438         2         4
300       440       140         2
424       438        14         4
427       430         3        12
432       433         1         9
439       441         2         1
430       439         9         3
252       436       184         6
206       433       227         9
428       436         8         6
428       429         1        13
435       437         2         5
427       433         6         9
436       439         3         3
439       440         1         2
430       439         9         3
431       441        10         1
440       441         1         1
415       437        22         5
433       437         4         5
437       439         2         3
50       440       390         2
439       441         2         1
46       438       392         4
423       430         7        12
434       441         7         1
51       440       389         2
432       433         1         9
424       431         7        11
425       432         7        10
305       441       136         1
420       434        14         8
305       430       125        12
417       441        24         1
16       432       416        10
440       441         1         1
433       436         3         6
51       435       384         7
431       437         6         5
303       441       138         1
439       441         2         1
423       436        13         6
423       433        10         9
425       430         5        12
259       431       172        11
426       439        13         3
440       441         1         1
425       429         4        13
401       427        26        15
437       441         4         1
51       439       388         3
434       437         3         5
428       439        11         3
437       438         1         4
47       437       390         5
427       439        12         3
50       430       380        12
257       436       179         6
439       441         2         1
435       437         2         5
427       440        13         2
47       409       362        33
424       438        14         4
435       437         2         5
428       432         4        10
431       437         6         5
440       441         1         1
429       430         1        12
438       440         2         2
430       436         6         6
426       437        11         5
205       430       225        12
259       420       161        22
427       431         4        11
407       437        30         5
437       438         1         4
437       439         2         3
433       440         7         2
413       435        22         7
422       441        19         1
417       441        24         1
411       437        26         5
424       425         1        17
406       436        30         6
423       435        12         7
259       422       163        20
440       441         1         1
433       441         8         1
439       441         2         1
433       438         5         4
39       425       386        17
402       439        37         3
436       439         3         3
426       437        11         5
259       433       174         9
430       438         8         4
428       438        10         4
435       441         6         1
433       440         7         2
409       412         3        30
428       436         8         6
435       437         2         5
430       441        11         1
421       426         5        16
433       439         6         3
239       434       195         8
424       431         7        11
421       422         1        20
309       430       121        12
424       441        17         1
435       439         4         3
48       422       374        20
433       439         6         3
434       441         7         1
439       440         1         2
435       440         5         2
434       436         2         6
416       433        17         9
421       434        13         8
435       439         4         3
410       441        31         1
433       435         2         7
428       439        11         3
191       433       242         9
434       440         6         2
51       440       389         2
436       439         3         3
426       434         8         8
206       426       220        16
438       439         1         3
439       441         2         1
437       440         3         2
421       440        19         2
439       441         2         1
423       436        13         6
257       441       184         1
44       428       384        14
438       441         3         1
417       435        18         7
423       428         5        14
433       436         3         6
432       434         2         8
438       440         2         2
44       435       391         7
47       439       392         3
37       441       404         1
430       441        11         1
311       432       121        10
438       439         1         3
423       431         8        11
430       431         1        11
432       436         4         6
254       426       172        16
195       430       235        12
413       414         1        28
51       441       390         1
418       422         4        20
51       426       375        16
439       440         1         2
438       440         2         2
429       434         5         8
257       440       183         2
436       437         1         5
51       438       387         4
440       441         1         1
420       428         8        14
430       432         2        10
436       437         1         5
46       397       351        45
435       441         6         1
426       436        10         6
50       416       366        26
423       431         8        11
434       435         1         7
433       441         8         1
432       441         9         1
440       441         1         1
420       424         4        18
425       430         5        12
428       439        11         3
422       439        17         3
438       441         3         1
438       440         2         2
432       440         8         2
429       439        10         3
420       428         8        14
428       437         9         5
422       430         8        12
432       434         2         8
435       436         1         6
45       440       395         2
191       437       246         5
440       441         1         1
411       412         1        30
309       435       126         7
423       441        18         1
434       441         7         1
42       435       393         7
311       439       128         3
403       429        26        13
438       441         3         1
43       437       394         5
422       433        11         9
255       440       185         2
419       427         8        15
257       423       166        19
414       426        12        16
425       441        16         1
44       437       393         5
437       441         4         1
428       436         8         6
440       441         1         1
423       439        16         3
418       436        18         6
427       433         6         9
425       435        10         7
45       428       383        14
411       436        25         6
427       441        14         1
432       441         9         1
303       437       134         5
434       438         4         4
411       425        14        17
43       434       391         8
438       441         3         1
437       440         3         2
434       435         1         7
257       441       184         1
430       440        10         2
430       436         6         6
426       440        14         2
426       439        13         3
405       409         4        33
430       439         9         3
433       441         8         1
432       435         3         7
424       428         4        14
424       437        13         5
426       441        15         1
435       437         2         5
440       441         1         1
430       441        11         1
422       441        19         1
49       431       382        11
438       439         1         3
403       436        33         6
428       440        12         2
410       428        18        14
43       439       396         3
431       432         1        10
435       436         1         6
434       440         6         2
428       440        12         2
435       436         1         6
418       439        21         3
428       433         5         9
438       439         1         3
420       427         7        15
433       438         5         4
428       441        13         1
424       429         5        13
51       436       385         6
436       439         3         3
311       437       126         5
431       436         5         6
435       439         4         3
437       440         3         2
402       438        36         4
436       439         3         3
50       432       382        10
196       435       239         7
436       439         3         3
429       430         1        12
418       435        17         7
430       434         4         8
436       437         1         5
435       440         5         2
28       441       413         1
430       433         3         9
254       440       186         2
298       437       139         5
402       417        15        25
428       438        10         4
437       440         3         2
414       421         7        21
420       429         9        13
427       433         6         9
436       437         1         5
436       439         3         3
407       432        25        10
50       423       373        19
416       421         5        21
432       437         5         5
432       437         5         5
307       434       127         8
426       440        14         2
240       422       182        20
51       434       383         8
433       436         3         6
425       439        14         3
307       434       127         8
430       439         9         3
437       441         4         1
423       433        10         9
436       437         1         5
433       436         3         6
437       439         2         3
417       433        16         9
434       437         3         5
436       439         3         3
440       441         1         1
427       441        14         1
421       441        20         1
438       441         3         1
411       429        18        13
423       431         8        11
431       435         4         7
258       435       177         7
426       438        12         4
439       441         2         1
435       440         5         2
427       438        11         4
437       439         2         3
437       439         2         3
433       441         8         1
423       430         7        12
50       435       385         7
425       426         1        16
310       437       127         5
49       428       379        14
432       439         7         3
30       423       393        19
310       435       125         7
417       428        11        14
404       431        27        11
420       439        19         3
34       437       403         5
421       437        16         5
427       434         7         8
418       435        17         7
297       425       128        17
402       438        36         4
51       431       380        11
415       431        16        11
426       429         3        13
429       441        12         1
51       435       384         7
437       440         3         2
300       441       141         1
434       439         5         3
437       441         4         1
414       418         4        24
306       441       135         1
404       434        30         8
412       425        13        17
427       433         6         9
425       426         1        16
438       441         3         1
435       440         5         2
428       429         1        13
430       439         9         3
435       437         2         5
430       440        10         2
429       435         6         7
429       438         9         4
437       441         4         1
432       439         7         3
435       439         4         3
411       435        24         7
47       432       385        10
415       436        21         6
259       441       182         1
192       437       245         5
435       438         3         4
422       429         7        13
434       440         6         2
429       435         6         7
433       436         3         6
423       435        12         7
36       425       389        17
24       422       398        20
430       433         3         9
428       440        12         2
257       435       178         7
206       425       219        17
206       424       218        18
202       435       233         7
48       420       372        22
435       437         2         5
426       437        11         5
426       433         7         9
438       440         2         2
440       441         1         1
434       438         4         4
423       439        16         3
436       439         3         3
437       438         1         4
431       437         6         5
234       441       207         1
434       440         6         2
418       434        16         8
422       439        17         3
384       424        40        18
259       435       176         7
430       433         3         9
25       441       416         1
433       434         1         8
440       441         1         1
431       439         8         3
259       436       177         6
193       438       245         4
424       440        16         2
428       434         6         8
433       440         7         2
427       433         6         9
429       433         4         9
436       440         4         2
259       440       181         2
427       431         4        11
427       431         4        11
304       439       135         3
437       438         1         4
430       432         2        10
37       440       403         2
425       440        15         2
434       441         7         1
430       433         3         9
405       435        30         7
428       433         5         9
199       253        54       189
438       440         2         2
424       435        11         7
435       441         6         1
425       436        11         6
304       441       137         1
412       439        27         3
428       430         2        12
437       441         4         1
310       440       130         2
410       441        31         1
410       425        15        17
205       432       227        10
422       440        18         2
420       423         3        19
427       436         9         6
439       441         2         1
433       438         5         4
429       441        12         1
429       430         1        12
43       432       389        10
420       437        17         5
309       428       119        14
47       435       388         7
432       437         5         5
256       438       182         4
412       441        29         1
427       429         2        13
205       439       234         3
430       436         6         6
434       440         6         2
427       438        11         4
35       407       372        35
45       433       388         9
424       438        14         4
422       425         3        17
401       435        34         7
437       438         1         4
309       439       130         3
51       441       390         1
432       439         7         3
239       431       192        11
46       438       392         4
413       441        28         1
427       428         1        14
425       441        16         1
241       428       187        14
427       437        10         5
437       441         4         1
431       436         5         6
420       423         3        19
410       439        29         3
430       435         5         7
433       441         8         1
439       441         2         1
433       438         5         4
400       414        14        28
429       440        11         2
50       427       377        15
423       440        17         2
202       440       238         2
435       441         6         1
404       414        10        28
423       433        10         9
29       440       411         2
49       419       370        23
433       435         2         7
388       429        41        13
435       436         1         6
437       438         1         4
431       440         9         2
434       436         2         6
437       439         2         3
433       435         2         7
234       439       205         3
435       439         4         3
436       437         1         5
435       436         1         6
42        49         7       393
421       426         5        16
44       437       393         5
410       412         2        30
433       441         8         1
49       438       389         4
408       430        22        12
425       426         1        16
435       436         1         6
405       430        25        12
306       439       133         3
430       435         5         7
416       428        12        14
435       441         6         1
407       433        26         9
422       437        15         5
433       434         1         8
424       426         2        16
439       441         2         1
422       434        12         8
427       429         2        13
307       428       121        14
426       427         1        15
430       441        11         1
433       441         8         1
426       435         9         7
427       432         5        10
430       440        10         2
430       438         8         4
200       425       225        17
429       431         2        11
299       432       133        10
423       434        11         8
407       426        19        16
438       439         1         3
308       427       119        15
428       439        11         3
439       441         2         1
426       434         8         8
432       441         9         1
436       441         5         1
432       434         2         8
303       440       137         2
431       437         6         5
438       439         1         3
440       441         1         1
435       441         6         1
437       441         4         1
439       441         2         1
422       441        19         1
46       440       394         2
424       426         2        16
253       437       184         5
434       441         7         1
439       441         2         1
434       438         4         4
204       430       226        12
425       432         7        10
420       434        14         8
431       439         8         3
25       433       408         9
417       440        23         2
436       437         1         5
48       435       387         7
425       432         7        10
424       441        17         1
395       431        36        11
431       435         4         7
430       436         6         6
45       429       384        13
414       427        13        15
418       423         5        19
433       436         3         6
415       435        20         7
433       440         7         2
48       439       391         3
400       421        21        21
434       435         1         7
426       429         3        13
415       417         2        25
431       441        10         1
426       430         4        12
402       420        18        22
203       435       232         7
432       435         3         7
428       435         7         7
435       436         1         6
50       427       377        15
436       437         1         5
430       439         9         3
439       441         2         1
415       435        20         7
48       437       389         5
413       430        17        12
433       437         4         5
428       433         5         9
435       439         4         3
419       431        12        11
435       436         1         6
432       441         9         1
439       441         2         1
415       435        20         7
432       436         4         6
431       440         9         2
433       435         2         7
45       439       394         3
259       439       180         3
435       439         4         3
436       438         2         4
426       431         5        11
402       441        39         1
392       425        33        17
423       439        16         3
422       426         4        16
49       434       385         8
421       440        19         2
423       432         9        10
435       441         6         1
390       433        43         9
435       440         5         2
432       440         8         2
200       428       228        14
423       428         5        14
424       439        15         3
259       426       167        16
435       441         6         1
422       441        19         1
433       438         5         4
31       256       225       186
427       434         7         8
432       436         4         6
439       441         2         1
421       440        19         2
438       439         1         3
410       433        23         9
433       439         6         3
427       438        11         4
434       440         6         2
438       439         1         3
429       430         1        12
429       431         2        11
421       432        11        10
420       430        10        12
431       433         2         9
431       438         7         4
433       441         8         1
413       432        19        10
206       435       229         7
197       436       239         6
408       424        16        18
429       437         8         5
429       437         8         5
42       431       389        11
430       435         5         7
438       441         3         1
433       438         5         4
430       434         4         8
434       441         7         1
50       414       364        28
427       437        10         5
429       431         2        11
427       436         9         6
435       441         6         1
418       436        18         6
311       394        83        48
432       438         6         4
419       421         2        21
435       437         2         5
427       439        12         3
434       441         7         1
436       439         3         3
434       437         3         5
420       425         5        17
425       441        16         1
46       203       157       239
304       407       103        35
418       439        21         3
431       433         2         9
44       420       376        22
429       434         5         8
424       438        14         4
418       429        11        13
427       441        14         1
435       439         4         3
438       441         3         1
432       439         7         3
432       439         7         3
305       439       134         3
432       436         4         6
423       425         2        17
425       436        11         6
420       439        19         3
437       440         3         2
417       423         6        19
423       429         6        13
439       440         1         2
431       433         2         9
437       440         3         2
440       441         1         1
437       441         4         1
440       441         1         1
435       441         6         1
416       421         5        21
431       440         9         2
437       440         3         2
420       431        11        11
428       433         5         9
311       439       128         3
434       441         7         1
410       422        12        20
256       425       169        17
44        51         7       391
437       440         3         2
48       436       388         6
438       441         3         1
51       439       388         3
431       436         5         6
203       429       226        13
435       441         6         1
435       437         2         5
432       440         8         2
430       437         7         5
252       435       183         7
187       428       241        14
252       437       185         5
300       436       136         6
435       438         3         4
437       438         1         4
430       436         6         6
255       428       173        14
419       441        22         1
437       441         4         1
40       440       400         2
421       427         6        15
435       439         4         3
303       441       138         1
436       439         3         3
434       441         7         1
201       439       238         3
421       429         8        13
397       428        31        14
423       440        17         2
403       413        10        29
258       435       177         7
258       429       171        13
401       423        22        19
384       418        34        24
434       437         3         5
46       440       394         2
247       433       186         9
414       420         6        22
43       440       397         2
249       440       191         2
433       436         3         6
301       417       116        25
430       433         3         9
430       439         9         3
438       441         3         1
422       423         1        19
422       428         6        14
435       436         1         6
438       441         3         1
436       440         4         2
45       441       396         1
440       441         1         1
433       436         3         6
435       441         6         1
437       440         3         2
437       439         2         3
419       424         5        18
417       427        10        15
427       429         2        13
433       438         5         4
422       432        10        10
404       438        34         4
430       432         2        10
437       440         3         2
430       437         7         5
426       430         4        12
431       434         3         8
406       436        30         6
48       441       393         1
430       433         3         9
426       432         6        10
439       441         2         1
423       424         1        18
431       439         8         3
413       438        25         4
425       428         3        14
433       436         3         6
311       429       118        13
431       434         3         8
429       433         4         9
426       434         8         8
190       428       238        14
425       440        15         2
44       429       385        13
432       433         1         9
48       435       387         7
418       429        11        13
257       440       183         2
431       441        10         1
438       440         2         2
50       431       381        11
287       434       147         8
311       435       124         7
419       441        22         1
412       427        15        15
436       438         2         4
51       439       388         3
425       440        15         2
432       441         9         1
415       428        13        14
437       441         4         1
202       441       239         1
244       428       184        14
426       431         5        11
422       440        18         2
310       437       127         5
429       432         3        10
426       434         8         8
439       441         2         1
426       440        14         2
434       440         6         2
428       440        12         2
28       438       410         4
310       428       118        14
301       437       136         5
413       426        13        16
419       439        20         3
439       440         1         2
433       440         7         2
438       441         3         1
429       436         7         6
298       441       143         1
206       440       234         2
436       437         1         5
413       424        11        18
40       436       396         6
207       440       233         2
440       441         1         1
395       427        32        15
440       441         1         1
430       440        10         2
434       436         2         6
436       440         4         2
48       441       393         1
434       436         2         6
430       432         2        10
434       435         1         7
199       441       242         1
33       311       278       131
51       396       345        46
425       429         4        13
421       438        17         4
437       441         4         1
421       436        15         6
308       434       126         8
438       439         1         3
440       441         1         1
403       426        23        16
437       441         4         1
439       440         1         2
435       439         4         3
255       428       173        14
418       438        20         4
207       431       224        11
427       438        11         4
437       440         3         2
51       437       386         5
432       441         9         1
207       427       220        15
418       439        21         3
249       440       191         2
428       437         9         5
48       439       391         3
436       440         4         2
428       432         4        10
420       425         5        17
255       433       178         9
392       415        23        27
435       441         6         1
437       438         1         4
438       441         3         1
419       440        21         2
429       433         4         9
30       419       389        23
436       438         2         4
433       441         8         1
431       440         9         2
440       441         1         1
419       430        11        12
418       431        13        11
50       423       373        19
432       433         1         9
435       439         4         3
436       438         2         4
207       440       233         2
295       438       143         4
419       430        11        12
420       436        16         6
421       439        18         3
431       433         2         9
414       433        19         9
49       424       375        18
252       433       181         9
46       438       392         4
419       440        21         2
414       435        21         7
420       436        16         6
422       440        18         2
419       440        21         2
432       438         6         4
436       440         4         2
430       434         4         8
429       433         4         9
433       440         7         2
201       257        56       185
429       436         7         6
46       437       391         5
434       437         3         5
427       436         9         6
433       441         8         1
7       439       432         3
414       439        25         3
431       435         4         7
253       439       186         3
431       437         6         5
424       427         3        15
419       437        18         5
407       422        15        20
372       426        54        16
437       441         4         1
421       427         6        15
428       441        13         1
421       436        15         6
48       201       153       241
440       441         1         1
413       422         9        20
