347       368        21         6
29       372       343         2
20       368       348         6
367       368         1         6
371       372         1         2
353       370        17         4
354       364        10        10
346       359        13        15
357       371        14         3
370       372         2         2
352       362        10        12
10       365       355         9
29       344       315        30
350       365        15         9
364       373         9         1
5       370       365         4
369       371         2         3
343       370        27         4
361       364         3        10
28       359       331        15
16       372       356         2
370       373         3         1
368       370         2         4
351       369        18         5
25       353       328        21
342       373        31         1
347       368        21         6
334       350        16        24
369       372         3         2
215       371       156         3
364       371         7         3
19       373       354         1
367       373         6         1
354       373        19         1
362       368         6         6
358       361         3        13
368       373         5         1
351       364        13        10
371       372         1         2
365       369         4         5
27       359       332        15
340       355        15        19
371       373         2         1
364       373         9         1
350       373        23         1
350       373        23         1
353       372        19         2
368       369         1         5
308       352        44        22
353       358         5        16
371       372         1         2
366       371         5         3
19       365       346         9
359       372        13         2
355       357         2        17
363       364         1        10
366       367         1         7
357       364         7        10
365       372         7         2
354       355         1        19
363       370         7         4
352       360         8        14
358       372        14         2
364       370         6         4
318       356        38        18
329       360        31        14
365       373         8         1
26       368       342         6
355       367        12         7
372       373         1         1
331       363        32        11
359       371        12         3
357       367        10         7
370       373         3         1
342       365        23         9
358       366         8         8
355       360         5        14
342       362        20        12
353       365        12         9
206       369       163         5
367       371         4         3
30       362       332        12
353       367        14         7
357       366         9         8
360       362         2        12
364       366         2         8
371       372         1         2
364       373         9         1
26       351       325        23
363       373        10         1
365       366         1         8
368       372         4         2
353       361         8        13
350       368        18         6
324       370        46         4
208       357       149        17
343       372        29         2
345       368        23         6
353       373        20         1
367       370         3         4
339       370        31         4
370       372         2         2
332       360        28        14
348       356         8        18
208       365       157         9
208       357       149        17
368       372         4         2
353       370        17         4
344       350         6        24
369       373         4         1
333       348        15        26
360       367         7         7
355       360         5        14
361       371        10         3
30       355       325        19
349       373        24         1
351       361        10        13
340       373        33         1
27       355       328        19
322       373        51         1
358       368        10         6
361       367         6         7
339       360        21        14
364       372         8         2
371       373         2         1
348       373        25         1
24       371       347         3
19       211       192       163
29       359       330        15
352       357         5        17
361       363         2        11
346       369        23         5
364       373         9         1
365       373         8         1
349       350         1        24
351       373        22         1
358       359         1        15
367       369         2         5
370       371         1         3
352       369        17         5
215       368       153         6
367       371         4         3
28       367       339         7
360       369         9         5
367       370         3         4
343       363        20        11
368       372         4         2
23       323       300        51
214       354       140        20
346       353         7        21
27       373       346         1
345       366        21         8
343       359        16        15
24       366       342         8
366       371         5         3
362       364         2        10
324       347        23        27
351       366        15         8
359       373        14         1
340       350        10        24
369       372         3         2
365       368         3         6
331       347        16        27
23       371       348         3
368       372         4         2
367       368         1         6
369       371         2         3
367       369         2         5
361       364         3        10
336       347        11        27
337       355        18        19
369       373         4         1
328       369        41         5
363       370         7         4
350       358         8        16
365       370         5         4
360       363         3        11
362       364         2        10
366       369         3         5
372       373         1         1
344       373        29         1
30       370       340         4
351       371        20         3
346       358        12        16
368       372         4         2
354       363         9        11
366       369         3         5
370       371         1         3
365       369         4         5
345       368        23         6
17       369       352         5
355       356         1        18
369       372         3         2
329       362        33        12
361       373        12         1
358       364         6        10
367       373         6         1
352       367        15         7
353       370        17         4
201       356       155        18
363       371         8         3
28       372       344         2
362       366         4         8
358       373        15         1
368       369         1         5
354       370        16         4
356       364         8        10
363       369         6         5
360       361         1        13
360       371        11         3
201       213        12       161
335       349        14        25
341       362        21        12
362       363         1        11
370       372         2         2
367       372         5         2
212       364       152        10
18       372       354         2
342       350         8        24
353       367        14         7
338       366        28         8
371       372         1         2
371       372         1         2
354       370        16         4
357       369        12         5
339       354        15        20
337       358        21        16
349       371        22         3
349       366        17         8
359       362         3        12
357       364         7        10
335       363        28        11
370       373         3         1
362       371         9         3
359       370        11         4
30       368       338         6
365       367         2         7
350       371        21         3
357       369        12         5
358       370        12         4
20       358       338        16
368       373         5         1
362       363         1        11
315       356        41        18
343       367        24         7
366       370         4         4
347       349         2        25
9       359       350        15
361       364         3        10
329       370        41         4
362       366         4         8
361       364         3        10
4       363       359        11
359       367         8         7
29       216       187       158
22       373       351         1
368       370         2         4
320       343        23        31
25       364       339        10
10       361       351        13
348       353         5        21
366       370         4         4
363       366         3         8
368       372         4         2
368       372         4         2
30       373       343         1
353       357         4        17
357       358         1        16
20       346       326        28
365       366         1         8
22       365       343         9
356       360         4        14
343       368        25         6
361       367         6         7
364       370         6         4
358       360         2        14
362       368         6         6
370       372         2         2
351       373        22         1
345       360        15        14
349       372        23         2
360       366         6         8
19       324       305        50
356       370        14         4
30       366       336         8
364       373         9         1
26       372       346         2
368       369         1         5
360       368         8         6
370       373         3         1
341       362        21        12
349       358         9        16
356       363         7        11
361       368         7         6
215       365       150         9
367       370         3         4
366       370         4         4
360       367         7         7
364       366         2         8
197       372       175         2
346       371        25         3
348       372        24         2
203       370       167         4
365       372         7         2
23       369       346         5
352       358         6        16
349       367        18         7
363       371         8         3
372       373         1         1
30       371       341         3
368       372         4         2
363       370         7         4
358       361         3        13
347       364        17        10
354       364        10        10
27       365       338         9
30       369       339         5
25       367       342         7
326       371        45         3
347       355         8        19
348       359        11        15
352       364        12        10
363       365         2         9
25       343       318        31
358       372        14         2
360       369         9         5
339       369        30         5
30       373       343         1
354       372        18         2
354       372        18         2
12       340       328        34
360       371        11         3
19       370       351         4
347       366        19         8
28       350       322        24
29       370       341         4
367       371         4         3
366       367         1         7
25       365       340         9
357       363         6        11
361       372        11         2
348       373        25         1
361       373        12         1
346       370        24         4
353       363        10        11
371       373         2         1
216       341       125        33
358       362         4        12
354       356         2        18
349       372        23         2
370       372         2         2
360       361         1        13
216       342       126        32
365       369         4         5
24       372       348         2
358       369        11         5
214       359       145        15
29       334       305        40
364       370         6         4
346       351         5        23
297       362        65        12
369       370         1         4
362       363         1        11
327       337        10        37
214       368       154         6
341       350         9        24
354       358         4        16
372       373         1         1
357       361         4        13
24       373       349         1
372       373         1         1
364       372         8         2
365       368         3         6
362       364         2        10
357       368        11         6
29       365       336         9
363       366         3         8
362       373        11         1
355       370        15         4
365       366         1         8
24       367       343         7
369       373         4         1
365       373         8         1
360       368         8         6
365       367         2         7
360       363         3        11
366       370         4         4
18       330       312        44
10       356       346        18
357       359         2        15
350       372        22         2
344       353         9        21
364       373         9         1
27       372       345         2
16       347       331        27
360       364         4        10
367       373         6         1
355       357         2        17
25       370       345         4
23       365       342         9
355       371        16         3
349       370        21         4
364       369         5         5
348       350         2        24
361       365         4         9
366       372         6         2
366       369         3         5
365       367         2         7
368       370         2         4
363       365         2         9
363       368         5         6
353       366        13         8
18       368       350         6
371       372         1         2
362       369         7         5
362       372        10         2
1       365       364         9
320       339        19        35
20       370       350         4
8       373       365         1
355       358         3        16
365       366         1         8
358       361         3        13
370       371         1         3
349       371        22         3
366       372         6         2
360       361         1        13
372       373         1         1
216       362       146        12
359       362         3        12
359       363         4        11
337       369        32         5
346       371        25         3
371       372         1         2
354       366        12         8
365       373         8         1
361       368         7         6
366       369         3         5
359       367         8         7
364       369         5         5
345       355        10        19
362       367         5         7
363       370         7         4
360       370        10         4
354       372        18         2
325       352        27        22
345       373        28         1
367       373         6         1
342       353        11        21
355       371        16         3
366       370         4         4
359       363         4        11
365       366         1         8
363       370         7         4
363       365         2         9
322       362        40        12
364       365         1         9
359       360         1        14
351       355         4        19
353       361         8        13
346       358        12        16
356       358         2        16
197       364       167        10
349       373        24         1
366       371         5         3
14        22         8       352
362       366         4         8
350       372        22         2
372       373         1         1
198       365       167         9
195       368       173         6
349       365        16         9
369       372         3         2
340       346         6        28
350       371        21         3
352       371        19         3
371       373         2         1
350       356         6        18
363       364         1        10
28       369       341         5
332       372        40         2
204       369       165         5
371       373         2         1
371       372         1         2
372       373         1         1
333       366        33         8
13       351       338        23
351       366        15         8
28       369       341         5
208       373       165         1
368       372         4         2
24       373       349         1
368       373         5         1
365       370         5         4
30       373       343         1
325       373        48         1
342       371        29         3
365       370         5         4
347       373        26         1
331       361        30        13
354       372        18         2
366       367         1         7
351       371        20         3
14       348       334        26
358       373        15         1
214       366       152         8
368       370         2         4
332       370        38         4
361       368         7         6
362       369         7         5
363       365         2         9
372       373         1         1
357       359         2        15
365       369         4         5
350       352         2        22
17       365       348         9
367       373         6         1
28       364       336        10
367       368         1         6
358       367         9         7
215       371       156         3
363       371         8         3
27       362       335        12
352       372        20         2
29       361       332        13
30       371       341         3
331       358        27        16
16       371       355         3
343       369        26         5
330       371        41         3
359       361         2        13
323       359        36        15
368       370         2         4
340       371        31         3
352       369        17         5
360       364         4        10
27       365       338         9
349       363        14        11
358       371        13         3
364       369         5         5
327       336         9        38
342       365        23         9
28       369       341         5
370       371         1         3
349       368        19         6
18       371       353         3
11       373       362         1
367       368         1         6
355       370        15         4
353       370        17         4
369       372         3         2
334       351        17        23
367       371         4         3
364       365         1         9
356       358         2        16
342       369        27         5
5       368       363         6
370       373         3         1
359       368         9         6
366       368         2         6
347       362        15        12
370       373         3         1
362       366         4         8
364       373         9         1
363       372         9         2
368       370         2         4
355       357         2        17
369       372         3         2
349       364        15        10
363       372         9         2
344       352         8        22
335       372        37         2
23       370       347         4
369       370         1         4
367       370         3         4
347       366        19         8
338       339         1        35
216       356       140        18
22       355       333        19
365       370         5         4
26       346       320        28
20       364       344        10
365       368         3         6
364       368         4         6
351       367        16         7
343       372        29         2
360       363         3        11
366       367         1         7
360       367         7         7
354       369        15         5
358       367         9         7
366       369         3         5
30       353       323        21
357       370        13         4
344       348         4        26
358       363         5        11
337       344         7        30
23       368       345         6
350       361        11        13
348       372        24         2
200       343       143        31
348       352         4        22
358       361         3        13
363       370         7         4
360       371        11         3
341       355        14        19
15       333       318        41
367       372         5         2
22       352       330        22
1       355       354        19
366       367         1         7
365       368         3         6
29       364       335        10
23       368       345         6
363       365         2         9
341       362        21        12
334       350        16        24
371       373         2         1
358       371        13         3
369       372         3         2
351       373        22         1
352       356         4        18
27       365       338         9
361       368         7         6
369       372         3         2
335       372        37         2
350       365        15         9
359       369        10         5
357       372        15         2
351       371        20         3
356       367        11         7
333       354        21        20
370       371         1         3
356       372        16         2
365       368         3         6
346       360        14        14
364       373         9         1
13       348       335        26
363       366         3         8
370       373         3         1
357       366         9         8
372       373         1         1
368       371         3         3
368       370         2         4
352       357         5        17
357       361         4        13
361       363         2        11
345       373        28         1
215       371       156         3
201       208         7       166
29       370       341         4
363       372         9         2
372       373         1         1
339       372        33         2
215       359       144        15
6       368       362         6
310       347        37        27
18       370       352         4
365       367         2         7
359       362         3        12
335       360        25        14
351       355         4        19
27       369       342         5
366       373         7         1
13       357       344        17
330       357        27        17
366       373         7         1
23       340       317        34
371       373         2         1
365       372         7         2
344       349         5        25
349       356         7        18
361       367         6         7
359       372        13         2
360       364         4        10
358       372        14         2
365       370         5         4
364       373         9         1
364       372         8         2
25       367       342         7
340       368        28         6
371       373         2         1
371       373         2         1
363       373        10         1
341       372        31         2
366       371         5         3
364       372         8         2
364       372         8         2
370       372         2         2
370       371         1         3
191       355       164        19
367       371         4         3
359       362         3        12
359       367         8         7
363       364         1        10
367       373         6         1
12       351       339        23
352       359         7        15
362       373        11         1
370       373         3         1
353       362         9        12
19       373       354         1
25       368       343         6
358       359         1        15
208       372       164         2
23       369       346         5
362       372        10         2
29       363       334        11
335       359        24        15
369       373         4         1
351       352         1        22
354       373        19         1
358       362         4        12
346       365        19         9
362       373        11         1
361       372        11         2
19       352       333        22
360       364         4        10
360       372        12         2
363       372         9         2
352       367        15         7
366       371         5         3
366       370         4         4
354       359         5        15
366       369         3         5
368       371         3         3
212       373       161         1
367       368         1         6
354       373        19         1
366       367         1         7
347       361        14        13
15       358       343        16
363       373        10         1
330       358        28        16
366       367         1         7
344       355        11        19
361       364         3        10
360       362         2        12
30       358       328        16
211       356       145        18
209       360       151        14
355       373        18         1
367       371         4         3
313       358        45        16
359       368         9         6
359       369        10         5
8       370       362         4
355       358         3        16
16       366       350         8
353       358         5        16
355       373        18         1
356       360         4        14
329       350        21        24
352       355         3        19
365       368         3         6
367       370         3         4
338       362        24        12
353       354         1        20
336       365        29         9
358       364         6        10
370       373         3         1
30       356       326        18
363       368         5         6
364       372         8         2
367       369         2         5
357       373        16         1
360       373        13         1
340       365        25         9
354       368        14         6
26       368       342         6
328       360        32        14
368       373         5         1
357       363         6        11
368       370         2         4
346       352         6        22
25       365       340         9
28       357       329        17
22       371       349         3
366       371         5         3
338       365        27         9
356       372        16         2
23       373       350         1
352       354         2        20
215       351       136        23
372       373         1         1
343       351         8        23
338       355        17        19
362       365         3         9
362       372        10         2
302       359        57        15
360       371        11         3
355       365        10         9
329       348        19        26
196       370       174         4
357       369        12         5
360       372        12         2
351       357         6        17
369       370         1         4
14       365       351         9
307       371        64         3
341       353        12        21
344       369        25         5
367       372         5         2
372       373         1         1
366       367         1         7
350       367        17         7
358       370        12         4
350       372        22         2
300       372        72         2
362       364         2        10
371       372         1         2
353       373        20         1
365       373         8         1
361       373        12         1
361       363         2        11
216       372       156         2
364       369         5         5
355       359         4        15
366       373         7         1
369       372         3         2
345       363        18        11
363       366         3         8
339       362        23        12
357       367        10         7
316       365        49         9
339       361        22        13
363       366         3         8
359       372        13         2
333       356        23        18
357       367        10         7
368       372         4         2
359       371        12         3
361       369         8         5
26       363       337        11
10       367       357         7
360       366         6         8
365       370         5         4
338       372        34         2
353       365        12         9
351       363        12        11
358       373        15         1
21       372       351         2
353       372        19         2
343       370        27         4
336       361        25        13
368       373         5         1
339       369        30         5
372       373         1         1
356       373        17         1
22       370       348         4
359       363         4        11
364       371         7         3
370       373         3         1
364       372         8         2
351       373        22         1
355       367        12         7
340       361        21        13
18       372       354         2
367       371         4         3
360       371        11         3
348       373        25         1
365       373         8         1
367       372         5         2
353       372        19         2
367       372         5         2
361       373        12         1
366       373         7         1
342       346         4        28
17       361       344        13
361       372        11         2
354       368        14         6
353       370        17         4
354       364        10        10
344       370        26         4
365       372         7         2
366       369         3         5
199       365       166         9
366       371         5         3
349       353         4        21
368       370         2         4
368       371         3         3
348       361        13        13
343       368        25         6
216       366       150         8
364       365         1         9
354       359         5        15
372       373         1         1
367       371         4         3
345       371        26         3
352       355         3        19
341       346         5        28
369       372         3         2
362       368         6         6
337       361        24        13
364       372         8         2
361       371        10         3
23       373       350         1
18       344       326        30
357       370        13         4
324       345        21        29
29       354       325        20
352       372        20         2
340       370        30         4
27       372       345         2
353       355         2        19
357       372        15         2
356       361         5        13
25       365       340         9
365       366         1         8
372       373         1         1
342       371        29         3
360       369         9         5
338       357        19        17
361       372        11         2
368       372         4         2
367       373         6         1
364       365         1         9
29       356       327        18
364       373         9         1
348       363        15        11
369       372         3         2
361       370         9         4
362       366         4         8
346       362        16        12
346       359        13        15
300       367        67         7
367       370         3         4
349       356         7        18
367       368         1         6
357       362         5        12
358       362         4        12
366       370         4         4
4       364       360        10
358       359         1        15
368       371         3         3
26       372       346         2
362       366         4         8
363       370         7         4
350       361        11        13
14       372       358         2
26       369       343         5
368       373         5         1
370       372         2         2
360       365         5         9
348       349         1        25
341       361        20        13
369       372         3         2
334       365        31         9
339       373        34         1
370       371         1         3
8       365       357         9
360       369         9         5
359       368         9         6
210       367       157         7
367       368         1         6
340       344         4        30
28       348       320        26
368       372         4         2
365       371         6         3
369       373         4         1
30       363       333        11
356       365         9         9
365       372         7         2
351       357         6        17
21       368       347         6
364       369         5         5
366       372         6         2
356       366        10         8
352       364        12        10
369       372         3         2
351       366        15         8
349       352         3        22
366       371         5         3
11       366       355         8
357       368        11         6
343       373        30         1
329       351        22        23
364       373         9         1
368       371         3         3
355       373        18         1
360       370        10         4
358       369        11         5
356       364         8        10
363       364         1        10
358       369        11         5
362       365         3         9
18       341       323        33
370       371         1         3
355       357         2        17
27       368       341         6
340       358        18        16
367       370         3         4
345       368        23         6
343       371        28         3
369       372         3         2
29       365       336         9
359       372        13         2
348       355         7        19
361       369         8         5
359       361         2        13
