258       264         6        11
258       264         6        11
252       271        19         4
253       262         9        13
264       266         2         9
264       271         7         4
236       270        34         5
262       271         9         4
265       274         9         1
260       264         4        11
253       266        13         9
31       274       243         1
253       265        12        10
260       265         5        10
243       274        31         1
26       273       247         2
23       274       251         1
262       271         9         4
272       273         1         2
267       272         5         3
267       272         5         3
13       269       256         6
258       267         9         8
28       262       234        13
28       272       244         3
25       267       242         8
266       273         7         2
271       274         3         1
254       266        12         9
265       271         6         4
272       274         2         1
272       274         2         1
264       267         3         8
252       255         3        20
258       269        11         6
23        30         7       245
271       273         2         2
246       253         7        22
240       268        28         7
240       269        29         6
265       272         7         3
8       274       266         1
28       273       245         2
261       265         4        10
18       267       249         8
270       271         1         4
255       257         2        18
30       274       244         1
264       267         3         8
256       270        14         5
249       268        19         7
258       271        13         4
257       258         1        17
148       271       123         4
256       259         3        16
270       273         3         2
267       272         5         3
272       274         2         1
250       269        19         6
264       273         9         2
262       269         7         6
264       272         8         3
265       267         2         8
266       267         1         8
268       273         5         2
256       270        14         5
253       265        12        10
264       273         9         2
155       267       112         8
267       272         5         3
259       266         7         9
261       269         8         6
263       267         4         8
264       269         5         6
270       274         4         1
243       274        31         1
263       273        10         2
268       273         5         2
247       274        27         1
258       270        12         5
257       263         6        12
251       273        22         2
268       270         2         5
267       268         1         7
266       273         7         2
273       274         1         1
259       271        12         4
273       274         1         1
257       274        17         1
265       271         6         4
264       268         4         7
156       270       114         5
272       274         2         1
269       272         3         3
271       272         1         3
205       268        63         7
272       274         2         1
261       271        10         4
28       273       245         2
155       271       116         4
251       258         7        17
267       272         5         3
244       274        30         1
270       272         2         3
268       272         4         3
264       268         4         7
265       268         3         7
270       274         4         1
14       272       258         3
24       256       232        19
270       273         3         2
31       270       239         5
264       273         9         2
239       270        31         5
257       271        14         4
269       271         2         4
259       271        12         4
252       260         8        15
264       269         5         6
262       266         4         9
263       267         4         8
254       273        19         2
267       273         6         2
257       267        10         8
240       267        27         8
259       264         5        11
23       273       250         2
266       271         5         4
263       270         7         5
30       274       244         1
26       272       246         3
270       273         3         2
262       274        12         1
260       273        13         2
261       263         2        12
255       259         4        16
267       273         6         2
257       266         9         9
262       269         7         6
269       273         4         2
269       271         2         4
266       269         3         6
255       262         7        13
240       267        27         8
257       274        17         1
264       272         8         3
29       272       243         3
271       272         1         3
246       269        23         6
26       272       246         3
255       269        14         6
262       273        11         2
270       271         1         4
267       269         2         6
270       273         3         2
254       274        20         1
16       230       214        45
13       268       255         7
27       267       240         8
269       274         5         1
265       266         1         9
258       267         9         8
242       271        29         4
269       270         1         5
261       273        12         2
265       268         3         7
252       266        14         9
27       273       246         2
238       268        30         7
159       268       109         7
267       273         6         2
263       271         8         4
270       273         3         2
265       269         4         6
256       271        15         4
269       271         2         4
270       271         1         4
270       274         4         1
269       273         4         2
268       271         3         4
268       271         3         4
272       274         2         1
267       269         2         6
264       274        10         1
248       252         4        23
273       274         1         1
255       274        19         1
264       274        10         1
265       268         3         7
251       274        23         1
265       271         6         4
269       274         5         1
271       274         3         1
257       267        10         8
266       267         1         8
262       263         1        12
255       270        15         5
267       273         6         2
270       271         1         4
272       274         2         1
252       263        11        12
271       274         3         1
31       269       238         6
22        31         9       244
261       268         7         7
268       274         6         1
272       274         2         1
264       274        10         1
270       274         4         1
267       272         5         3
269       273         4         2
236       248        12        27
235       270        35         5
260       273        13         2
267       271         4         4
254       271        17         4
266       271         5         4
260       271        11         4
262       273        11         2
257       274        17         1
226       266        40         9
244       265        21        10
267       271         4         4
260       272        12         3
261       272        11         3
270       274         4         1
258       265         7        10
263       273        10         2
252       264        12        11
260       274        14         1
270       273         3         2
21       267       246         8
258       272        14         3
150       273       123         2
270       273         3         2
241       256        15        19
267       272         5         3
230       267        37         8
153       269       116         6
25       271       246         4
264       271         7         4
147       271       124         4
268       269         1         6
21       272       251         3
260       272        12         3
271       273         2         2
259       266         7         9
263       274        11         1
248       269        21         6
256       257         1        18
268       271         3         4
265       266         1         9
246       257        11        18
264       265         1        10
269       270         1         5
262       271         9         4
271       274         3         1
20       273       253         2
260       267         7         8
250       265        15        10
260       262         2        13
272       273         1         2
271       274         3         1
262       273        11         2
273       274         1         1
255       258         3        17
269       272         3         3
260       273        13         2
23       273       250         2
272       274         2         1
262       266         4         9
265       274         9         1
262       267         5         8
231       271        40         4
271       274         3         1
258       264         6        11
272       274         2         1
250       271        21         4
257       270        13         5
271       273         2         2
259       261         2        14
29       260       231        15
258       270        12         5
148       264       116        11
31       269       238         6
269       273         4         2
272       273         1         2
155       264       109        11
268       271         3         4
241       256        15        19
31       273       242         2
252       254         2        21
271       272         1         3
256       269        13         6
269       271         2         4
268       273         5         2
272       273         1         2
272       273         1         2
266       269         3         6
22       251       229        24
273       274         1         1
269       274         5         1
31       262       231        13
240       271        31         4
233       266        33         9
267       271         4         4
256       269        13         6
260       269         9         6
28       159       131       116
266       269         3         6
261       268         7         7
273       274         1         1
22       266       244         9
250       270        20         5
237       269        32         6
267       274         7         1
254       271        17         4
273       274         1         1
265       274         9         1
156       261       105        14
154       256       102        19
257       270        13         5
264       271         7         4
266       269         3         6
154       261       107        14
272       274         2         1
28       269       241         6
20       260       240        15
271       272         1         3
268       270         2         5
268       272         4         3
258       268        10         7
257       263         6        12
270       274         4         1
267       270         3         5
232       265        33        10
273       274         1         1
263       268         5         7
27       274       247         1
17        22         5       253
261       268         7         7
270       272         2         3
236       255        19        20
2       273       271         2
270       271         1         4
243       269        26         6
6       274       268         1
234       268        34         7
255       262         7        13
260       268         8         7
241       266        25         9
263       271         8         4
258       265         7        10
263       273        10         2
258       274        16         1
270       273         3         2
270       271         1         4
267       271         4         4
269       272         3         3
270       273         3         2
20       274       254         1
260       269         9         6
28       273       245         2
266       268         2         7
267       272         5         3
26       271       245         4
253       264        11        11
266       272         6         3
252       272        20         3
268       270         2         5
272       274         2         1
23        30         7       245
262       274        12         1
273       274         1         1
251       269        18         6
263       264         1        11
270       274         4         1
264       269         5         6
268       274         6         1
250       270        20         5
257       274        17         1
261       264         3        11
264       274        10         1
266       274         8         1
271       274         3         1
258       263         5        12
272       274         2         1
265       273         8         2
266       274         8         1
266       272         6         3
266       271         5         4
28       274       246         1
18       270       252         5
247       266        19         9
266       273         7         2
27       270       243         5
255       274        19         1
258       269        11         6
250       273        23         2
22       263       241        12
158       263       105        12
12       255       243        20
272       274         2         1
25       265       240        10
264       271         7         4
265       272         7         3
249       274        25         1
268       274         6         1
264       269         5         6
262       274        12         1
255       263         8        12
30       273       243         2
264       268         4         7
31       268       237         7
272       274         2         1
28       263       235        12
255       274        19         1
266       273         7         2
31       274       243         1
264       274        10         1
155       272       117         3
254       272        18         3
264       271         7         4
30       272       242         3
264       274        10         1
259       268         9         7
248       270        22         5
272       273         1         2
264       265         1        10
29       252       223        23
262       268         6         7
257       263         6        12
263       271         8         4
260       271        11         4
268       269         1         6
262       268         6         7
255       267        12         8
159       264       105        11
259       271        12         4
237       270        33         5
269       273         4         2
262       274        12         1
265       274         9         1
257       274        17         1
265       274         9         1
250       266        16         9
259       266         7         9
237       266        29         9
271       274         3         1
23       273       250         2
253       274        21         1
259       272        13         3
267       272         5         3
265       274         9         1
249       274        25         1
260       273        13         2
271       274         3         1
271       272         1         3
262       272        10         3
265       266         1         9
256       260         4        15
254       269        15         6
248       268        20         7
272       274         2         1
29       261       232        14
272       274         2         1
269       271         2         4
264       265         1        10
263       264         1        11
260       266         6         9
271       274         3         1
267       273         6         2
273       274         1         1
256       257         1        18
257       272        15         3
269       270         1         5
256       273        17         2
263       274        11         1
261       271        10         4
272       274         2         1
271       274         3         1
268       270         2         5
268       270         2         5
272       273         1         2
265       267         2         8
31       271       240         4
262       263         1        12
256       271        15         4
266       267         1         8
271       274         3         1
268       272         4         3
268       270         2         5
261       269         8         6
268       272         4         3
262       271         9         4
260       273        13         2
256       272        16         3
1       269       268         6
251       271        20         4
271       273         2         2
267       271         4         4
157       248        91        27
271       272         1         3
260       272        12         3
18        24         6       251
270       273         3         2
270       272         2         3
151       266       115         9
262       272        10         3
262       266         4         9
253       274        21         1
269       274         5         1
262       271         9         4
254       257         3        18
266       267         1         8
260       274        14         1
268       273         5         2
266       269         3         6
258       264         6        11
148       270       122         5
229       274        45         1
254       273        19         2
268       269         1         6
242       269        27         6
258       264         6        11
154       271       117         4
269       274         5         1
266       272         6         3
259       274        15         1
270       271         1         4
248       271        23         4
263       274        11         1
243       267        24         8
270       274         4         1
254       272        18         3
265       272         7         3
27       269       242         6
264       265         1        10
263       274        11         1
266       272         6         3
260       272        12         3
15       257       242        18
271       273         2         2
272       274         2         1
247       274        27         1
159       260       101        15
257       270        13         5
266       269         3         6
242       268        26         7
242       262        20        13
260       273        13         2
259       267         8         8
269       271         2         4
250       256         6        19
262       271         9         4
257       264         7        11
269       274         5         1
248       270        22         5
255       274        19         1
255       263         8        12
255       272        17         3
260       269         9         6
271       274         3         1
271       273         2         2
254       271        17         4
259       267         8         8
241       245         4        30
263       266         3         9
272       273         1         2
257       268        11         7
269       271         2         4
250       254         4        21
31       256       225        19
31       274       243         1
271       272         1         3
248       271        23         4
266       274         8         1
262       267         5         8
243       273        30         2
269       272         3         3
269       273         4         2
264       267         3         8
244       271        27         4
270       271         1         4
147       265       118        10
267       271         4         4
269       271         2         4
264       270         6         5
263       273        10         2
271       272         1         3
255       258         3        17
272       273         1         2
155       250        95        25
272       273         1         2
254       274        20         1
250       274        24         1
149       274       125         1
26       255       229        20
256       267        11         8
249       274        25         1
30       268       238         7
271       273         2         2
255       256         1        19
256       262         6        13
269       270         1         5
269       274         5         1
264       265         1        10
28       265       237        10
236       266        30         9
231       256        25        19
269       271         2         4
262       268         6         7
271       272         1         3
271       274         3         1
269       273         4         2
31       269       238         6
267       270         3         5
266       267         1         8
28       263       235        12
266       273         7         2
267       272         5         3
231       254        23        21
269       273         4         2
272       273         1         2
266       272         6         3
264       265         1        10
249       264        15        11
262       271         9         4
256       266        10         9
269       270         1         5
269       270         1         5
256       267        11         8
261       266         5         9
270       274         4         1
264       265         1        10
266       272         6         3
268       274         6         1
270       271         1         4
22       274       252         1
265       267         2         8
268       274         6         1
255       270        15         5
255       269        14         6
265       273         8         2
157       273       116         2
268       270         2         5
244       262        18        13
259       265         6        10
271       274         3         1
264       271         7         4
271       272         1         3
15       269       254         6
272       274         2         1
270       273         3         2
270       271         1         4
266       270         4         5
270       274         4         1
262       267         5         8
24       261       237        14
242       270        28         5
260       273        13         2
248       269        21         6
254       272        18         3
267       274         7         1
19       273       254         2
260       266         6         9
246       267        21         8
270       273         3         2
239       266        27         9
251       263        12        12
26       274       248         1
271       274         3         1
268       273         5         2
250       261        11        14
20       261       241        14
263       271         8         4
249       271        22         4
270       271         1         4
27       267       240         8
25       270       245         5
266       268         2         7
248       269        21         6
237       269        32         6
269       273         4         2
266       272         6         3
268       270         2         5
264       265         1        10
155       273       118         2
246       268        22         7
18       274       256         1
263       268         5         7
21       159       138       116
22       272       250         3
261       274        13         1
260       270        10         5
261       264         3        11
266       273         7         2
252       271        19         4
272       274         2         1
272       274         2         1
12       266       254         9
270       274         4         1
266       273         7         2
263       273        10         2
265       270         5         5
262       274        12         1
268       271         3         4
271       273         2         2
151       248        97        27
259       270        11         5
264       269         5         6
25       270       245         5
251       273        22         2
14       273       259         2
264       271         7         4
262       267         5         8
269       273         4         2
7       269       262         6
269       274         5         1
23       263       240        12
29       271       242         4
273       274         1         1
249       259        10        16
250       272        22         3
259       269        10         6
272       274         2         1
13       270       257         5
272       273         1         2
271       272         1         3
265       274         9         1
267       274         7         1
260       271        11         4
258       266         8         9
148       272       124         3
262       274        12         1
261       272        11         3
272       273         1         2
269       271         2         4
235       274        39         1
267       268         1         7
250       261        11        14
259       270        11         5
272       274         2         1
262       273        11         2
263       265         2        10
257       262         5        13
12       267       255         8
253       274        21         1
267       270         3         5
246       270        24         5
29       263       234        12
267       269         2         6
248       271        23         4
259       272        13         3
31       247       216        28
267       270         3         5
265       267         2         8
264       274        10         1
268       273         5         2
263       272         9         3
267       273         6         2
268       273         5         2
231       266        35         9
261       271        10         4
257       265         8        10
251       265        14        10
272       273         1         2
29       269       240         6
267       271         4         4
255       262         7        13
264       274        10         1
24       263       239        12
269       270         1         5
267       269         2         6
252       263        11        12
266       273         7         2
261       274        13         1
257       260         3        15
263       274        11         1
251       269        18         6
259       274        15         1
30       262       232        13
271       273         2         2
269       272         3         3
261       272        11         3
264       266         2         9
270       272         2         3
271       273         2         2
265       269         4         6
31       267       236         8
266       272         6         3
29       269       240         6
271       272         1         3
266       270         4         5
260       274        14         1
268       274         6         1
254       265        11        10
258       261         3        14
252       259         7        16
251       265        14        10
264       274        10         1
259       263         4        12
268       271         3         4
265       269         4         6
270       272         2         3
268       274         6         1
269       271         2         4
252       258         6        17
13       273       260         2
260       262         2        13
270       272         2         3
232       263        31        12
273       274         1         1
264       265         1        10
237       255        18        20
30       243       213        32
241       272        31         3
272       274         2         1
272       273         1         2
31       269       238         6
251       274        23         1
265       271         6         4
249       265        16        10
265       272         7         3
267       268         1         7
262       263         1        12
249       268        19         7
248       256         8        19
268       269         1         6
264       272         8         3
262       273        11         2
225       264        39        11
270       272         2         3
247       269        22         6
268       272         4         3
258       274        16         1
273       274         1         1
267       271         4         4
261       274        13         1
29       274       245         1
269       274         5         1
263       264         1        11
263       271         8         4
263       269         6         6
271       272         1         3
264       269         5         6
253       274        21         1
261       268         7         7
257       259         2        16
266       273         7         2
272       274         2         1
267       273         6         2
258       273        15         2
252       269        17         6
270       272         2         3
153       274       121         1
266       270         4         5
267       274         7         1
265       272         7         3
245       266        21         9
267       273         6         2
262       274        12         1
268       273         5         2
272       274         2         1
255       259         4        16
263       272         9         3
31       273       242         2
256       271        15         4
266       268         2         7
269       274         5         1
273       274         1         1
13       273       260         2
18       274       256         1
157       265       108        10
262       272        10         3
256       262         6        13
272       273         1         2
247       270        23         5
265       270         5         5
27       274       247         1
267       272         5         3
23       250       227        25
273       274         1         1
263       266         3         9
254       265        11        10
31       270       239         5
250       267        17         8
262       273        11         2
271       273         2         2
267       270         3         5
17       272       255         3
272       274         2         1
265       267         2         8
25       271       246         4
28       268       240         7
157       272       115         3
266       273         7         2
269       272         3         3
271       274         3         1
261       269         8         6
29       270       241         5
263       267         4         8
249       260        11        15
268       269         1         6
261       267         6         8
247       263        16        12
272       274         2         1
273       274         1         1
265       272         7         3
220       244        24        31
257       267        10         8
272       273         1         2
268       274         6         1
22       155       133       120
255       270        15         5
268       273         5         2
259       261         2        14
30       274       244         1
272       273         1         2
235       267        32         8
29       256       227        19
259       270        11         5
266       269         3         6
262       266         4         9
269       270         1         5
258       265         7        10
268       272         4         3
265       272         7         3
255       273        18         2
255       272        17         3
272       273         1         2
257       273        16         2
256       274        18         1
260       273        13         2
259       273        14         2
251       270        19         5
29       274       245         1
271       274         3         1
270       271         1         4
217       272        55         3
267       273         6         2
235       272        37         3
257       274        17         1
156       272       116         3
15        29        14       246
20       270       250         5
27       271       244         4
269       272         3         3
271       274         3         1
267       273         6         2
273       274         1         1
151       269       118         6
272       274         2         1
268       271         3         4
273       274         1         1
259       260         1        15
270       273         3         2
242       267        25         8
264       266         2         9
273       274         1         1
251       273        22         2
260       262         2        13
271       274         3         1
267       270         3         5
256       258         2        17
19       258       239        17
20       266       246         9
268       273         5         2
247       257        10        18
245       260        15        15
269       270         1         5
18       274       256         1
256       262         6        13
267       269         2         6
249       270        21         5
259       263         4        12
253       272        19         3
271       273         2         2
271       273         2         2
268       270         2         5
240       267        27         8
268       274         6         1
269       274         5         1
20       269       249         6
265       272         7         3
27       274       247         1
263       272         9         3
265       271         6         4
268       273         5         2
260       267         7         8
272       274         2         1
267       270         3         5
272       274         2         1
267       273         6         2
263       272         9         3
29       264       235        11
269       272         3         3
231       260        29        15
267       269         2         6
257       269        12         6
