301       306         5         4
287       303        16         7
295       299         4        11
305       308         3         2
292       293         1        17
285       297        12        13
304       309         5         1
302       304         2         6
297       305         8         5
303       308         5         2
307       309         2         1
263       303        40         7
4       277       273        33
297       305         8         5
306       309         3         1
299       309        10         1
293       296         3        14
5       308       303         2
303       309         6         1
292       297         5        13
305       307         2         3
296       299         3        11
261       284        23        26
305       309         4         1
299       308         9         2
300       309         9         1
304       307         3         3
282       293        11        17
297       308        11         2
286       290         4        20
301       303         2         7
301       303         2         7
5       307       302         3
299       308         9         2
305       307         2         3
294       302         8         8
298       301         3         9
17       297       280        13
301       309         8         1
19       296       277        14
283       301        18         9
281       286         5        24
291       301        10         9
307       308         1         2
305       308         3         2
280       299        19        11
289       293         4        17
306       308         2         2
18       307       289         3
296       309        13         1
305       309         4         1
8       309       301         1
292       294         2        16
299       301         2         9
295       305        10         5
17       305       288         5
281       307        26         3
292       303        11         7
282       308        26         2
8       275       267        35
294       306        12         4
297       306         9         4
293       309        16         1
289       290         1        20
305       309         4         1
304       307         3         3
289       295         6        15
284       303        19         7
288       299        11        11
277       298        21        12
281       308        27         2
307       309         2         1
295       309        14         1
13       291       278        19
308       309         1         1
276       299        23        11
289       294         5        16
299       308         9         2
13       305       292         5
257       301        44         9
296       300         4        10
299       303         4         7
12       294       282        16
279       307        28         3
294       300         6        10
302       309         7         1
288       289         1        21
276       297        21        13
11       309       298         1
297       309        12         1
292       305        13         5
281       290         9        20
305       309         4         1
282       293        11        17
281       309        28         1
15       305       290         5
283       300        17        10
269       294        25        16
300       301         1         9
296       307        11         3
14       305       291         5
18       302       284         8
291       299         8        11
278       300        22        10
292       295         3        15
266       297        31        13
307       308         1         2
294       305        11         5
276       291        15        19
298       302         4         8
278       308        30         2
281       299        18        11
8       305       297         5
302       309         7         1
272       304        32         6
287       291         4        19
303       306         3         4
302       304         2         6
285       309        24         1
289       291         2        19
258       274        16        36
293       308        15         2
284       298        14        12
19       258       239        52
271       303        32         7
296       301         5         9
10       304       294         6
266       269         3        41
282       296        14        14
301       305         4         5
290       300        10        10
276       287        11        23
283       292         9        18
295       296         1        14
302       304         2         6
294       302         8         8
270       284        14        26
286       296        10        14
16       306       290         4
291       303        12         7
279       299        20        11
294       300         6        10
302       307         5         3
282       298        16        12
300       309         9         1
304       306         2         4
306       308         2         2
292       307        15         3
299       308         9         2
281       296        15        14
294       307        13         3
278       302        24         8
307       308         1         2
296       302         6         8
293       294         1        16
288       309        21         1
293       294         1        16
284       309        25         1
308       309         1         1
273       284        11        26
287       306        19         4
281       309        28         1
265       309        44         1
302       303         1         7
14       309       295         1
261       298        37        12
293       304        11         6
302       307         5         3
288       307        19         3
304       308         4         2
11       284       273        26
303       308         5         2
280       309        29         1
287       300        13        10
304       305         1         5
306       308         2         2
279       306        27         4
290       307        17         3
297       298         1        12
305       309         4         1
296       309        13         1
289       308        19         2
282       283         1        27
15       303       288         7
16       296       280        14
270       305        35         5
303       309         6         1
294       305        11         5
262       293        31        17
269       297        28        13
296       307        11         3
283       308        25         2
18       274       256        36
264       286        22        24
277       301        24         9
301       308         7         2
291       301        10         9
290       308        18         2
301       309         8         1
274       296        22        14
305       306         1         4
266       298        32        12
292       301         9         9
19       309       290         1
296       298         2        12
304       305         1         5
296       307        11         3
269       280        11        30
279       280         1        30
248       284        36        26
289       302        13         8
295       309        14         1
5       298       293        12
15       305       290         5
308       309         1         1
278       301        23         9
290       306        16         4
299       308         9         2
296       305         9         5
286       306        20         4
297       301         4         9
279       296        17        14
17       305       288         5
304       305         1         5
269       295        26        15
289       299        10        11
12       292       280        18
14       301       287         9
300       307         7         3
293       306        13         4
262       279        17        31
299       304         5         6
306       307         1         3
297       300         3        10
307       308         1         2
18       305       287         5
10       295       285        15
307       308         1         2
303       309         6         1
297       307        10         3
290       307        17         3
302       304         2         6
289       292         3        18
305       307         2         3
295       302         7         8
297       306         9         4
303       308         5         2
306       307         1         3
295       298         3        12
300       307         7         3
286       298        12        12
290       301        11         9
285       296        11        14
263       272         9        38
286       307        21         3
297       302         5         8
303       308         5         2
300       302         2         8
276       299        23        11
278       288        10        22
296       304         8         6
258       308        50         2
303       305         2         5
280       299        19        11
16       302       286         8
301       303         2         7
299       306         7         4
278       286         8        24
291       293         2        17
306       308         2         2
279       305        26         5
289       296         7        14
280       300        20        10
287       308        21         2
303       304         1         6
306       307         1         3
303       308         5         2
250       258         8        52
304       309         5         1
282       298        16        12
278       296        18        14
288       290         2        20
305       308         3         2
16       306       290         4
297       298         1        12
279       297        18        13
299       307         8         3
16       305       289         5
307       309         2         1
283       308        25         2
302       304         2         6
285       289         4        21
286       298        12        12
272       301        29         9
292       308        16         2
303       305         2         5
300       304         4         6
8       309       301         1
18       308       290         2
298       301         3         9
284       303        19         7
281       295        14        15
289       304        15         6
5       309       304         1
246       272        26        38
296       304         8         6
16       298       282        12
304       308         4         2
290       297         7        13
290       291         1        19
287       306        19         4
10       309       299         1
294       306        12         4
300       306         6         4
295       301         6         9
307       308         1         2
273       301        28         9
303       306         3         4
283       294        11        16
290       303        13         7
306       307         1         3
283       287         4        23
297       308        11         2
295       304         9         6
15       296       281        14
301       307         6         3
267       288        21        22
286       304        18         6
11       295       284        15
303       309         6         1
295       303         8         7
19       296       277        14
277       302        25         8
300       304         4         6
297       301         4         9
284       298        14        12
298       304         6         6
283       291         8        19
297       301         4         9
305       308         3         2
307       309         2         1
271       280         9        30
284       308        24         2
277       308        31         2
265       280        15        30
305       309         4         1
276       300        24        10
300       305         5         5
281       304        23         6
280       308        28         2
295       302         7         8
4       281       277        29
291       300         9        10
299       302         3         8
260       298        38        12
284       308        24         2
305       309         4         1
303       307         4         3
306       308         2         2
281       289         8        21
306       308         2         2
17       285       268        25
280       306        26         4
16       309       293         1
304       308         4         2
270       309        39         1
273       286        13        24
270       301        31         9
17       287       270        23
290       298         8        12
282       307        25         3
293       299         6        11
305       308         3         2
300       307         7         3
288       307        19         3
296       307        11         3
304       305         1         5
282       303        21         7
300       306         6         4
295       307        12         3
301       309         8         1
308       309         1         1
307       308         1         2
287       305        18         5
288       289         1        21
305       308         3         2
256       306        50         4
17       303       286         7
303       304         1         6
242       302        60         8
9       305       296         5
299       307         8         3
290       291         1        19
296       298         2        12
295       297         2        13
301       308         7         2
275       305        30         5
279       305        26         5
290       298         8        12
283       307        24         3
16       295       279        15
285       295        10        15
270       301        31         9
307       308         1         2
295       299         4        11
296       298         2        12
297       302         5         8
17       306       289         4
288       308        20         2
303       309         6         1
273       308        35         2
296       304         8         6
290       292         2        18
14       306       292         4
11       300       289        10
281       305        24         5
304       309         5         1
307       308         1         2
295       307        12         3
287       297        10        13
299       302         3         8
265       302        37         8
297       304         7         6
301       306         5         4
294       309        15         1
290       305        15         5
283       306        23         4
277       280         3        30
299       301         2         9
302       304         2         6
11       305       294         5
294       297         3        13
281       295        14        15
14       306       292         4
296       303         7         7
300       305         5         5
290       306        16         4
290       306        16         4
306       309         3         1
296       307        11         3
303       304         1         6
278       307        29         3
280       289         9        21
289       297         8        13
282       307        25         3
254       302        48         8
304       309         5         1
9        16         7       294
308       309         1         1
302       306         4         4
296       308        12         2
19       297       278        13
289       308        19         2
304       307         3         3
301       305         4         5
302       304         2         6
290       301        11         9
297       309        12         1
302       305         3         5
304       306         2         4
306       307         1         3
286       304        18         6
290       292         2        18
293       305        12         5
304       307         3         3
306       308         2         2
290       297         7        13
289       298         9        12
301       308         7         2
298       309        11         1
305       308         3         2
240       308        68         2
15       297       282        13
296       298         2        12
301       307         6         3
302       309         7         1
298       307         9         3
272       308        36         2
284       287         3        23
292       308        16         2
291       308        17         2
272       288        16        22
253       291        38        19
14       308       294         2
15       308       293         2
308       309         1         1
16       292       276        18
12       307       295         3
284       300        16        10
303       308         5         2
301       303         2         7
295       302         7         8
283       288         5        22
307       308         1         2
291       295         4        15
294       299         5        11
295       296         1        14
300       304         4         6
307       308         1         2
303       305         2         5
298       308        10         2
15       267       252        43
15       305       290         5
296       297         1        13
300       305         5         5
279       303        24         7
292       305        13         5
282       300        18        10
304       309         5         1
264       306        42         4
305       309         4         1
293       308        15         2
3       301       298         9
307       309         2         1
300       307         7         3
290       297         7        13
288       301        13         9
289       305        16         5
301       304         3         6
287       301        14         9
298       309        11         1
305       306         1         4
294       300         6        10
296       298         2        12
13       300       287        10
255       303        48         7
293       308        15         2
289       298         9        12
263       298        35        12
293       302         9         8
290       301        11         9
256       302        46         8
16       309       293         1
9       296       287        14
256       302        46         8
296       309        13         1
295       299         4        11
288       309        21         1
288       289         1        21
297       308        11         2
282       286         4        24
275       298        23        12
297       302         5         8
19       308       289         2
304       309         5         1
298       302         4         8
18       279       261        31
291       297         6        13
301       306         5         4
13       298       285        12
299       300         1        10
277       293        16        17
274       276         2        34
296       302         6         8
303       304         1         6
304       309         5         1
306       307         1         3
306       309         3         1
302       304         2         6
295       298         3        12
11       298       287        12
293       304        11         6
1       291       290        19
294       302         8         8
298       299         1        11
275       293        18        17
302       309         7         1
305       307         2         3
296       308        12         2
304       308         4         2
293       296         3        14
282       287         5        23
285       301        16         9
293       307        14         3
272       292        20        18
287       309        22         1
293       295         2        15
307       309         2         1
300       301         1         9
13       308       295         2
301       308         7         2
283       293        10        17
301       307         6         3
294       298         4        12
8       303       295         7
289       301        12         9
284       290         6        20
300       305         5         5
302       305         3         5
285       303        18         7
289       309        20         1
298       307         9         3
13       300       287        10
19       303       284         7
279       291        12        19
296       309        13         1
307       309         2         1
275       296        21        14
303       308         5         2
289       300        11        10
258       309        51         1
301       309         8         1
301       305         4         5
290       294         4        16
304       306         2         4
289       291         2        19
294       308        14         2
303       308         5         2
297       302         5         8
285       295        10        15
6       293       287        17
300       307         7         3
14       308       294         2
287       305        18         5
14       291       277        19
290       304        14         6
289       306        17         4
16       308       292         2
8        18        10       292
288       296         8        14
289       300        11        10
290       303        13         7
289       305        16         5
273       297        24        13
303       307         4         3
305       307         2         3
278       297        19        13
304       309         5         1
17       305       288         5
301       307         6         3
262       309        47         1
291       306        15         4
295       299         4        11
287       305        18         5
265       269         4        41
295       301         6         9
295       299         4        11
307       309         2         1
298       308        10         2
275       276         1        34
16       305       289         5
18       305       287         5
292       304        12         6
292       306        14         4
12       290       278        20
293       305        12         5
291       304        13         6
12       304       292         6
272       278         6        32
303       309         6         1
306       309         3         1
291       296         5        14
289       306        17         4
14        19         5       291
295       299         4        11
279       306        27         4
283       299        16        11
289       304        15         6
291       306        15         4
308       309         1         1
259       284        25        26
304       308         4         2
294       298         4        12
278       288        10        22
281       309        28         1
276       304        28         6
297       308        11         2
296       303         7         7
286       305        19         5
301       305         4         5
302       309         7         1
296       299         3        11
295       305        10         5
291       305        14         5
285       302        17         8
302       306         4         4
266       270         4        40
269       270         1        40
18       297       279        13
294       302         8         8
272       307        35         3
304       305         1         5
269       302        33         8
290       305        15         5
300       305         5         5
299       309        10         1
290       308        18         2
19       309       290         1
285       291         6        19
299       306         7         4
10       285       275        25
17       304       287         6
16       307       291         3
297       306         9         4
17       308       291         2
292       307        15         3
300       305         5         5
273       299        26        11
295       307        12         3
305       306         1         4
300       309         9         1
298       307         9         3
304       305         1         5
295       307        12         3
292       298         6        12
286       309        23         1
302       306         4         4
15       307       292         3
12       293       281        17
295       299         4        11
270       273         3        37
307       309         2         1
290       298         8        12
295       307        12         3
19       309       290         1
289       302        13         8
301       308         7         2
297       303         6         7
306       309         3         1
15       271       256        39
292       304        12         6
5       309       304         1
299       307         8         3
11       304       293         6
308       309         1         1
303       309         6         1
271       277         6        33
2       294       292        16
295       298         3        12
263       308        45         2
289       304        15         6
304       309         5         1
295       308        13         2
296       298         2        12
7       271       264        39
287       297        10        13
305       308         3         2
293       305        12         5
19       309       290         1
262       288        26        22
293       296         3        14
301       309         8         1
296       297         1        13
264       299        35        11
300       305         5         5
289       306        17         4
19       278       259        32
285       291         6        19
304       309         5         1
293       308        15         2
218       309        91         1
300       309         9         1
300       308         8         2
298       302         4         8
6       288       282        22
298       309        11         1
307       308         1         2
299       304         5         6
291       293         2        17
14       309       295         1
16       309       293         1
293       306        13         4
273       291        18        19
296       306        10         4
287       304        17         6
265       292        27        18
18       274       256        36
304       306         2         4
282       287         5        23
306       308         2         2
287       307        20         3
300       301         1         9
287       297        10        13
304       307         3         3
267       286        19        24
303       307         4         3
298       301         3         9
289       305        16         5
287       308        21         2
308       309         1         1
291       298         7        12
286       308        22         2
279       305        26         5
289       292         3        18
18       307       289         3
278       296        18        14
306       307         1         3
304       308         4         2
306       309         3         1
305       308         3         2
290       299         9        11
278       305        27         5
303       305         2         5
296       304         8         6
292       300         8        10
300       301         1         9
282       307        25         3
305       307         2         3
266       273         7        37
298       308        10         2
297       299         2        11
300       303         3         7
288       298        10        12
293       307        14         3
296       301         5         9
306       307         1         3
271       275         4        35
15       303       288         7
275       309        34         1
298       299         1        11
295       298         3        12
282       293        11        17
305       306         1         4
304       306         2         4
292       309        17         1
304       306         2         4
257       309        52         1
293       307        14         3
278       297        19        13
300       309         9         1
3       284       281        26
279       308        29         2
294       307        13         3
16       292       276        18
288       291         3        19
278       305        27         5
11       293       282        17
265       307        42         3
274       309        35         1
285       305        20         5
294       309        15         1
302       305         3         5
2       294       292        16
293       309        16         1
283       291         8        19
291       300         9        10
302       308         6         2
293       296         3        14
298       309        11         1
15       285       270        25
280       281         1        29
279       283         4        27
300       308         8         2
304       307         3         3
294       304        10         6
306       308         2         2
303       308         5         2
303       307         4         3
17       308       291         2
281       285         4        25
303       308         5         2
12       304       292         6
297       307        10         3
303       308         5         2
290       296         6        14
301       307         6         3
301       303         2         7
305       307         2         3
294       307        13         3
298       303         5         7
286       301        15         9
290       299         9        11
305       309         4         1
301       305         4         5
308       309         1         1
19       307       288         3
292       293         1        17
12       307       295         3
296       307        11         3
270       290        20        20
276       308        32         2
19       309       290         1
282       290         8        20
293       306        13         4
297       301         4         9
303       309         6         1
287       296         9        14
283       304        21         6
305       308         3         2
16       309       293         1
297       305         8         5
295       305        10         5
308       309         1         1
294       303         9         7
278       305        27         5
299       303         4         7
295       301         6         9
14       309       295         1
289       309        20         1
305       309         4         1
285       309        24         1
278       306        28         4
293       297         4        13
16       309       293         1
5       305       300         5
300       303         3         7
301       309         8         1
303       304         1         6
305       307         2         3
308       309         1         1
13       295       282        15
308       309         1         1
17       306       289         4
17       305       288         5
301       307         6         3
294       298         4        12
15       308       293         2
298       304         6         6
294       308        14         2
296       308        12         2
301       308         7         2
17       271       254        39
280       301        21         9
298       304         6         6
298       307         9         3
280       305        25         5
264       287        23        23
306       308         2         2
282       302        20         8
295       301         6         9
297       308        11         2
292       293         1        17
13       306       293         4
305       308         3         2
275       277         2        33
269       298        29        12
299       301         2         9
290       308        18         2
299       301         2         9
307       308         1         2
304       306         2         4
303       308         5         2
13       293       280        17
306       309         3         1
301       306         5         4
307       309         2         1
276       301        25         9
298       307         9         3
299       300         1        10
298       299         1        11
283       303        20         7
293       306        13         4
305       306         1         4
304       306         2         4
306       308         2         2
302       309         7         1
294       305        11         5
297       307        10         3
299       302         3         8
276       284         8        26
307       309         2         1
12       304       292         6
294       301         7         9
285       304        19         6
288       294         6        16
15       304       289         6
296       307        11         3
284       291         7        19
299       304         5         6
277       288        11        22
289       292         3        18
290       302        12         8
298       305         7         5
270       283        13        27
295       301         6         9
297       303         6         7
294       308        14         2
299       300         1        10
287       289         2        21
270       298        28        12
285       297        12        13
286       306        20         4
305       306         1         4
281       295        14        15
287       309        22         1
5       301       296         9
288       297         9        13
19       302       283         8
291       300         9        10
273       282         9        28
287       306        19         4
305       309         4         1
302       307         5         3
298       304         6         6
293       304        11         6
298       308        10         2
17       308       291         2
273       276         3        34
298       308        10         2
287       309        22         1
308       309         1         1
248       303        55         7
299       304         5         6
291       303        12         7
273       282         9        28
303       304         1         6
305       309         4         1
291       307        16         3
294       308        14         2
294       307        13         3
