283       406       123         4
391       406        15         4
374       403        29         7
399       407         8         3
384       401        17         9
406       409         3         1
408       409         1         1
387       403        16         7
285       401       116         9
395       407        12         3
402       404         2         6
403       404         1         6
400       407         7         3
384       404        20         6
390       409        19         1
398       405         7         5
407       409         2         1
404       407         3         3
405       409         4         1
399       409        10         1
399       402         3         8
390       403        13         7
406       408         2         2
30       405       375         5
396       407        11         3
179       399       220        11
398       409        11         1
47       408       361         2
391       406        15         4
402       408         6         2
225       402       177         8
402       405         3         5
47       406       359         4
407       409         2         1
43       406       363         4
400       408         8         2
398       403         5         7
47       392       345        18
405       408         3         2
281       401       120         9
186       408       222         2
407       408         1         2
41       404       363         6
407       409         2         1
401       409         8         1
395       398         3        12
383       407        24         3
393       407        14         3
406       409         3         1
405       407         2         3
401       407         6         3
45       402       357         8
238       377       139        33
38       406       368         4
388       390         2        20
394       409        15         1
403       404         1         6
277       379       102        31
390       407        17         3
401       408         7         2
38       396       358        14
188       408       220         2
405       406         1         4
400       409         9         1
264       393       129        17
401       404         3         6
404       405         1         5
47       408       361         2
46       394       348        16
400       406         6         4
400       403         3         7
396       399         3        11
392       407        15         3
376       392        16        18
403       409         6         1
400       404         4         6
405       407         2         3
408       409         1         1
401       403         2         7
397       408        11         2
391       406        15         4
403       407         4         3
396       406        10         4
373       386        13        24
39       407       368         3
389       401        12         9
43       409       366         1
401       403         2         7
367       368         1        42
239       390       151        20
404       408         4         2
277       408       131         2
233       407       174         3
390       409        19         1
390       409        19         1
371       408        37         2
394       409        15         1
405       408         3         2
386       409        23         1
407       408         1         2
406       408         2         2
400       401         1         9
393       397         4        13
396       401         5         9
387       408        21         2
387       409        22         1
45       403       358         7
386       394         8        16
397       404         7         6
401       408         7         2
394       404        10         6
391       396         5        14
378       407        29         3
405       408         3         2
397       403         6         7
42       395       353        15
402       407         5         3
354       408        54         2
398       405         7         5
408       409         1         1
386       400        14        10
408       409         1         1
376       399        23        11
405       406         1         4
407       409         2         1
386       404        18         6
271       400       129        10
393       402         9         8
407       409         2         1
401       409         8         1
388       409        21         1
394       404        10         6
391       395         4        15
222       389       167        21
387       408        21         2
404       407         3         3
397       402         5         8
405       406         1         4
394       397         3        13
191       407       216         3
378       409        31         1
389       409        20         1
405       408         3         2
393       401         8         9
46       408       362         2
392       409        17         1
239       388       149        22
375       406        31         4
375       397        22        13
398       408        10         2
371       400        29        10
400       408         8         2
398       405         7         5
185       406       221         4
399       405         6         5
390       408        18         2
390       403        13         7
398       405         7         5
285       392       107        18
394       404        10         6
280       403       123         7
393       408        15         2
381       407        26         3
398       408        10         2
404       408         4         2
405       407         2         3
39       408       369         2
406       409         3         1
390       398         8        12
43       404       361         6
399       407         8         3
399       409        10         1
390       397         7        13
369       399        30        11
226       403       177         7
387       408        21         2
399       400         1        10
285       408       123         2
35       405       370         5
400       402         2         8
407       409         2         1
398       408        10         2
385       397        12        13
388       403        15         7
39       404       365         6
403       407         4         3
403       405         2         5
47       407       360         3
396       409        13         1
35       409       374         1
408       409         1         1
372       395        23        15
228       409       181         1
395       398         3        12
39       400       361        10
396       397         1        13
389       400        11        10
381       392        11        18
408       409         1         1
386       405        19         5
404       408         4         2
404       408         4         2
401       404         3         6
47       409       362         1
395       397         2        13
280       405       125         5
40       401       361         9
396       401         5         9
401       403         2         7
408       409         1         1
391       402        11         8
384       408        24         2
400       407         7         3
394       409        15         1
368       385        17        25
342       401        59         9
399       401         2         9
392       409        17         1
394       402         8         8
396       408        12         2
402       409         7         1
389       391         2        19
408       409         1         1
403       409         6         1
405       408         3         2
399       408         9         2
405       408         3         2
401       407         6         3
380       399        19        11
397       398         1        12
389       393         4        17
407       408         1         2
406       409         3         1
239       407       168         3
47       408       361         2
390       393         3        17
390       398         8        12
400       407         7         3
395       409        14         1
400       401         1         9
47       395       348        15
404       409         5         1
188       409       221         1
174       404       230         6
398       406         8         4
45       409       364         1
287       391       104        19
401       406         5         4
45       401       356         9
408       409         1         1
394       405        11         5
404       407         3         3
400       408         8         2
10       400       390        10
405       409         4         1
404       406         2         4
284       402       118         8
47       400       353        10
235       409       174         1
402       409         7         1
287       402       115         8
403       405         2         5
400       401         1         9
406       408         2         2
37       397       360        13
405       406         1         4
405       407         2         3
404       406         2         4
407       409         2         1
405       407         2         3
391       408        17         2
399       406         7         4
399       409        10         1
394       408        14         2
404       409         5         1
389       408        19         2
373       409        36         1
408       409         1         1
396       399         3        11
402       405         3         5
398       402         4         8
286       409       123         1
394       399         5        11
406       409         3         1
404       407         3         3
388       407        19         3
404       406         2         4
395       408        13         2
398       409        11         1
33       409       376         1
395       409        14         1
286       408       122         2
397       403         6         7
376       409        33         1
400       407         7         3
397       401         4         9
405       406         1         4
12       406       394         4
393       407        14         3
401       405         4         5
400       404         4         6
408       409         1         1
392       406        14         4
210       401       191         9
402       404         2         6
405       409         4         1
389       400        11        10
276       409       133         1
402       406         4         4
237       394       157        16
175       399       224        11
16       405       389         5
403       408         5         2
396       408        12         2
393       401         8         9
402       408         6         2
191       408       217         2
280       399       119        11
401       406         5         4
399       402         3         8
375       404        29         6
405       406         1         4
37       405       368         5
191       383       192        27
408       409         1         1
407       408         1         2
381       404        23         6
404       409         5         1
407       409         2         1
390       393         3        17
14       407       393         3
400       404         4         6
400       408         8         2
407       409         2         1
9       279       270       131
387       403        16         7
238       397       159        13
7       393       386        17
399       407         8         3
399       407         8         3
406       408         2         2
403       406         3         4
384       408        24         2
402       408         6         2
400       409         9         1
390       401        11         9
407       408         1         2
390       407        17         3
389       401        12         9
30       406       376         4
402       403         1         7
397       403         6         7
373       395        22        15
407       409         2         1
34       396       362        14
376       400        24        10
399       403         4         7
26       407       381         3
394       405        11         5
406       408         2         2
408       409         1         1
390       404        14         6
395       409        14         1
233       409       176         1
391       405        14         5
405       409         4         1
397       401         4         9
389       400        11        10
389       403        14         7
394       404        10         6
182       399       217        11
177       403       226         7
384       404        20         6
408       409         1         1
404       409         5         1
394       409        15         1
393       404        11         6
40       394       354        16
238       401       163         9
397       401         4         9
393       404        11         6
395       409        14         1
393       400         7        10
407       409         2         1
406       408         2         2
361       393        32        17
397       404         7         6
238       402       164         8
396       400         4        10
46       408       362         2
380       407        27         3
44       407       363         3
400       408         8         2
400       408         8         2
384       400        16        10
399       402         3         8
384       393         9        17
406       409         3         1
400       408         8         2
393       401         8         9
234       238         4       172
371       397        26        13
403       409         6         1
390       409        19         1
403       407         4         3
405       409         4         1
42        47         5       363
404       409         5         1
265       403       138         7
31        43        12       367
406       408         2         2
6       396       390        14
387       408        21         2
39       409       370         1
406       409         3         1
404       407         3         3
404       407         3         3
373       400        27        10
394       409        15         1
408       409         1         1
401       405         4         5
388       390         2        20
34       407       373         3
401       404         3         6
402       407         5         3
38       406       368         4
395       396         1        14
403       405         2         5
394       409        15         1
388       401        13         9
34       394       360        16
408       409         1         1
406       407         1         3
239       406       167         4
401       403         2         7
190       408       218         2
232       395       163        15
376       391        15        19
401       404         3         6
394       404        10         6
405       408         3         2
399       401         2         9
38       388       350        22
393       407        14         3
377       405        28         5
32       403       371         7
407       408         1         2
403       407         4         3
384       409        25         1
402       404         2         6
399       405         6         5
263       407       144         3
224       409       185         1
386       392         6        18
43       403       360         7
405       407         2         3
396       404         8         6
235       405       170         5
373       409        36         1
406       407         1         3
361       405        44         5
391       403        12         7
394       401         7         9
394       402         8         8
389       398         9        12
367       404        37         6
403       404         1         6
404       407         3         3
235       398       163        12
403       409         6         1
387       400        13        10
396       400         4        10
9       409       400         1
403       409         6         1
372       402        30         8
278       407       129         3
190       402       212         8
406       409         3         1
396       408        12         2
398       400         2        10
188       391       203        19
399       409        10         1
401       405         4         5
402       408         6         2
405       408         3         2
391       402        11         8
407       408         1         2
393       399         6        11
402       403         1         7
406       407         1         3
401       405         4         5
382       407        25         3
273       400       127        10
399       405         6         5
399       405         6         5
401       408         7         2
397       399         2        11
398       404         6         6
402       407         5         3
281       394       113        16
390       395         5        15
41       409       368         1
400       401         1         9
182       402       220         8
401       407         6         3
400       408         8         2
280       402       122         8
389       400        11        10
47       401       354         9
398       400         2        10
400       401         1         9
406       409         3         1
369       408        39         2
399       401         2         9
383       400        17        10
391       405        14         5
190       409       219         1
395       408        13         2
283       405       122         5
399       403         4         7
401       409         8         1
402       409         7         1
398       408        10         2
397       404         7         6
37       404       367         6
228       406       178         4
184       374       190        36
29       408       379         2
406       408         2         2
387       396         9        14
385       409        24         1
405       409         4         1
371       409        38         1
392       398         6        12
400       406         6         4
33       396       363        14
400       404         4         6
393       408        15         2
381       396        15        14
238       409       171         1
392       408        16         2
368       402        34         8
399       400         1        10
396       406        10         4
44       188       144       222
401       409         8         1
285       409       124         1
401       404         3         6
406       409         3         1
389       402        13         8
399       408         9         2
379       399        20        11
407       409         2         1
45       379       334        31
395       406        11         4
41       406       365         4
184       408       224         2
387       403        16         7
393       404        11         6
394       402         8         8
381       389         8        21
32       404       372         6
406       409         3         1
401       403         2         7
390       408        18         2
408       409         1         1
377       391        14        19
405       409         4         1
406       408         2         2
388       407        19         3
360       387        27        23
45       408       363         2
399       404         5         6
386       387         1        23
279       396       117        14
402       407         5         3
406       409         3         1
402       406         4         4
401       406         5         4
398       404         6         6
394       399         5        11
388       404        16         6
38       397       359        13
385       408        23         2
401       404         3         6
405       406         1         4
406       407         1         3
399       404         5         6
45       406       361         4
406       407         1         3
25       407       382         3
400       408         8         2
407       409         2         1
389       409        20         1
382       399        17        11
36       398       362        12
392       406        14         4
401       402         1         8
406       409         3         1
381       396        15        14
408       409         1         1
389       397         8        13
405       406         1         4
400       402         2         8
403       405         2         5
403       409         6         1
405       407         2         3
404       407         3         3
408       409         1         1
395       404         9         6
391       398         7        12
28       402       374         8
398       403         5         7
286       409       123         1
395       400         5        10
188       372       184        38
375       402        27         8
180       395       215        15
391       395         4        15
402       409         7         1
382       406        24         4
40       408       368         2
408       409         1         1
399       402         3         8
397       405         8         5
34       230       196       180
406       408         2         2
216       399       183        11
43       401       358         9
392       408        16         2
394       409        15         1
286       408       122         2
384       406        22         4
393       409        16         1
399       406         7         4
401       406         5         4
223       408       185         2
325       409        84         1
391       404        13         6
27       403       376         7
408       409         1         1
281       404       123         6
403       408         5         2
221       408       187         2
390       407        17         3
395       398         3        12
402       407         5         3
44       395       351        15
40       409       369         1
20       397       377        13
232       405       173         5
37       409       372         1
399       407         8         3
407       408         1         2
388       395         7        15
408       409         1         1
402       409         7         1
401       406         5         4
191       406       215         4
400       407         7         3
408       409         1         1
383       406        23         4
397       405         8         5
46       401       355         9
397       406         9         4
40       405       365         5
399       409        10         1
402       408         6         2
236       281        45       129
402       403         1         7
406       408         2         2
190       407       217         3
401       402         1         8
396       404         8         6
41       405       364         5
287       408       121         2
393       398         5        12
406       407         1         3
280       397       117        13
383       403        20         7
39       408       369         2
404       405         1         5
405       408         3         2
33       401       368         9
403       407         4         3
393       407        14         3
400       405         5         5
42       409       367         1
405       406         1         4
401       409         8         1
404       408         4         2
41       408       367         2
401       408         7         2
400       408         8         2
383       402        19         8
392       393         1        17
239       401       162         9
405       406         1         4
370       374         4        36
382       402        20         8
45       404       359         6
26       388       362        22
287       399       112        11
394       408        14         2
383       389         6        21
398       407         9         3
397       408        11         2
407       409         2         1
395       408        13         2
408       409         1         1
381       388         7        22
402       403         1         7
402       408         6         2
406       407         1         3
265       408       143         2
39       398       359        12
238       394       156        16
400       405         5         5
279       408       129         2
383       408        25         2
176       406       230         4
398       400         2        10
24       405       381         5
395       405        10         5
380       403        23         7
235       407       172         3
183       408       225         2
46       407       361         3
396       409        13         1
393       394         1        16
402       408         6         2
177       189        12       221
377       403        26         7
271       404       133         6
404       408         4         2
386       408        22         2
397       407        10         3
396       408        12         2
404       409         5         1
387       392         5        18
406       408         2         2
236       408       172         2
406       407         1         3
388       393         5        17
399       403         4         7
376       408        32         2
404       409         5         1
283       406       123         4
367       403        36         7
286       406       120         4
399       402         3         8
402       408         6         2
394       408        14         2
405       409         4         1
385       401        16         9
382       406        24         4
391       408        17         2
400       406         6         4
31       409       378         1
44       403       359         7
399       402         3         8
405       409         4         1
180       409       229         1
406       407         1         3
236       409       173         1
393       407        14         3
396       401         5         9
397       404         7         6
388       401        13         9
391       406        15         4
45        47         2       363
39       404       365         6
386       402        16         8
388       398        10        12
41       407       366         3
401       409         8         1
395       408        13         2
407       409         2         1
40       190       150       220
407       409         2         1
401       402         1         8
191       409       218         1
374       387        13        23
383       408        25         2
386       408        22         2
43       401       358         9
402       409         7         1
382       400        18        10
378       403        25         7
398       407         9         3
188       409       221         1
383       406        23         4
391       394         3        16
396       399         3        11
37       409       372         1
187       408       221         2
387       407        20         3
370       402        32         8
402       409         7         1
391       407        16         3
402       409         7         1
400       408         8         2
35       409       374         1
177       407       230         3
384       408        24         2
394       400         6        10
403       408         5         2
380       409        29         1
396       397         1        13
273       409       136         1
397       405         8         5
174       406       232         4
183       402       219         8
407       409         2         1
391       395         4        15
379       396        17        14
352       396        44        14
406       408         2         2
187       399       212        11
397       408        11         2
35       406       371         4
393       396         3        14
394       404        10         6
403       404         1         6
399       401         2         9
404       406         2         4
393       402         9         8
397       407        10         3
363       397        34        13
401       407         6         3
402       405         3         5
386       407        21         3
402       404         2         6
42       403       361         7
394       406        12         4
402       406         4         4
391       403        12         7
398       406         8         4
396       407        11         3
405       406         1         4
406       409         3         1
406       407         1         3
236       408       172         2
401       407         6         3
31       364       333        46
392       399         7        11
404       405         1         5
405       408         3         2
405       407         2         3
171       401       230         9
382       397        15        13
406       408         2         2
403       406         3         4
401       405         4         5
402       409         7         1
402       404         2         6
408       409         1         1
408       409         1         1
233       395       162        15
405       406         1         4
47       404       357         6
191       405       214         5
41       403       362         7
404       408         4         2
391       408        17         2
401       403         2         7
395       405        10         5
381       396        15        14
374       398        24        12
47       399       352        11
394       401         7         9
404       406         2         4
396       397         1        13
400       407         7         3
404       409         5         1
386       400        14        10
23       399       376        11
376       400        24        10
279       399       120        11
223       407       184         3
267       397       130        13
406       409         3         1
390       391         1        19
394       404        10         6
393       398         5        12
401       407         6         3
406       409         3         1
403       404         1         6
29       406       377         4
390       396         6        14
405       406         1         4
404       407         3         3
396       397         1        13
405       407         2         3
239       403       164         7
333       395        62        15
386       394         8        16
400       402         2         8
399       408         9         2
401       407         6         3
47       406       359         4
392       406        14         4
401       408         7         2
393       401         8         9
406       409         3         1
399       402         3         8
227       398       171        12
401       407         6         3
30       408       378         2
279       405       126         5
401       409         8         1
42       409       367         1
281       406       125         4
402       406         4         4
388       408        20         2
394       404        10         6
402       407         5         3
392       406        14         4
406       407         1         3
286       409       123         1
406       408         2         2
402       407         5         3
400       406         6         4
400       405         5         5
387       390         3        20
42       409       367         1
397       408        11         2
406       409         3         1
404       409         5         1
402       403         1         7
406       407         1         3
398       408        10         2
34       406       372         4
402       408         6         2
367       396        29        14
397       402         5         8
190       396       206        14
401       407         6         3
387       406        19         4
402       409         7         1
407       408         1         2
394       407        13         3
381       408        27         2
395       403         8         7
269       402       133         8
377       397        20        13
230       397       167        13
401       407         6         3
392       408        16         2
407       409         2         1
400       408         8         2
405       407         2         3
401       405         4         5
384       394        10        16
403       407         4         3
226       407       181         3
405       409         4         1
391       397         6        13
44       401       357         9
399       407         8         3
187       404       217         6
404       408         4         2
391       399         8        11
390       397         7        13
389       406        17         4
45       407       362         3
182       406       224         4
402       406         4         4
47       409       362         1
402       405         3         5
401       408         7         2
400       405         5         5
44       403       359         7
239       408       169         2
21       404       383         6
399       401         2         9
398       403         5         7
283       403       120         7
391       409        18         1
404       406         2         4
385       409        24         1
399       404         5         6
383       405        22         5
40       287       247       123
401       407         6         3
386       403        17         7
42       407       365         3
38       287       249       123
402       408         6         2
221       399       178        11
45       400       355        10
42       405       363         5
400       408         8         2
400       406         6         4
407       408         1         2
398       402         4         8
397       406         9         4
400       407         7         3
399       406         7         4
397       408        11         2
