340       344         4         4
340       344         4         4
340       347         7         1
321       330         9        18
339       343         4         5
202       338       136        10
338       344         6         4
166       346       180         2
345       347         2         1
287       306        19        42
322       340        18         8
343       347         4         1
338       339         1         9
323       339        16         9
336       343         7         5
329       344        15         4
333       346        13         2
340       347         7         1
331       339         8         9
320       344        24         4
346       347         1         1
340       344         4         4
30       334       304        14
327       345        18         3
328       334         6        14
341       345         4         3
334       337         3        11
229       341       112         7
29       338       309        10
340       346         6         2
327       345        18         3
341       343         2         5
333       345        12         3
335       336         1        12
340       346         6         2
341       344         3         4
340       346         6         2
202       339       137         9
342       344         2         4
333       343        10         5
330       347        17         1
168       344       176         4
334       347        13         1
327       337        10        11
339       344         5         4
320       325         5        23
336       342         6         6
333       344        11         4
341       344         3         4
165       344       179         4
326       337        11        11
331       343        12         5
164       346       182         2
32       343       311         5
326       335         9        13
332       343        11         5
199       334       135        14
322       337        15        11
338       345         7         3
328       347        19         1
292       322        30        26
343       345         2         3
324       331         7        17
339       341         2         7
30       343       313         5
335       344         9         4
28       330       302        18
319       345        26         3
329       339        10         9
224       341       117         7
338       340         2         8
340       345         5         3
23       339       316         9
331       337         6        11
342       346         4         2
312       347        35         1
338       345         7         3
26       341       315         7
346       347         1         1
203       345       142         3
333       334         1        14
343       347         4         1
344       346         2         2
311       342        31         6
31       342       311         6
326       347        21         1
203       346       143         2
330       338         8        10
345       346         1         2
331       343        12         5
166       336       170        12
345       347         2         1
324       343        19         5
30       346       316         2
344       347         3         1
335       337         2        11
343       344         1         4
336       345         9         3
331       343        12         5
345       347         2         1
338       344         6         4
338       344         6         4
169       338       169        10
338       340         2         8
340       344         4         4
196       347       151         1
329       346        17         2
339       340         1         8
337       347        10         1
235       331        96        17
339       341         2         7
321       341        20         7
175       323       148        25
342       347         5         1
338       341         3         7
33       337       304        11
343       347         4         1
313       332        19        16
33       346       313         2
336       340         4         8
341       342         1         6
339       341         2         7
327       341        14         7
327       341        14         7
343       344         1         4
339       340         1         8
326       346        20         2
332       347        15         1
338       345         7         3
33       341       308         7
342       343         1         5
344       346         2         2
322       347        25         1
342       345         3         3
339       341         2         7
317       346        29         2
311       340        29         8
326       333         7        15
342       345         3         3
324       342        18         6
335       343         8         5
346       347         1         1
342       346         4         2
337       345         8         3
20       347       327         1
334       343         9         5
332       336         4        12
30       340       310         8
335       338         3        10
342       347         5         1
331       339         8         9
315       332        17        16
234       347       113         1
182       338       156        10
327       335         8        13
341       345         4         3
236       347       111         1
340       345         5         3
346       347         1         1
234       328        94        20
339       342         3         6
341       343         2         5
341       346         5         2
335       338         3        10
202       328       126        20
331       336         5        12
341       343         2         5
325       337        12        11
310       329        19        19
325       338        13        10
202       335       133        13
335       344         9         4
339       347         8         1
21       346       325         2
318       334        16        14
327       332         5        16
341       344         3         4
32       340       308         8
228       342       114         6
333       342         9         6
344       345         1         3
332       338         6        10
332       343        11         5
342       347         5         1
29       346       317         2
32       344       312         4
318       345        27         3
344       346         2         2
33       330       297        18
26       345       319         3
342       347         5         1
328       346        18         2
331       347        16         1
337       343         6         5
337       339         2         9
320       343        23         5
235       347       112         1
336       340         4         8
342       346         4         2
31       297       266        51
31       340       309         8
32       331       299        17
345       346         1         2
345       347         2         1
165       335       170        13
203       340       137         8
334       346        12         2
337       340         3         8
341       342         1         6
29       345       316         3
329       344        15         4
20       343       323         5
195       335       140        13
198       347       149         1
329       337         8        11
235       346       111         2
16       344       328         4
342       345         3         3
29       339       310         9
345       346         1         2
338       344         6         4
340       344         4         4
339       340         1         8
345       347         2         1
333       345        12         3
326       341        15         7
337       342         5         6
334       340         6         8
228       345       117         3
167       337       170        11
337       346         9         2
343       345         2         3
342       345         3         3
324       345        21         3
317       340        23         8
32       346       314         2
320       324         4        24
236       339       103         9
342       346         4         2
203       342       139         6
330       336         6        12
27       346       319         2
329       333         4        15
339       345         6         3
335       344         9         4
340       347         7         1
318       328        10        20
334       335         1        13
315       347        32         1
169       345       176         3
319       324         5        24
335       345        10         3
334       345        11         3
340       347         7         1
333       347        14         1
340       341         1         7
191       347       156         1
337       339         2         9
329       338         9        10
325       337        12        11
338       343         5         5
332       342        10         6
325       335        10        13
193       345       152         3
340       347         7         1
234       336       102        12
196       322       126        26
233       341       108         7
338       339         1         9
324       342        18         6
344       346         2         2
336       341         5         7
165       330       165        18
338       342         4         6
332       345        13         3
341       342         1         6
344       347         3         1
337       341         4         7
337       338         1        10
346       347         1         1
167       345       178         3
25       346       321         2
328       337         9        11
332       335         3        13
301       339        38         9
335       345        10         3
326       343        17         5
313       342        29         6
341       345         4         3
338       343         5         5
341       343         2         5
342       343         1         5
330       346        16         2
18       346       328         2
338       347         9         1
327       339        12         9
165       339       174         9
335       347        12         1
236       333        97        15
342       344         2         4
344       346         2         2
330       346        16         2
344       347         3         1
166       346       180         2
341       346         5         2
331       339         8         9
331       336         5        12
340       341         1         7
337       347        10         1
198       345       147         3
230       335       105        13
33       345       312         3
307       341        34         7
202       347       145         1
345       346         1         2
28       340       312         8
328       342        14         6
321       335        14        13
342       343         1         5
341       347         6         1
316       325         9        23
14       347       333         1
327       332         5        16
343       344         1         4
342       347         5         1
345       347         2         1
337       342         5         6
305       326        21        22
338       347         9         1
326       328         2        20
345       346         1         2
233       342       109         6
338       347         9         1
339       346         7         2
342       343         1         5
289       344        55         4
331       337         6        11
28       341       313         7
330       341        11         7
341       343         2         5
330       344        14         4
340       347         7         1
320       346        26         2
199       345       146         3
343       346         3         2
340       342         2         6
236       336       100        12
340       341         1         7
328       341        13         7
153       347       194         1
229       337       108        11
342       347         5         1
326       336        10        12
326       337        11        11
306       341        35         7
343       345         2         3
338       346         8         2
235       342       107         6
339       342         3         6
201       344       143         4
345       347         2         1
335       342         7         6
338       340         2         8
343       346         3         2
198       343       145         5
340       342         2         6
231       322        91        26
341       346         5         2
332       347        15         1
28       345       317         3
336       345         9         3
307       346        39         2
329       336         7        12
337       342         5         6
337       340         3         8
237       338       101        10
343       347         4         1
343       347         4         1
33       344       311         4
328       347        19         1
338       344         6         4
33       347       314         1
327       332         5        16
168       200        32       148
324       332         8        16
344       347         3         1
30       344       314         4
345       347         2         1
203       330       127        18
340       341         1         7
333       338         5        10
324       344        20         4
31       340       309         8
304       345        41         3
336       344         8         4
12       341       329         7
312       320         8        28
342       344         2         4
310       314         4        34
336       338         2        10
339       344         5         4
338       347         9         1
328       332         4        16
31       344       313         4
331       340         9         8
320       340        20         8
333       334         1        14
341       347         6         1
336       343         7         5
326       339        13         9
223       346       123         2
341       346         5         2
343       345         2         3
19       167       148       181
297       345        48         3
337       347        10         1
321       325         4        23
330       333         3        15
337       339         2         9
339       341         2         7
236       347       111         1
327       346        19         2
342       343         1         5
317       335        18        13
338       344         6         4
331       333         2        15
329       340        11         8
342       346         4         2
327       334         7        14
236       338       102        10
344       345         1         3
337       345         8         3
329       340        11         8
345       347         2         1
338       346         8         2
32       345       313         3
336       340         4         8
332       339         7         9
341       343         2         5
341       347         6         1
203       347       144         1
340       342         2         6
28       341       313         7
342       343         1         5
333       341         8         7
322       323         1        25
27       341       314         7
342       347         5         1
327       336         9        12
338       345         7         3
321       334        13        14
346       347         1         1
333       334         1        14
337       341         4         7
320       326         6        22
332       340         8         8
331       346        15         2
334       346        12         2
335       339         4         9
341       346         5         2
340       347         7         1
342       346         4         2
12       327       315        21
327       340        13         8
346       347         1         1
10       335       325        13
307       336        29        12
335       345        10         3
326       341        15         7
337       341         4         7
341       343         2         5
334       342         8         6
330       347        17         1
197       345       148         3
342       347         5         1
340       346         6         2
323       336        13        12
340       343         3         5
165       339       174         9
345       346         1         2
331       344        13         4
197       325       128        23
29       330       301        18
328       338        10        10
327       341        14         7
344       346         2         2
344       346         2         2
224       346       122         2
337       343         6         5
342       344         2         4
166       342       176         6
203       341       138         7
345       347         2         1
344       347         3         1
160       343       183         5
23       341       318         7
320       331        11        17
331       343        12         5
307       346        39         2
328       339        11         9
338       344         6         4
330       347        17         1
341       342         1         6
343       345         2         3
339       347         8         1
25       330       305        18
330       345        15         3
329       342        13         6
344       347         3         1
333       343        10         5
340       344         4         4
331       339         8         9
344       346         2         2
321       334        13        14
153       331       178        17
22       344       322         4
337       346         9         2
327       337        10        11
169       343       174         5
24       334       310        14
334       344        10         4
30       347       317         1
335       346        11         2
329       346        17         2
344       347         3         1
25       344       319         4
29       339       310         9
33       328       295        20
236       339       103         9
29       347       318         1
29       322       293        26
331       336         5        12
326       331         5        17
331       338         7        10
344       345         1         3
342       343         1         5
345       346         1         2
323       343        20         5
317       346        29         2
341       347         6         1
330       341        11         7
343       347         4         1
229       344       115         4
334       343         9         5
324       345        21         3
194       337       143        11
30       343       313         5
342       347         5         1
290       328        38        20
31       345       314         3
203       345       142         3
337       339         2         9
32       346       314         2
164       321       157        27
332       343        11         5
339       343         4         5
335       337         2        11
345       346         1         2
323       325         2        23
232       343       111         5
346       347         1         1
319       333        14        15
27       345       318         3
345       346         1         2
340       347         7         1
330       341        11         7
326       341        15         7
339       345         6         3
338       344         6         4
344       345         1         3
313       319         6        29
336       338         2        10
332       343        11         5
200       337       137        11
333       335         2        13
344       347         3         1
333       347        14         1
163       341       178         7
29       330       301        18
32       347       315         1
20       347       327         1
322       336        14        12
338       345         7         3
24       344       320         4
27       329       302        19
28       347       319         1
341       347         6         1
345       347         2         1
344       345         1         3
341       347         6         1
342       343         1         5
315       347        32         1
342       343         1         5
201       347       146         1
230       345       115         3
235       332        97        16
326       342        16         6
343       345         2         3
339       346         7         2
341       342         1         6
202       346       144         2
335       337         2        11
196       326       130        22
338       345         7         3
230       323        93        25
321       337        16        11
168       323       155        25
342       343         1         5
332       341         9         7
327       347        20         1
231       322        91        26
332       344        12         4
341       343         2         5
332       346        14         2
337       341         4         7
327       347        20         1
331       338         7        10
32       326       294        22
160       337       177        11
333       345        12         3
336       346        10         2
324       341        17         7
331       345        14         3
278       339        61         9
329       332         3        16
197       347       150         1
335       344         9         4
200       347       147         1
26       343       317         5
332       341         9         7
339       342         3         6
336       346        10         2
237       328        91        20
330       345        15         3
33       345       312         3
152       333       181        15
205       341       136         7
320       323         3        25
334       346        12         2
344       345         1         3
339       340         1         8
219       337       118        11
324       334        10        14
335       336         1        12
331       345        14         3
29       201       172       147
333       346        13         2
27       345       318         3
324       347        23         1
337       339         2         9
345       346         1         2
337       344         7         4
338       347         9         1
29       341       312         7
234       345       111         3
335       338         3        10
20        30        10       318
203       343       140         5
333       337         4        11
332       345        13         3
297       346        49         2
325       339        14         9
342       347         5         1
233       342       109         6
345       347         2         1
337       341         4         7
343       346         3         2
338       339         1         9
338       343         5         5
340       344         4         4
324       347        23         1
334       337         3        11
198       335       137        13
191       342       151         6
340       341         1         7
319       320         1        28
22       347       325         1
30       343       313         5
345       346         1         2
339       346         7         2
342       343         1         5
335       342         7         6
329       341        12         7
167       335       168        13
30       335       305        13
320       325         5        23
163       347       184         1
236       334        98        14
157       331       174        17
339       347         8         1
337       338         1        10
322       345        23         3
342       346         4         2
162       339       177         9
19       340       321         8
334       338         4        10
330       334         4        14
340       344         4         4
328       344        16         4
317       326         9        22
342       347         5         1
315       346        31         2
203       346       143         2
336       338         2        10
341       343         2         5
344       347         3         1
345       347         2         1
31       337       306        11
200       344       144         4
33       346       313         2
329       339        10         9
328       347        19         1
233       343       110         5
330       341        11         7
193       342       149         6
315       340        25         8
336       337         1        11
21        32        11       316
346       347         1         1
332       333         1        15
335       343         8         5
341       345         4         3
6       339       333         9
339       342         3         6
345       346         1         2
321       330         9        18
228       333       105        15
333       335         2        13
338       346         8         2
346       347         1         1
324       344        20         4
343       345         2         3
234       339       105         9
335       339         4         9
316       323         7        25
344       345         1         3
21       202       181       146
169       343       174         5
316       339        23         9
320       339        19         9
330       344        14         4
333       341         8         7
328       335         7        13
346       347         1         1
336       344         8         4
326       336        10        12
324       347        23         1
304       332        28        16
344       347         3         1
340       343         3         5
312       339        27         9
31       343       312         5
341       343         2         5
313       338        25        10
32       347       315         1
327       328         1        20
330       340        10         8
326       334         8        14
326       339        13         9
234       340       106         8
326       343        17         5
32       343       311         5
231       344       113         4
333       338         5        10
328       346        18         2
33       324       291        24
334       337         3        11
330       335         5        13
332       336         4        12
320       324         4        24
333       341         8         7
334       336         2        12
25       347       322         1
344       345         1         3
333       346        13         2
328       339        11         9
339       345         6         3
297       346        49         2
342       346         4         2
340       347         7         1
341       343         2         5
201       335       134        13
26       334       308        14
202       332       130        16
321       331        10        17
169       347       178         1
331       334         3        14
346       347         1         1
201       330       129        18
337       347        10         1
25       346       321         2
330       333         3        15
339       344         5         4
336       346        10         2
325       343        18         5
344       347         3         1
337       338         1        10
341       344         3         4
340       346         6         2
322       333        11        15
333       335         2        13
345       347         2         1
343       346         3         2
343       345         2         3
332       338         6        10
331       341        10         7
33       345       312         3
327       332         5        16
333       342         9         6
324       346        22         2
335       344         9         4
198       343       145         5
332       337         5        11
342       344         2         4
339       347         8         1
328       339        11         9
30       346       316         2
344       345         1         3
325       337        12        11
331       337         6        11
338       339         1         9
291       337        46        11
340       347         7         1
340       342         2         6
234       337       103        11
323       341        18         7
336       343         7         5
337       342         5         6
340       341         1         7
336       339         3         9
198       338       140        10
343       344         1         4
327       330         3        18
331       347        16         1
220       330       110        18
30       340       310         8
201       224        23       124
331       345        14         3
341       342         1         6
344       346         2         2
30       326       296        22
328       345        17         3
32       322       290        26
336       344         8         4
335       343         8         5
346       347         1         1
344       346         2         2
335       339         4         9
32       326       294        22
203       347       144         1
319       326         7        22
337       344         7         4
166       347       181         1
324       325         1        23
330       345        15         3
316       341        25         7
320       331        11        17
311       321        10        27
198       347       149         1
343       344         1         4
318       328        10        20
327       337        10        11
199       325       126        23
342       346         4         2
338       347         9         1
194       342       148         6
332       343        11         5
197       342       145         6
342       347         5         1
335       340         5         8
330       346        16         2
167       342       175         6
234       327        93        21
333       342         9         6
340       345         5         3
331       342        11         6
320       328         8        20
338       342         4         6
337       344         7         4
340       347         7         1
344       346         2         2
162       342       180         6
158       335       177        13
337       338         1        10
329       333         4        15
328       338        10        10
333       343        10         5
344       346         2         2
345       347         2         1
340       343         3         5
192       344       152         4
164       346       182         2
337       345         8         3
341       343         2         5
336       342         6         6
328       344        16         4
235       345       110         3
322       337        15        11
337       346         9         2
344       347         3         1
326       347        21         1
339       344         5         4
342       343         1         5
341       342         1         6
336       347        11         1
311       345        34         3
340       345         5         3
310       347        37         1
296       344        48         4
336       337         1        11
332       338         6        10
30       236       206       112
320       343        23         5
340       345         5         3
335       341         6         7
336       344         8         4
340       344         4         4
332       335         3        13
27       336       309        12
324       344        20         4
341       346         5         2
31       343       312         5
320       334        14        14
309       345        36         3
230       332       102        16
329       345        16         3
17       347       330         1
338       339         1         9
342       346         4         2
217       345       128         3
33       347       314         1
343       346         3         2
328       347        19         1
321       341        20         7
343       345         2         3
329       340        11         8
346       347         1         1
343       347         4         1
163       346       183         2
322       341        19         7
334       346        12         2
340       341         1         7
340       346         6         2
29       333       304        15
345       346         1         2
322       344        22         4
328       333         5        15
342       347         5         1
306       338        32        10
343       345         2         3
339       343         4         5
343       346         3         2
325       334         9        14
332       337         5        11
329       346        17         2
343       345         2         3
237       346       109         2
316       344        28         4
234       332        98        16
346       347         1         1
321       345        24         3
15       230       215       118
345       347         2         1
342       344         2         4
333       334         1        14
316       339        23         9
334       337         3        11
212       345       133         3
200       345       145         3
330       337         7        11
328       329         1        19
342       343         1         5
329       347        18         1
335       343         8         5
33       346       313         2
342       344         2         4
30       331       301        17
342       345         3         3
327       334         7        14
339       341         2         7
342       346         4         2
339       347         8         1
340       343         3         5
169       335       166        13
325       347        22         1
23       327       304        21
345       347         2         1
25       344       319         4
24       345       321         3
318       335        17        13
339       345         6         3
340       344         4         4
339       340         1         8
317       324         7        24
330       338         8        10
346       347         1         1
329       337         8        11
325       339        14         9
318       330        12        18
327       343        16         5
