105       213       108        10
218       222         4         1
218       222         4         1
218       222         4         1
117       222       105         1
211       220         9         3
213       217         4         6
187       221        34         2
217       220         3         3
217       220         3         3
205       220        15         3
214       222         8         1
119       213        94        10
198       212        14        11
214       217         3         6
208       221        13         2
206       218        12         5
210       217         7         6
214       220         6         3
215       218         3         5
217       219         2         4
219       220         1         3
202       220        18         3
210       211         1        12
208       215         7         8
216       221         5         2
217       222         5         1
218       222         4         1
212       221         9         2
211       221        10         2
17       221       204         2
221       222         1         1
207       209         2        14
202       218        16         5
213       222         9         1
105       217       112         6
119       212        93        11
214       221         7         2
211       219         8         4
218       220         2         3
214       219         5         4
205       211         6        12
220       222         2         1
209       221        12         2
214       215         1         8
21       207       186        16
215       220         5         3
212       221         9         2
141       221        80         2
217       220         3         3
210       218         8         5
221       222         1         1
210       215         5         8
209       214         5         9
220       221         1         2
217       222         5         1
134       222        88         1
209       222        13         1
213       214         1         9
213       214         1         9
207       216         9         7
214       222         8         1
213       214         1         9
216       222         6         1
20       213       193        10
215       217         2         6
133       220        87         3
200       215        15         8
22       222       200         1
141       208        67        15
213       222         9         1
214       215         1         8
119       222       103         1
117       221       104         2
138       217        79         6
219       220         1         3
211       221        10         2
208       222        14         1
211       215         4         8
20       217       197         6
215       222         7         1
206       222        16         1
220       222         2         1
215       220         5         3
217       222         5         1
213       220         7         3
140       219        79         4
215       222         7         1
214       217         3         6
218       219         1         4
209       217         8         6
209       218         9         5
216       218         2         5
218       220         2         3
215       219         4         4
217       220         3         3
116       220       104         3
206       216        10         7
211       216         5         7
219       221         2         2
212       219         7         4
211       220         9         3
215       222         7         1
199       216        17         7
210       220        10         3
221       222         1         1
214       219         5         4
215       217         2         6
207       215         8         8
219       222         3         1
212       215         3         8
215       217         2         6
138       202        64        21
13       222       209         1
215       219         4         4
218       220         2         3
219       222         3         1
200       222        22         1
216       221         5         2
205       220        15         3
23       119        96       104
214       219         5         4
202       217        15         6
210       220        10         3
199       218        19         5
137       221        84         2
216       221         5         2
213       219         6         4
208       218        10         5
217       221         4         2
18       220       202         3
210       213         3        10
214       221         7         2
218       222         4         1
213       222         9         1
201       221        20         2
213       219         6         4
219       221         2         2
118       222       104         1
117       215        98         8
211       218         7         5
11       222       211         1
213       222         9         1
117       212        95        11
219       221         2         2
215       220         5         3
219       222         3         1
214       218         4         5
197       220        23         3
218       220         2         3
212       218         6         5
213       220         7         3
211       218         7         5
140       220        80         3
207       217        10         6
23       222       199         1
217       219         2         4
204       222        18         1
216       218         2         5
20       212       192        11
207       216         9         7
213       221         8         2
215       217         2         6
210       222        12         1
23       219       196         4
214       222         8         1
23       222       199         1
143       214        71         9
198       222        24         1
208       221        13         2
15       219       204         4
200       217        17         6
209       212         3        11
221       222         1         1
220       222         2         1
193       216        23         7
218       219         1         4
3       218       215         5
220       221         1         2
17       218       201         5
214       221         7         2
213       221         8         2
200       221        21         2
215       219         4         4
204       219        15         4
219       221         2         2
213       221         8         2
207       219        12         4
217       220         3         3
199       218        19         5
115       221       106         2
207       212         5        11
218       221         3         2
112       222       110         1
213       214         1         9
215       216         1         7
217       219         2         4
218       222         4         1
221       222         1         1
210       221        11         2
212       222        10         1
23       222       199         1
16       218       202         5
216       220         4         3
215       222         7         1
220       221         1         2
207       221        14         2
126       222        96         1
214       216         2         7
207       210         3        13
202       219        17         4
143       202        59        21
217       218         1         5
200       222        22         1
201       220        19         3
217       222         5         1
214       216         2         7
208       216         8         7
4       218       214         5
219       220         1         3
214       219         5         4
206       220        14         3
209       219        10         4
216       218         2         5
211       216         5         7
217       221         4         2
210       216         6         7
209       219        10         4
207       220        13         3
219       220         1         3
211       214         3         9
213       215         2         8
204       214        10         9
220       221         1         2
213       222         9         1
205       216        11         7
211       214         3         9
140       219        79         4
143       219        76         4
213       215         2         8
205       210         5        13
17       214       197         9
203       208         5        15
219       221         2         2
218       222         4         1
217       219         2         4
215       217         2         6
216       218         2         5
221       222         1         1
208       213         5        10
219       221         2         2
202       221        19         2
221       222         1         1
221       222         1         1
20       222       202         1
212       219         7         4
219       220         1         3
218       220         2         3
216       219         3         4
196       219        23         4
21       220       199         3
109       208        99        15
213       222         9         1
214       218         4         5
210       217         7         6
204       222        18         1
213       216         3         7
220       222         2         1
200       220        20         3
220       222         2         1
23       212       189        11
221       222         1         1
221       222         1         1
221       222         1         1
217       222         5         1
219       222         3         1
208       217         9         6
218       222         4         1
214       217         3         6
22       209       187        14
216       217         1         6
219       221         2         2
214       216         2         7
220       222         2         1
216       220         4         3
219       221         2         2
217       218         1         5
23       221       198         2
23       221       198         2
219       222         3         1
116       212        96        11
140       220        80         3
212       214         2         9
220       221         1         2
11       216       205         7
220       221         1         2
203       213        10        10
195       219        24         4
221       222         1         1
213       220         7         3
209       210         1        13
204       206         2        17
214       220         6         3
220       222         2         1
219       220         1         3
215       216         1         7
193       207        14        16
201       216        15         7
107       192        85        31
216       217         1         6
210       218         8         5
209       222        13         1
214       216         2         7
205       221        16         2
205       215        10         8
214       218         4         5
191       222        31         1
143       215        72         8
211       220         9         3
210       214         4         9
22       222       200         1
197       211        14        12
201       222        21         1
207       211         4        12
199       201         2        22
217       219         2         4
219       222         3         1
214       216         2         7
139       208        69        15
212       215         3         8
15       220       205         3
22       222       200         1
219       221         2         2
209       217         8         6
216       219         3         4
21       220       199         3
20       222       202         1
216       222         6         1
215       219         4         4
216       219         3         4
23       219       196         4
116       220       104         3
221       222         1         1
219       221         2         2
217       220         3         3
141       218        77         5
203       220        17         3
220       222         2         1
218       220         2         3
204       220        16         3
201       219        18         4
200       220        20         3
213       221         8         2
213       221         8         2
204       219        15         4
220       221         1         2
133       218        85         5
213       215         2         8
18       219       201         4
207       216         9         7
221       222         1         1
218       220         2         3
214       220         6         3
221       222         1         1
217       219         2         4
206       222        16         1
216       220         4         3
215       217         2         6
205       219        14         4
212       221         9         2
211       213         2        10
215       222         7         1
215       219         4         4
214       222         8         1
213       218         5         5
215       220         5         3
20       221       201         2
23       215       192         8
214       215         1         8
217       221         4         2
220       221         1         2
209       220        11         3
219       222         3         1
210       219         9         4
23       219       196         4
109       218       109         5
210       222        12         1
218       222         4         1
13       219       206         4
211       213         2        10
214       218         4         5
221       222         1         1
216       222         6         1
221       222         1         1
212       221         9         2
200       222        22         1
214       217         3         6
115       214        99         9
219       220         1         3
216       217         1         6
211       215         4         8
201       216        15         7
215       221         6         2
209       218         9         5
23       204       181        19
216       217         1         6
217       222         5         1
210       216         6         7
179       222        43         1
218       221         3         2
137       214        77         9
142       219        77         4
216       218         2         5
20       212       192        11
217       218         1         5
221       222         1         1
214       220         6         3
136       210        74        13
209       218         9         5
212       214         2         9
219       220         1         3
115       220       105         3
219       220         1         3
209       222        13         1
207       218        11         5
22       210       188        13
215       217         2         6
119       207        88        16
219       221         2         2
23       221       198         2
205       222        17         1
207       209         2        14
205       217        12         6
212       220         8         3
214       218         4         5
221       222         1         1
199       216        17         7
220       221         1         2
213       220         7         3
220       222         2         1
23       219       196         4
220       221         1         2
129       211        82        12
214       216         2         7
117       222       105         1
216       218         2         5
217       218         1         5
219       221         2         2
212       222        10         1
218       220         2         3
221       222         1         1
216       218         2         5
211       217         6         6
130       215        85         8
141       216        75         7
208       221        13         2
211       214         3         9
109       221       112         2
20       141       121        82
217       218         1         5
214       215         1         8
115       220       105         3
197       209        12        14
219       222         3         1
216       222         6         1
216       222         6         1
217       222         5         1
221       222         1         1
209       221        12         2
216       219         3         4
219       222         3         1
116       216       100         7
202       213        11        10
218       221         3         2
215       221         6         2
212       221         9         2
219       222         3         1
213       214         1         9
213       221         8         2
197       219        22         4
18       220       202         3
140       222        82         1
215       222         7         1
215       218         3         5
218       221         3         2
215       220         5         3
217       222         5         1
142       217        75         6
216       220         4         3
221       222         1         1
210       219         9         4
118       215        97         8
193       220        27         3
112       222       110         1
204       217        13         6
217       221         4         2
214       220         6         3
205       220        15         3
20       214       194         9
207       221        14         2
221       222         1         1
135       217        82         6
215       218         3         5
217       220         3         3
215       221         6         2
218       222         4         1
119       222       103         1
213       221         8         2
21       222       201         1
216       220         4         3
210       212         2        11
198       222        24         1
214       222         8         1
115       212        97        11
212       216         4         7
207       221        14         2
216       221         5         2
136       221        85         2
213       222         9         1
218       222         4         1
217       220         3         3
208       210         2        13
206       221        15         2
221       222         1         1
220       221         1         2
213       219         6         4
213       221         8         2
217       222         5         1
119       143        24        80
217       220         3         3
219       220         1         3
192       217        25         6
215       216         1         7
216       217         1         6
216       217         1         6
211       219         8         4
210       222        12         1
220       222         2         1
220       221         1         2
202       222        20         1
207       213         6        10
208       214         6         9
13       220       207         3
21       220       199         3
18       213       195        10
195       221        26         2
212       222        10         1
211       220         9         3
211       220         9         3
215       222         7         1
206       216        10         7
215       219         4         4
12       222       210         1
141       212        71        11
205       221        16         2
218       219         1         4
108       215       107         8
20       221       201         2
218       221         3         2
212       220         8         3
220       222         2         1
214       216         2         7
214       221         7         2
219       222         3         1
220       222         2         1
217       219         2         4
139       222        83         1
218       221         3         2
218       219         1         4
199       208         9        15
221       222         1         1
218       220         2         3
214       222         8         1
216       220         4         3
216       221         5         2
119       222       103         1
204       217        13         6
217       219         2         4
210       220        10         3
215       217         2         6
217       221         4         2
213       218         5         5
211       218         7         5
213       218         5         5
205       213         8        10
212       221         9         2
213       220         7         3
221       222         1         1
220       222         2         1
207       222        15         1
214       221         7         2
204       222        18         1
214       218         4         5
212       222        10         1
204       222        18         1
23       217       194         6
205       218        13         5
217       221         4         2
217       220         3         3
204       221        17         2
214       221         7         2
211       212         1        11
215       217         2         6
23       202       179        21
116       221       105         2
216       222         6         1
213       222         9         1
23       216       193         7
22       222       200         1
207       218        11         5
199       221        22         2
213       220         7         3
209       217         8         6
217       222         5         1
209       215         6         8
221       222         1         1
22       219       197         4
139       221        82         2
218       221         3         2
211       220         9         3
18       206       188        17
218       222         4         1
204       213         9        10
22       221       199         2
218       220         2         3
193       215        22         8
218       220         2         3
213       219         6         4
213       221         8         2
211       222        11         1
208       216         8         7
211       215         4         8
219       222         3         1
215       220         5         3
200       217        17         6
219       220         1         3
185       210        25        13
214       221         7         2
211       217         6         6
214       222         8         1
215       220         5         3
214       217         3         6
214       217         3         6
211       213         2        10
117       212        95        11
214       220         6         3
218       220         2         3
220       221         1         2
220       222         2         1
216       218         2         5
213       219         6         4
208       218        10         5
212       217         5         6
22       214       192         9
3       222       219         1
212       221         9         2
219       220         1         3
210       217         7         6
212       219         7         4
19       218       199         5
187       202        15        21
215       222         7         1
220       221         1         2
219       220         1         3
218       219         1         4
221       222         1         1
215       218         3         5
23       222       199         1
218       219         1         4
23       216       193         7
212       222        10         1
219       220         1         3
210       215         5         8
204       217        13         6
208       220        12         3
221       222         1         1
218       219         1         4
201       209         8        14
18       213       195        10
195       205        10        18
218       222         4         1
206       222        16         1
216       219         3         4
111       209        98        14
209       218         9         5
113       214       101         9
217       222         5         1
199       219        20         4
117       222       105         1
215       217         2         6
211       221        10         2
212       220         8         3
215       219         4         4
214       222         8         1
217       218         1         5
215       217         2         6
214       215         1         8
217       221         4         2
215       221         6         2
204       221        17         2
216       218         2         5
212       218         6         5
215       217         2         6
211       221        10         2
218       221         3         2
214       216         2         7
115       221       106         2
219       220         1         3
216       222         6         1
220       222         2         1
212       214         2         9
214       218         4         5
205       206         1        17
221       222         1         1
198       217        19         6
208       221        13         2
208       214         6         9
220       221         1         2
119       216        97         7
204       217        13         6
213       222         9         1
218       221         3         2
208       217         9         6
18       216       198         7
218       220         2         3
210       212         2        11
109       220       111         3
214       218         4         5
9       222       213         1
195       217        22         6
213       222         9         1
16       205       189        18
206       222        16         1
214       221         7         2
219       222         3         1
212       215         3         8
218       221         3         2
218       221         3         2
218       221         3         2
210       212         2        11
213       221         8         2
211       214         3         9
212       222        10         1
195       220        25         3
216       222         6         1
217       220         3         3
143       220        77         3
16       220       204         3
214       222         8         1
213       220         7         3
212       215         3         8
218       219         1         4
216       222         6         1
214       220         6         3
213       222         9         1
112       219       107         4
214       219         5         4
218       219         1         4
109       214       105         9
218       222         4         1
213       220         7         3
218       220         2         3
112       221       109         2
213       222         9         1
218       221         3         2
219       222         3         1
213       217         4         6
212       219         7         4
212       222        10         1
221       222         1         1
221       222         1         1
219       220         1         3
215       216         1         7
206       213         7        10
210       221        11         2
205       221        16         2
213       220         7         3
216       222         6         1
218       219         1         4
218       221         3         2
206       221        15         2
211       221        10         2
216       217         1         6
217       220         3         3
112       220       108         3
218       219         1         4
210       217         7         6
206       221        15         2
215       218         3         5
217       222         5         1
216       221         5         2
215       222         7         1
205       213         8        10
217       221         4         2
217       220         3         3
215       219         4         4
204       214        10         9
216       219         3         4
201       205         4        18
210       217         7         6
218       221         3         2
23       216       193         7
106       218       112         5
209       215         6         8
218       222         4         1
219       220         1         3
218       220         2         3
202       221        19         2
112       142        30        81
131       206        75        17
208       222        14         1
221       222         1         1
217       221         4         2
17       219       202         4
221       222         1         1
215       217         2         6
216       221         5         2
210       219         9         4
220       222         2         1
209       215         6         8
215       218         3         5
212       214         2         9
217       220         3         3
218       222         4         1
203       209         6        14
219       220         1         3
200       219        19         4
209       220        11         3
213       216         3         7
218       221         3         2
215       221         6         2
215       222         7         1
219       220         1         3
217       218         1         5
214       215         1         8
203       218        15         5
214       218         4         5
214       215         1         8
214       218         4         5
212       214         2         9
217       222         5         1
19       222       203         1
220       221         1         2
221       222         1         1
221       222         1         1
208       219        11         4
211       218         7         5
213       217         4         6
22       195       173        28
210       216         6         7
206       219        13         4
217       222         5         1
210       221        11         2
210       218         8         5
141       220        79         3
213       222         9         1
13       210       197        13
213       217         4         6
221       222         1         1
216       220         4         3
217       220         3         3
211       215         4         8
212       221         9         2
206       222        16         1
118       216        98         7
218       219         1         4
205       207         2        16
213       219         6         4
218       222         4         1
220       221         1         2
11       219       208         4
198       221        23         2
220       221         1         2
138       209        71        14
219       222         3         1
215       219         4         4
215       221         6         2
108       221       113         2
217       222         5         1
216       217         1         6
209       214         5         9
215       218         3         5
140       213        73        10
23       213       190        10
209       214         5         9
215       218         3         5
216       222         6         1
208       222        14         1
220       222         2         1
217       219         2         4
195       219        24         4
210       221        11         2
215       217         2         6
219       221         2         2
217       222         5         1
219       221         2         2
207       222        15         1
10        22        12       201
216       217         1         6
212       215         3         8
21       221       200         2
212       217         5         6
205       212         7        11
187       216        29         7
206       219        13         4
220       222         2         1
213       221         8         2
216       218         2         5
12       214       202         9
215       221         6         2
119       222       103         1
208       211         3        12
221       222         1         1
219       222         3         1
213       217         4         6
208       218        10         5
213       214         1         9
195       212        17        11
216       219         3         4
201       221        20         2
205       221        16         2
208       214         6         9
220       221         1         2
198       208        10        15
205       221        16         2
218       222         4         1
10       221       211         2
217       219         2         4
215       220         5         3
23       217       194         6
209       221        12         2
22       221       199         2
216       219         3         4
216       220         4         3
213       222         9         1
213       219         6         4
19       221       202         2
218       221         3         2
221       222         1         1
209       219        10         4
218       219         1         4
217       220         3         3
207       217        10         6
218       222         4         1
214       218         4         5
202       214        12         9
215       217         2         6
186       222        36         1
216       219         3         4
210       218         8         5
118       219       101         4
199       216        17         7
213       219         6         4
215       216         1         7
139       219        80         4
208       222        14         1
203       205         2        18
203       219        16         4
209       220        11         3
208       220        12         3
219       220         1         3
202       208         6        15
215       218         3         5
214       220         6         3
211       216         5         7
206       221        15         2
217       222         5         1
217       222         5         1
206       222        16         1
202       221        19         2
220       222         2         1
21       208       187        15
218       221         3         2
198       210        12        13
213       220         7         3
202       213        11        10
219       222         3         1
17       213       196        10
217       221         4         2
217       218         1         5
210       219         9         4
218       219         1         4
189       220        31         3
209       218         9         5
217       221         4         2
216       222         6         1
211       222        11         1
216       222         6         1
220       222         2         1
119       220       101         3
9       216       207         7
206       214         8         9
17       216       199         7
212       221         9         2
21       207       186        16
214       219         5         4
189       205        16        18
215       217         2         6
215       218         3         5
216       219         3         4
