282       287         5         3
282       286         4         4
288       289         1         1
277       288        11         2
272       282        10         8
15       257       242        33
280       286         6         4
285       286         1         4
272       276         4        14
273       286        13         4
286       289         3         1
13       264       251        26
272       282        10         8
283       285         2         5
270       278         8        12
19       244       225        46
253       289        36         1
271       286        15         4
255       262         7        28
274       281         7         9
276       279         3        11
10       281       271         9
276       283         7         7
286       288         2         2
281       283         2         7
283       288         5         2
273       279         6        11
258       284        26         6
274       284        10         6
269       289        20         1
272       286        14         4
270       285        15         5
287       288         1         2
272       282        10         8
262       287        25         3
283       287         4         3
285       287         2         3
286       289         3         1
279       282         3         8
262       284        22         6
265       280        15        10
272       276         4        14
253       265        12        25
281       287         6         3
7       284       277         6
282       285         3         5
282       283         1         7
278       280         2        10
252       262        10        28
284       286         2         4
271       288        17         2
261       267         6        23
257       274        17        16
268       274         6        16
10       256       246        34
11       288       277         2
277       288        11         2
276       285         9         5
261       269         8        21
282       287         5         3
288       289         1         1
283       287         4         3
262       285        23         5
280       283         3         7
274       288        14         2
285       288         3         2
271       283        12         7
278       283         5         7
282       288         6         2
281       286         5         4
277       287        10         3
277       288        11         2
281       289         8         1
11       286       275         4
15       265       250        25
13       287       274         3
270       287        17         3
288       289         1         1
283       289         6         1
261       286        25         4
271       272         1        18
12       289       277         1
276       278         2        12
15       284       269         6
272       277         5        13
273       277         4        13
281       282         1         8
279       289        10         1
286       288         2         2
284       289         5         1
286       289         3         1
266       277        11        13
254       265        11        25
16       284       268         6
279       289        10         1
266       269         3        21
270       277         7        13
280       289         9         1
287       289         2         1
19       279       260        11
251       274        23        16
262       287        25         3
267       271         4        19
274       286        12         4
273       278         5        12
266       280        14        10
280       283         3         7
267       289        22         1
282       288         6         2
280       284         4         6
271       276         5        14
275       285        10         5
282       283         1         7
13       289       276         1
286       287         1         3
250       274        24        16
3       289       286         1
266       282        16         8
275       287        12         3
17       278       261        12
261       273        12        17
272       287        15         3
285       288         3         2
287       288         1         2
278       281         3         9
276       277         1        13
285       287         2         3
274       286        12         4
284       285         1         5
6       288       282         2
274       278         4        12
267       289        22         1
282       288         6         2
266       289        23         1
256       283        27         7
280       287         7         3
285       286         1         4
287       288         1         2
271       281        10         9
12       269       257        21
280       287         7         3
258       270        12        20
274       285        11         5
279       288         9         2
282       289         7         1
280       289         9         1
277       278         1        12
273       288        15         2
280       281         1         9
18       259       241        31
278       280         2        10
273       274         1        16
259       288        29         2
272       281         9         9
271       274         3        16
242       248         6        42
286       288         2         2
254       289        35         1
269       285        16         5
281       283         2         7
9       274       265        16
285       287         2         3
286       288         2         2
270       272         2        18
277       283         6         7
284       287         3         3
284       288         4         2
276       285         9         5
282       284         2         6
284       289         5         1
17       289       272         1
18       281       263         9
4       275       271        15
275       285        10         5
279       289        10         1
15       282       267         8
275       281         6         9
263       282        19         8
283       286         3         4
263       287        24         3
275       284         9         6
277       282         5         8
247       274        27        16
283       289         6         1
277       283         6         7
262       278        16        12
281       283         2         7
265       269         4        21
267       287        20         3
260       261         1        29
259       281        22         9
276       283         7         7
268       284        16         6
266       279        13        11
275       276         1        14
276       286        10         4
276       282         6         8
277       289        12         1
267       283        16         7
279       286         7         4
286       289         3         1
285       288         3         2
267       276         9        14
253       277        24        13
283       289         6         1
275       286        11         4
16       288       272         2
283       288         5         2
265       287        22         3
283       285         2         5
287       289         2         1
5       272       267        18
249       289        40         1
257       263         6        27
283       289         6         1
261       280        19        10
18       289       271         1
13       266       253        24
273       289        16         1
284       287         3         3
234       288        54         2
277       289        12         1
275       276         1        14
252       269        17        21
277       285         8         5
287       289         2         1
285       286         1         4
264       288        24         2
286       288         2         2
13       288       275         2
279       288         9         2
261       279        18        11
260       280        20        10
283       288         5         2
279       288         9         2
270       283        13         7
284       285         1         5
270       285        15         5
284       287         3         3
278       284         6         6
272       276         4        14
277       279         2        11
265       273         8        17
262       278        16        12
271       288        17         2
284       286         2         4
250       258         8        32
15       280       265        10
263       269         6        21
264       286        22         4
262       279        17        11
260       274        14        16
277       281         4         9
266       277        11        13
283       285         2         5
256       267        11        23
262       278        16        12
279       287         8         3
12       285       273         5
272       288        16         2
278       289        11         1
267       276         9        14
252       284        32         6
264       286        22         4
285       286         1         4
271       288        17         2
260       278        18        12
281       287         6         3
272       277         5        13
277       288        11         2
248       289        41         1
281       284         3         6
274       279         5        11
19       284       265         6
280       284         4         6
282       286         4         4
246       265        19        25
266       280        14        10
273       284        11         6
278       287         9         3
282       289         7         1
273       286        13         4
277       288        11         2
276       283         7         7
275       285        10         5
2       257       255        33
284       285         1         5
271       284        13         6
284       289         5         1
277       289        12         1
273       284        11         6
262       264         2        26
279       287         8         3
278       288        10         2
278       279         1        11
279       287         8         3
273       277         4        13
278       283         5         7
283       287         4         3
254       286        32         4
258       259         1        31
287       289         2         1
266       284        18         6
286       288         2         2
250       283        33         7
255       288        33         2
280       288         8         2
262       284        22         6
10       289       279         1
282       284         2         6
266       284        18         6
256       276        20        14
273       286        13         4
268       278        10        12
268       281        13         9
274       282         8         8
286       289         3         1
273       282         9         8
265       267         2        23
247       280        33        10
273       274         1        16
268       280        12        10
12       263       251        27
257       272        15        18
252       282        30         8
276       289        13         1
248       267        19        23
1       252       251        38
11       282       271         8
282       287         5         3
285       289         4         1
272       278         6        12
274       277         3        13
270       283        13         7
265       269         4        21
261       278        17        12
284       286         2         4
265       284        19         6
270       274         4        16
278       285         7         5
250       280        30        10
271       289        18         1
275       280         5        10
273       284        11         6
284       287         3         3
256       257         1        33
281       288         7         2
242       266        24        24
280       289         9         1
283       284         1         6
288       289         1         1
242       269        27        21
266       272         6        18
281       288         7         2
18       282       264         8
284       287         3         3
277       278         1        12
283       289         6         1
284       285         1         5
251       263        12        27
16       274       258        16
282       287         5         3
5       287       282         3
288       289         1         1
261       274        13        16
268       272         4        18
284       289         5         1
277       287        10         3
260       261         1        29
12       287       275         3
263       278        15        12
236       265        29        25
285       288         3         2
275       280         5        10
270       271         1        19
272       286        14         4
278       282         4         8
275       288        13         2
279       289        10         1
274       287        13         3
273       283        10         7
278       289        11         1
239       272        33        18
4       285       281         5
275       284         9         6
16       283       267         7
259       283        24         7
12       285       273         5
18       289       271         1
281       286         5         4
267       276         9        14
268       281        13         9
287       289         2         1
268       279        11        11
282       289         7         1
264       277        13        13
283       284         1         6
15       286       271         4
272       282        10         8
10       271       261        19
286       288         2         2
19       279       260        11
285       289         4         1
18       286       268         4
272       284        12         6
288       289         1         1
279       284         5         6
276       283         7         7
282       284         2         6
263       275        12        15
276       283         7         7
267       282        15         8
283       285         2         5
261       282        21         8
249       281        32         9
280       286         6         4
219       263        44        27
17       286       269         4
278       289        11         1
13       279       266        11
268       272         4        18
282       283         1         7
18       287       269         3
248       288        40         2
250       288        38         2
261       266         5        24
15       272       257        18
258       265         7        25
282       289         7         1
276       287        11         3
285       288         3         2
279       284         5         6
281       289         8         1
272       288        16         2
269       271         2        19
260       283        23         7
274       288        14         2
283       287         4         3
271       277         6        13
16       284       268         6
259       272        13        18
261       288        27         2
284       288         4         2
283       289         6         1
278       288        10         2
8       282       274         8
276       279         3        11
284       288         4         2
263       287        24         3
266       269         3        21
273       289        16         1
281       284         3         6
256       288        32         2
274       289        15         1
241       251        10        39
262       289        27         1
282       288         6         2
279       284         5         6
268       274         6        16
252       270        18        20
245       252         7        38
285       289         4         1
283       287         4         3
277       289        12         1
278       287         9         3
16       286       270         4
13       289       276         1
254       275        21        15
284       288         4         2
278       288        10         2
228       265        37        25
281       288         7         2
274       277         3        13
275       278         3        12
275       283         8         7
266       277        11        13
268       272         4        18
250       287        37         3
195       248        53        42
279       289        10         1
284       289         5         1
18       271       253        19
281       283         2         7
12       286       274         4
269       273         4        17
255       268        13        22
19       238       219        52
284       285         1         5
278       283         5         7
286       289         3         1
286       289         3         1
284       285         1         5
256       272        16        18
7       285       278         5
260       281        21         9
6       288       282         2
271       289        18         1
15       289       274         1
19       288       269         2
275       282         7         8
280       286         6         4
276       280         4        10
259       286        27         4
273       289        16         1
273       282         9         8
283       289         6         1
270       289        19         1
268       273         5        17
268       279        11        11
285       287         2         3
285       289         4         1
283       287         4         3
282       287         5         3
282       288         6         2
257       283        26         7
10       237       227        53
253       287        34         3
283       284         1         6
219       237        18        53
273       282         9         8
282       285         3         5
263       283        20         7
255       282        27         8
268       273         5        17
237       281        44         9
6       289       283         1
288       289         1         1
278       281         3         9
274       282         8         8
16       278       262        12
281       287         6         3
18       279       261        11
268       269         1        21
276       287        11         3
275       277         2        13
286       289         3         1
286       287         1         3
273       283        10         7
270       278         8        12
269       282        13         8
282       285         3         5
280       286         6         4
274       286        12         4
256       267        11        23
273       285        12         5
268       278        10        12
5       260       255        30
281       284         3         6
284       287         3         3
269       283        14         7
13       289       276         1
285       289         4         1
286       288         2         2
5       284       279         6
271       289        18         1
14       288       274         2
242       258        16        32
270       271         1        19
247       280        33        10
271       285        14         5
253       287        34         3
262       267         5        23
265       269         4        21
18       287       269         3
267       284        17         6
274       285        11         5
241       289        48         1
229       289        60         1
10       286       276         4
266       272         6        18
277       288        11         2
264       267         3        23
271       284        13         6
283       289         6         1
268       289        21         1
271       272         1        18
2       264       262        26
274       288        14         2
285       288         3         2
259       263         4        27
18       269       251        21
269       276         7        14
280       281         1         9
259       283        24         7
280       282         2         8
266       277        11        13
266       286        20         4
278       283         5         7
270       282        12         8
244       268        24        22
273       285        12         5
273       282         9         8
282       287         5         3
280       282         2         8
278       289        11         1
288       289         1         1
286       289         3         1
274       277         3        13
286       288         2         2
16       289       273         1
275       284         9         6
273       274         1        16
212       246        34        44
282       287         5         3
275       283         8         7
6        13         7       277
18       288       270         2
267       284        17         6
254       264        10        26
264       279        15        11
236       272        36        18
284       288         4         2
250       288        38         2
283       284         1         6
5       270       265        20
278       286         8         4
232       262        30        28
280       284         4         6
11       274       263        16
264       288        24         2
278       284         6         6
19       273       254        17
275       289        14         1
279       285         6         5
285       286         1         4
264       287        23         3
267       289        22         1
285       286         1         4
273       283        10         7
269       279        10        11
288       289         1         1
280       288         8         2
275       278         3        12
280       289         9         1
281       284         3         6
18       283       265         7
15       288       273         2
275       287        12         3
282       283         1         7
248       284        36         6
259       276        17        14
274       286        12         4
283       287         4         3
13       284       271         6
278       289        11         1
269       278         9        12
264       281        17         9
283       284         1         6
287       289         2         1
281       288         7         2
284       287         3         3
18       286       268         4
269       289        20         1
10       254       244        36
284       287         3         3
258       289        31         1
286       288         2         2
276       277         1        13
19       273       254        17
277       282         5         8
274       275         1        15
282       289         7         1
276       284         8         6
267       285        18         5
278       288        10         2
14       282       268         8
271       277         6        13
269       272         3        18
280       288         8         2
283       287         4         3
277       283         6         7
278       286         8         4
286       287         1         3
282       285         3         5
280       288         8         2
274       287        13         3
278       279         1        11
283       289         6         1
286       288         2         2
278       287         9         3
277       279         2        11
275       279         4        11
270       288        18         2
279       286         7         4
278       288        10         2
280       288         8         2
275       283         8         7
281       289         8         1
281       287         6         3
284       289         5         1
274       281         7         9
275       276         1        14
281       284         3         6
18       288       270         2
280       281         1         9
287       288         1         2
274       276         2        14
264       287        23         3
271       286        15         4
277       287        10         3
284       287         3         3
251       285        34         5
254       277        23        13
288       289         1         1
286       287         1         3
244       251         7        39
283       289         6         1
282       284         2         6
287       289         2         1
286       287         1         3
284       288         4         2
266       287        21         3
3       276       273        14
275       282         7         8
255       281        26         9
281       285         4         5
287       289         2         1
14       285       271         5
268       288        20         2
285       287         2         3
19       289       270         1
259       283        24         7
281       283         2         7
274       288        14         2
287       288         1         2
279       281         2         9
261       280        19        10
5       274       269        16
12       281       269         9
282       287         5         3
256       276        20        14
277       280         3        10
270       281        11         9
266       270         4        20
280       282         2         8
266       267         1        23
266       271         5        19
264       285        21         5
286       288         2         2
14       289       275         1
274       276         2        14
276       285         9         5
272       275         3        15
287       289         2         1
7       286       279         4
11       265       254        25
270       287        17         3
274       279         5        11
285       287         2         3
18       282       264         8
262       279        17        11
287       288         1         2
282       285         3         5
272       276         4        14
273       275         2        15
14       284       270         6
1       279       278        11
277       284         7         6
270       271         1        19
264       267         3        23
250       274        24        16
286       287         1         3
16       285       269         5
266       287        21         3
280       281         1         9
264       275        11        15
248       276        28        14
271       274         3        16
260       285        25         5
282       286         4         4
281       285         4         5
279       287         8         3
279       283         4         7
256       274        18        16
283       289         6         1
279       284         5         6
273       289        16         1
251       289        38         1
286       289         3         1
277       280         3        10
279       286         7         4
274       278         4        12
280       286         6         4
283       284         1         6
283       286         3         4
239       247         8        43
245       267        22        23
260       261         1        29
281       287         6         3
271       280         9        10
256       261         5        29
257       289        32         1
279       289        10         1
16       271       255        19
284       289         5         1
284       285         1         5
276       288        12         2
279       289        10         1
282       289         7         1
273       284        11         6
223       288        65         2
285       288         3         2
287       288         1         2
239       273        34        17
258       269        11        21
287       288         1         2
273       289        16         1
278       284         6         6
12       275       263        15
276       287        11         3
284       285         1         5
5       286       281         4
268       284        16         6
267       289        22         1
274       278         4        12
283       289         6         1
279       289        10         1
277       281         4         9
282       287         5         3
261       279        18        11
281       284         3         6
269       278         9        12
284       287         3         3
276       277         1        13
272       288        16         2
288       289         1         1
270       289        19         1
19       283       264         7
260       278        18        12
288       289         1         1
15       287       272         3
244       274        30        16
12       269       257        21
12        16         4       274
255       258         3        32
277       285         8         5
261       284        23         6
261       285        24         5
275       289        14         1
261       289        28         1
286       288         2         2
10       263       253        27
273       289        16         1
269       272         3        18
269       282        13         8
276       289        13         1
274       277         3        13
12       287       275         3
266       286        20         4
273       289        16         1
271       278         7        12
236       246        10        44
284       287         3         3
255       287        32         3
18       269       251        21
275       284         9         6
276       288        12         2
283       285         2         5
271       289        18         1
282       289         7         1
283       289         6         1
279       284         5         6
288       289         1         1
270       279         9        11
274       283         9         7
277       286         9         4
3       288       285         2
261       266         5        24
269       288        19         2
255       289        34         1
275       289        14         1
270       273         3        17
266       285        19         5
274       277         3        13
14       287       273         3
270       288        18         2
253       285        32         5
13       254       241        36
275       288        13         2
277       287        10         3
282       283         1         7
274       284        10         6
275       284         9         6
255       275        20        15
278       288        10         2
274       275         1        15
18       271       253        19
249       256         7        34
268       282        14         8
265       285        20         5
284       288         4         2
288       289         1         1
8       288       280         2
287       289         2         1
279       280         1        10
278       284         6         6
280       287         7         3
274       283         9         7
278       287         9         3
264       289        25         1
269       288        19         2
285       289         4         1
18       254       236        36
287       289         2         1
283       284         1         6
253       261         8        29
272       288        16         2
253       257         4        33
247       275        28        15
284       285         1         5
285       288         3         2
284       285         1         5
274       284        10         6
274       276         2        14
273       276         3        14
285       286         1         4
260       285        25         5
262       286        24         4
244       253         9        37
267       289        22         1
262       286        24         4
279       283         4         7
285       287         2         3
268       288        20         2
280       281         1         9
279       284         5         6
10       286       276         4
259       284        25         6
286       289         3         1
285       287         2         3
13       246       233        44
13       288       275         2
285       288         3         2
258       288        30         2
272       274         2        16
272       285        13         5
264       271         7        19
12       280       268        10
267       286        19         4
283       288         5         2
16       281       265         9
280       283         3         7
286       289         3         1
247       266        19        24
275       288        13         2
240       277        37        13
18       287       269         3
275       280         5        10
16       287       271         3
260       269         9        21
273       277         4        13
280       282         2         8
271       279         8        11
275       287        12         3
278       283         5         7
280       283         3         7
279       282         3         8
273       277         4        13
255       261         6        29
266       272         6        18
265       276        11        14
279       288         9         2
266       269         3        21
281       287         6         3
286       289         3         1
282       283         1         7
266       277        11        13
14       285       271         5
16       289       273         1
253       257         4        33
285       288         3         2
287       288         1         2
270       288        18         2
266       279        13        11
247       282        35         8
288       289         1         1
269       282        13         8
282       284         2         6
272       286        14         4
265       274         9        16
257       271        14        19
268       288        20         2
280       289         9         1
283       289         6         1
261       274        13        16
258       278        20        12
259       278        19        12
286       289         3         1
275       287        12         3
265       287        22         3
276       287        11         3
287       288         1         2
16       286       270         4
286       287         1         3
273       285        12         5
250       287        37         3
18       289       271         1
18       249       231        41
288       289         1         1
9       273       264        17
