201       343       142         5
331       342        11         6
336       346        10         2
342       344         2         4
33       339       306         9
343       346         3         2
340       344         4         4
336       347        11         1
201       343       142         5
40       345       305         3
40       337       297        11
36       347       311         1
331       342        11         6
334       336         2        12
35       333       298        15
324       343        19         5
27       315       288        33
342       347         5         1
342       343         1         5
328       343        15         5
328       345        17         3
335       339         4         9
337       340         3         8
35       344       309         4
334       342         8         6
336       344         8         4
339       342         3         6
336       343         7         5
342       346         4         2
341       342         1         6
27       346       319         2
339       341         2         7
321       336        15        12
333       347        14         1
326       341        15         7
194       332       138        16
339       340         1         8
39       339       300         9
344       347         3         1
342       343         1         5
336       342         6         6
345       347         2         1
330       335         5        13
333       340         7         8
333       344        11         4
28       329       301        19
331       345        14         3
323       335        12        13
343       345         2         3
343       345         2         3
330       347        17         1
335       344         9         4
12       347       335         1
344       346         2         2
340       347         7         1
332       346        14         2
34       335       301        13
346       347         1         1
39       331       292        17
284       334        50        14
340       344         4         4
25       333       308        15
340       345         5         3
328       347        19         1
36       345       309         3
200       334       134        14
342       344         2         4
26       343       317         5
338       345         7         3
340       347         7         1
38       335       297        13
341       342         1         6
338       339         1         9
341       344         3         4
190       331       141        17
340       343         3         5
334       340         6         8
195       340       145         8
24       341       317         7
297       337        40        11
329       331         2        17
340       343         3         5
338       344         6         4
346       347         1         1
319       333        14        15
30       341       311         7
341       344         3         4
342       345         3         3
332       340         8         8
343       347         4         1
31       346       315         2
335       347        12         1
283       343        60         5
336       344         8         4
332       344        12         4
342       343         1         5
327       338        11        10
339       340         1         8
333       343        10         5
270       297        27        51
12       341       329         7
340       344         4         4
342       343         1         5
324       334        10        14
327       347        20         1
35       347       312         1
335       343         8         5
340       341         1         7
339       345         6         3
343       347         4         1
36       325       289        23
28       320       292        28
343       346         3         2
38       346       308         2
331       346        15         2
339       344         5         4
335       337         2        11
324       336        12        12
289       345        56         3
339       347         8         1
201       338       137        10
330       332         2        16
325       345        20         3
337       339         2         9
324       327         3        21
262       339        77         9
330       342        12         6
321       347        26         1
329       332         3        16
203       337       134        11
324       347        23         1
326       337        11        11
330       342        12         6
334       339         5         9
342       345         3         3
36       332       296        16
329       345        16         3
5       336       331        12
343       345         2         3
336       347        11         1
342       344         2         4
330       334         4        14
313       347        34         1
335       338         3        10
189       346       157         2
332       333         1        15
335       347        12         1
315       345        30         3
323       340        17         8
331       341        10         7
321       347        26         1
346       347         1         1
342       343         1         5
15       339       324         9
330       344        14         4
326       345        19         3
338       347         9         1
302       345        43         3
333       335         2        13
8       346       338         2
201       341       140         7
337       344         7         4
40       335       295        13
337       341         4         7
319       330        11        18
322       345        23         3
325       342        17         6
346       347         1         1
329       347        18         1
27       344       317         4
342       346         4         2
20       345       325         3
346       347         1         1
329       345        16         3
344       346         2         2
321       343        22         5
337       346         9         2
341       342         1         6
316       333        17        15
339       340         1         8
344       346         2         2
315       339        24         9
336       346        10         2
320       347        27         1
7       345       338         3
339       347         8         1
36       346       310         2
345       346         1         2
335       337         2        11
343       347         4         1
285       337        52        11
346       347         1         1
346       347         1         1
321       347        26         1
313       334        21        14
334       340         6         8
343       344         1         4
328       341        13         7
333       339         6         9
328       347        19         1
20       341       321         7
342       344         2         4
305       347        42         1
27       329       302        19
339       346         7         2
338       346         8         2
310       347        37         1
330       345        15         3
334       347        13         1
34       345       311         3
346       347         1         1
34       344       310         4
327       344        17         4
37       347       310         1
340       347         7         1
338       342         4         6
190       345       155         3
197       344       147         4
346       347         1         1
343       347         4         1
345       347         2         1
326       346        20         2
315       345        30         3
332       337         5        11
343       344         1         4
334       346        12         2
334       346        12         2
35       342       307         6
40       347       307         1
334       345        11         3
202       310       108        38
40       343       303         5
338       346         8         2
330       346        16         2
345       346         1         2
343       346         3         2
338       339         1         9
336       346        10         2
31       346       315         2
337       346         9         2
327       336         9        12
285       338        53        10
26       313       287        35
27       342       315         6
334       336         2        12
37       330       293        18
306       347        41         1
295       311        16        37
336       345         9         3
325       332         7        16
341       347         6         1
323       335        12        13
29       347       318         1
336       339         3         9
34        39         5       309
31       342       311         6
342       344         2         4
199       346       147         2
343       347         4         1
2       319       317        29
338       346         8         2
326       346        20         2
325       328         3        20
339       343         4         5
343       346         3         2
338       347         9         1
334       346        12         2
327       335         8        13
309       346        37         2
40       347       307         1
35       347       312         1
330       333         3        15
271       337        66        11
341       347         6         1
23       336       313        12
338       344         6         4
328       335         7        13
339       341         2         7
339       344         5         4
333       339         6         9
306       346        40         2
328       347        19         1
335       337         2        11
304       322        18        26
340       347         7         1
346       347         1         1
342       345         3         3
323       343        20         5
319       344        25         4
342       344         2         4
340       343         3         5
329       347        18         1
337       347        10         1
343       347         4         1
192       342       150         6
324       345        21         3
28       324       296        24
260       334        74        14
337       346         9         2
327       339        12         9
335       345        10         3
198       347       149         1
318       341        23         7
38       336       298        12
303       343        40         5
335       340         5         8
9       329       320        19
324       346        22         2
311       336        25        12
199       347       148         1
340       344         4         4
333       339         6         9
342       343         1         5
336       337         1        11
344       346         2         2
342       347         5         1
340       342         2         6
326       342        16         6
342       347         5         1
332       342        10         6
346       347         1         1
335       346        11         2
34       344       310         4
338       343         5         5
340       341         1         7
316       341        25         7
329       344        15         4
340       341         1         7
186       341       155         7
333       338         5        10
191       344       153         4
342       343         1         5
29       347       318         1
9       344       335         4
30       342       312         6
333       336         3        12
340       344         4         4
37       340       303         8
328       344        16         4
345       346         1         2
12       184       172       164
332       335         3        13
326       343        17         5
325       332         7        16
340       343         3         5
342       344         2         4
338       341         3         7
328       344        16         4
339       346         7         2
305       342        37         6
329       330         1        18
340       343         3         5
345       347         2         1
340       342         2         6
345       347         2         1
345       347         2         1
329       347        18         1
336       338         2        10
336       346        10         2
331       334         3        14
338       344         6         4
333       346        13         2
330       336         6        12
342       345         3         3
335       342         7         6
39       333       294        15
310       346        36         2
326       347        21         1
309       342        33         6
341       342         1         6
332       346        14         2
341       346         5         2
332       345        13         3
328       345        17         3
324       345        21         3
305       334        29        14
342       345         3         3
331       346        15         2
330       345        15         3
330       335         5        13
331       347        16         1
331       347        16         1
343       347         4         1
306       334        28        14
323       347        24         1
35       319       284        29
346       347         1         1
343       344         1         4
325       345        20         3
335       336         1        12
34       341       307         7
203       340       137         8
318       340        22         8
201       341       140         7
17       339       322         9
311       327        16        21
40       347       307         1
344       347         3         1
346       347         1         1
331       333         2        15
40       333       293        15
189       338       149        10
340       346         6         2
343       347         4         1
36       314       278        34
341       344         3         4
328       344        16         4
341       347         6         1
345       347         2         1
339       340         1         8
309       326        17        22
344       347         3         1
329       340        11         8
342       344         2         4
327       330         3        18
337       339         2         9
344       346         2         2
341       344         3         4
342       346         4         2
199       344       145         4
344       346         2         2
333       346        13         2
314       335        21        13
5       345       340         3
195       347       152         1
336       340         4         8
305       340        35         8
330       334         4        14
328       347        19         1
345       346         1         2
18       320       302        28
340       346         6         2
38       345       307         3
308       347        39         1
315       332        17        16
332       344        12         4
325       332         7        16
323       343        20         5
309       331        22        17
301       344        43         4
337       343         6         5
304       333        29        15
40       347       307         1
331       336         5        12
331       341        10         7
331       343        12         5
340       344         4         4
320       334        14        14
334       347        13         1
323       326         3        22
335       345        10         3
338       344         6         4
324       345        21         3
320       331        11        17
305       338        33        10
338       346         8         2
21       345       324         3
343       344         1         4
335       345        10         3
200       341       141         7
198       328       130        20
341       347         6         1
27       345       318         3
321       327         6        21
343       346         3         2
336       342         6         6
343       346         3         2
336       342         6         6
330       341        11         7
340       343         3         5
334       347        13         1
35       341       306         7
337       345         8         3
328       330         2        18
333       335         2        13
334       344        10         4
338       347         9         1
201       347       146         1
343       345         2         3
341       343         2         5
334       339         5         9
334       342         8         6
335       347        12         1
322       347        25         1
339       343         4         5
317       345        28         3
38       342       304         6
345       346         1         2
321       341        20         7
326       347        21         1
40       333       293        15
343       346         3         2
345       346         1         2
344       345         1         3
32       184       152       164
345       347         2         1
325       345        20         3
326       338        12        10
301       328        27        20
22       347       325         1
322       338        16        10
343       344         1         4
331       337         6        11
191       328       137        20
336       344         8         4
35       329       294        19
203       334       131        14
21       347       326         1
336       341         5         7
320       343        23         5
328       337         9        11
325       330         5        18
337       339         2         9
337       347        10         1
25       340       315         8
330       344        14         4
339       345         6         3
326       333         7        15
343       345         2         3
343       346         3         2
40       313       273        35
337       346         9         2
202       346       144         2
340       341         1         7
39       331       292        17
331       347        16         1
329       345        16         3
38       342       304         6
337       344         7         4
343       345         2         3
336       343         7         5
317       345        28         3
342       346         4         2
323       335        12        13
333       345        12         3
327       336         9        12
343       345         2         3
193       340       147         8
303       343        40         5
326       347        21         1
2        33        31       315
316       343        27         5
328       343        15         5
197       337       140        11
27       328       301        20
326       341        15         7
338       343         5         5
332       339         7         9
341       342         1         6
341       342         1         6
328       346        18         2
335       341         6         7
338       341         3         7
321       342        21         6
337       342         5         6
8       347       339         1
315       346        31         2
34       343       309         5
343       344         1         4
331       341        10         7
342       345         3         3
329       337         8        11
316       325         9        23
326       332         6        16
13       332       319        16
342       344         2         4
340       345         5         3
320       343        23         5
343       344         1         4
194       341       147         7
333       347        14         1
331       344        13         4
39       347       308         1
323       324         1        24
324       347        23         1
317       343        26         5
320       322         2        26
327       343        16         5
311       345        34         3
190       305       115        43
326       343        17         5
14       347       333         1
240       347       107         1
326       337        11        11
22       340       318         8
329       338         9        10
345       346         1         2
336       339         3         9
334       339         5         9
194       347       153         1
330       340        10         8
39       346       307         2
332       346        14         2
33       320       287        28
37       346       309         2
333       341         8         7
325       338        13        10
324       335        11        13
343       347         4         1
342       347         5         1
309       338        29        10
38       340       302         8
38       334       296        14
28       331       303        17
336       343         7         5
338       345         7         3
325       330         5        18
345       346         1         2
40       342       302         6
199       340       141         8
25       201       176       147
337       342         5         6
311       330        19        18
346       347         1         1
19       332       313        16
334       341         7         7
3       346       343         2
334       347        13         1
323       338        15        10
333       341         8         7
29       336       307        12
333       337         4        11
326       343        17         5
340       344         4         4
344       347         3         1
198       335       137        13
318       333        15        15
338       344         6         4
40       339       299         9
330       346        16         2
304       342        38         6
328       336         8        12
341       347         6         1
34       334       300        14
322       344        22         4
332       347        15         1
344       345         1         3
342       346         4         2
21       339       318         9
335       336         1        12
341       344         3         4
344       346         2         2
317       321         4        27
333       341         8         7
333       335         2        13
306       344        38         4
330       345        15         3
338       345         7         3
345       347         2         1
317       344        27         4
322       335        13        13
324       332         8        16
25       347       322         1
330       346        16         2
335       346        11         2
328       336         8        12
324       346        22         2
338       347         9         1
309       341        32         7
336       347        11         1
346       347         1         1
340       346         6         2
334       338         4        10
345       347         2         1
202       317       115        31
34       338       304        10
339       344         5         4
37       339       302         9
336       337         1        11
339       345         6         3
337       347        10         1
344       345         1         3
345       346         1         2
328       347        19         1
328       333         5        15
35       339       304         9
311       341        30         7
327       342        15         6
337       347        10         1
326       337        11        11
37       344       307         4
343       345         2         3
332       345        13         3
339       340         1         8
340       344         4         4
31       347       316         1
345       347         2         1
32       341       309         7
339       343         4         5
338       345         7         3
340       345         5         3
334       343         9         5
329       338         9        10
307       346        39         2
309       344        35         4
202       346       144         2
332       337         5        11
34       331       297        17
330       346        16         2
311       335        24        13
331       346        15         2
336       338         2        10
194       330       136        18
335       342         7         6
339       342         3         6
335       338         3        10
332       341         9         7
344       346         2         2
341       345         4         3
346       347         1         1
344       345         1         3
321       333        12        15
337       342         5         6
323       346        23         2
324       334        10        14
329       344        15         4
188       344       156         4
344       346         2         2
334       345        11         3
330       333         3        15
346       347         1         1
336       344         8         4
37       340       303         8
337       340         3         8
328       341        13         7
342       346         4         2
37       342       305         6
330       342        12         6
12       342       330         6
343       344         1         4
311       341        30         7
327       337        10        11
29       327       298        21
343       345         2         3
328       347        19         1
342       343         1         5
342       346         4         2
38       311       273        37
199       347       148         1
338       340         2         8
309       343        34         5
343       344         1         4
331       345        14         3
330       343        13         5
36       340       304         8
343       347         4         1
193       333       140        15
36       341       305         7
338       345         7         3
336       339         3         9
331       347        16         1
328       346        18         2
341       347         6         1
336       337         1        11
323       339        16         9
329       344        15         4
327       338        11        10
335       345        10         3
338       341         3         7
319       332        13        16
25       337       312        11
341       342         1         6
341       344         3         4
341       346         5         2
31       298       267        50
327       331         4        17
192       318       126        30
343       346         3         2
332       337         5        11
319       336        17        12
342       347         5         1
329       343        14         5
323       346        23         2
31       345       314         3
334       347        13         1
36       347       311         1
318       324         6        24
343       347         4         1
342       344         2         4
331       338         7        10
330       343        13         5
327       345        18         3
340       346         6         2
337       343         6         5
40       338       298        10
201       347       146         1
341       346         5         2
334       344        10         4
343       345         2         3
321       344        23         4
344       347         3         1
306       336        30        12
342       343         1         5
28       334       306        14
345       346         1         2
336       345         9         3
336       340         4         8
335       346        11         2
328       347        19         1
328       332         4        16
333       338         5        10
39       331       292        17
342       345         3         3
197       344       147         4
293       341        48         7
333       344        11         4
342       347         5         1
188       343       155         5
312       340        28         8
343       344         1         4
321       344        23         4
331       337         6        11
204       345       141         3
340       342         2         6
324       347        23         1
194       347       153         1
346       347         1         1
340       347         7         1
321       337        16        11
21       300       279        48
24       329       305        19
333       345        12         3
312       334        22        14
329       345        16         3
329       335         6        13
331       334         3        14
336       344         8         4
33       330       297        18
40       345       305         3
332       342        10         6
346       347         1         1
345       347         2         1
332       337         5        11
203       316       113        32
342       343         1         5
315       347        32         1
312       329        17        19
333       341         8         7
327       331         4        17
332       342        10         6
329       341        12         7
324       336        12        12
336       345         9         3
334       347        13         1
338       344         6         4
334       336         2        12
198       346       148         2
14       343       329         5
325       345        20         3
345       347         2         1
336       346        10         2
302       347        45         1
333       337         4        11
32       319       287        29
29       346       317         2
337       341         4         7
338       344         6         4
317       347        30         1
39       347       308         1
339       342         3         6
318       337        19        11
341       347         6         1
338       346         8         2
341       345         4         3
17       347       330         1
321       347        26         1
189       346       157         2
320       342        22         6
339       347         8         1
335       339         4         9
39       347       308         1
337       345         8         3
342       343         1         5
30       347       317         1
340       346         6         2
341       343         2         5
187       346       159         2
343       346         3         2
330       346        16         2
346       347         1         1
338       341         3         7
10       347       337         1
326       345        19         3
36       338       302        10
331       340         9         8
331       334         3        14
33       342       309         6
24       345       321         3
336       346        10         2
329       347        18         1
37       343       306         5
31       335       304        13
343       346         3         2
341       344         3         4
333       341         8         7
344       347         3         1
333       347        14         1
342       343         1         5
325       330         5        18
333       334         1        14
40       347       307         1
324       346        22         2
322       341        19         7
337       339         2         9
328       341        13         7
325       341        16         7
336       342         6         6
336       346        10         2
339       340         1         8
31       347       316         1
322       344        22         4
331       343        12         5
40       343       303         5
297       347        50         1
321       327         6        21
39       323       284        25
315       345        30         3
335       343         8         5
332       342        10         6
342       343         1         5
336       340         4         8
289       341        52         7
315       345        30         3
310       338        28        10
336       343         7         5
340       343         3         5
325       328         3        20
339       342         3         6
29       342       313         6
346       347         1         1
341       347         6         1
342       345         3         3
345       347         2         1
334       339         5         9
40       347       307         1
341       344         3         4
337       345         8         3
29       325       296        23
338       342         4         6
338       345         7         3
317       337        20        11
335       347        12         1
322       346        24         2
203       342       139         6
321       335        14        13
343       347         4         1
38       341       303         7
340       345         5         3
340       342         2         6
333       344        11         4
323       346        23         2
321       341        20         7
326       329         3        19
339       345         6         3
201       345       144         3
334       343         9         5
337       341         4         7
32       340       308         8
346       347         1         1
320       343        23         5
342       343         1         5
302       340        38         8
337       344         7         4
39       346       307         2
327       345        18         3
203       347       144         1
335       342         7         6
315       342        27         6
325       328         3        20
325       343        18         5
344       347         3         1
330       346        16         2
331       339         8         9
308       325        17        23
341       346         5         2
345       347         2         1
306       335        29        13
286       309        23        39
332       343        11         5
199       344       145         4
342       345         3         3
336       345         9         3
327       347        20         1
327       332         5        16
342       343         1         5
339       344         5         4
339       340         1         8
320       326         6        22
324       345        21         3
337       342         5         6
343       346         3         2
345       346         1         2
328       344        16         4
40       339       299         9
314       338        24        10
336       347        11         1
332       347        15         1
337       342         5         6
323       341        18         7
342       345         3         3
