428       443        15        11
446       452         6         2
424       432         8        22
432       437         5        17
39       451       412         3
452       453         1         1
42       434       392        20
37       438       401        16
441       446         5         8
418       450        32         4
28       453       425         1
440       452        12         2
25       438       413        16
382       418        36        36
438       449        11         5
445       451         6         3
41       446       405         8
448       453         5         1
449       450         1         4
428       439        11        15
413       452        39         2
443       447         4         7
442       444         2        10
419       447        28         7
43       437       394        17
449       450         1         4
428       439        11        15
445       449         4         5
443       444         1        10
43       436       393        18
32       453       421         1
43       451       408         3
425       441        16        13
405       441        36        13
413       449        36         5
438       442         4        12
435       447        12         7
451       452         1         2
36       429       393        25
446       452         6         2
425       437        12        17
410       438        28        16
440       451        11         3
439       453        14         1
33       439       406        15
434       441         7        13
435       449        14         5
430       446        16         8
395       433        38        21
440       444         4        10
411       430        19        24
34       433       399        21
431       452        21         2
41       434       393        20
3       450       447         4
447       453         6         1
409       445        36         9
430       447        17         7
411       415         4        39
449       452         3         2
43       441       398        13
438       449        11         5
413       423        10        31
417       418         1        36
424       450        26         4
35       425       390        29
429       447        18         7
443       448         5         6
448       452         4         2
419       445        26         9
398       414        16        40
441       448         7         6
432       452        20         2
444       448         4         6
42       445       403         9
440       451        11         3
431       451        20         3
421       430         9        24
27       452       425         2
447       452         5         2
440       441         1        13
444       446         2         8
431       432         1        22
439       453        14         1
42       419       377        35
448       450         2         4
446       450         4         4
37       452       415         2
426       448        22         6
21       440       419        14
439       448         9         6
14       442       428        12
435       444         9        10
435       442         7        12
446       451         5         3
39       452       413         2
431       442        11        12
381       419        38        35
446       449         3         5
411       453        42         1
437       453        16         1
34       443       409        11
426       445        19         9
418       453        35         1
415       442        27        12
418       433        15        21
388       453        65         1
434       451        17         3
398       426        28        28
434       442         8        12
434       440         6        14
434       451        17         3
448       450         2         4
410       451        41         3
411       453        42         1
436       449        13         5
425       433         8        21
405       434        29        20
426       430         4        24
443       446         3         8
439       443         4        11
435       452        17         2
423       446        23         8
35       439       404        15
446       447         1         7
30       433       403        21
443       445         2         9
439       450        11         4
426       443        17        11
441       451        10         3
452       453         1         1
449       452         3         2
435       438         3        16
448       453         5         1
423       448        25         6
259       453       194         1
448       450         2         4
443       452         9         2
426       450        24         4
442       449         7         5
36       451       415         3
426       437        11        17
428       429         1        25
429       439        10        15
422       436        14        18
6       452       446         2
395       423        28        31
442       443         1        11
40       442       402        12
442       450         8         4
448       452         4         2
389       433        44        21
417       418         1        36
439       450        11         4
427       448        21         6
442       447         5         7
240       441       201        13
18       449       431         5
433       444        11        10
439       440         1        14
439       442         3        12
444       448         4         6
420       452        32         2
445       450         5         4
403       434        31        20
441       444         3        10
434       446        12         8
443       452         9         2
443       451         8         3
428       438        10        16
444       452         8         2
423       442        19        12
40       447       407         7
15       431       416        23
447       451         4         3
263       446       183         8
441       451        10         3
447       453         6         1
420       453        33         1
420       450        30         4
441       452        11         2
397       450        53         4
39       451       412         3
403       406         3        48
422       430         8        24
436       440         4        14
407       440        33        14
452       453         1         1
447       449         2         5
8       451       443         3
436       452        16         2
449       450         1         4
450       453         3         1
428       445        17         9
425       436        11        18
244       450       206         4
437       446         9         8
442       448         6         6
400       451        51         3
261       449       188         5
33       451       418         3
411       429        18        25
259       453       194         1
448       450         2         4
441       453        12         1
430       445        15         9
401       427        26        27
420       450        30         4
405       449        44         5
450       453         3         1
422       453        31         1
430       445        15         9
30        37         7       417
41       444       403        10
427       444        17        10
430       450        20         4
444       453         9         1
435       451        16         3
451       453         2         1
449       452         3         2
446       452         6         2
442       452        10         2
438       449        11         5
439       453        14         1
448       449         1         5
441       442         1        12
12       444       432        10
445       450         5         4
452       453         1         1
416       420         4        34
41       446       405         8
387       447        60         7
439       452        13         2
439       441         2        13
438       451        13         3
438       453        15         1
439       447         8         7
432       452        20         2
451       452         1         2
415       437        22        17
43       448       405         6
430       445        15         9
426       435         9        19
445       452         7         2
375       406        31        48
435       452        17         2
403       411         8        43
435       450        15         4
408       437        29        17
422       449        27         5
447       452         5         2
435       452        17         2
38       442       404        12
37       450       413         4
444       452         8         2
413       419         6        35
451       453         2         1
431       433         2        21
423       437        14        17
444       452         8         2
451       453         2         1
42       443       401        11
404       450        46         4
403       444        41        10
430       448        18         6
38        40         2       414
432       437         5        17
428       433         5        21
450       453         3         1
442       450         8         4
443       447         4         7
43       444       401        10
437       451        14         3
416       448        32         6
17       396       379        58
40       453       413         1
436       438         2        16
437       438         1        16
423       451        28         3
407       432        25        22
439       446         7         8
447       448         1         6
443       451         8         3
31       451       420         3
42       438       396        16
441       443         2        11
416       446        30         8
21       433       412        21
435       441         6        13
41       441       400        13
434       438         4        16
404       436        32        18
257       429       172        25
442       452        10         2
250       440       190        14
41       453       412         1
14       451       437         3
440       444         4        10
441       442         1        12
249       439       190        15
392       451        59         3
24       399       375        55
429       435         6        19
406       449        43         5
31       450       419         4
416       429        13        25
39       436       397        18
419       453        34         1
438       442         4        12
443       452         9         2
441       448         7         6
426       452        26         2
429       431         2        23
418       438        20        16
249       425       176        29
442       444         2        10
440       450        10         4
436       439         3        15
411       448        37         6
440       453        13         1
423       450        27         4
442       449         7         5
258       430       172        24
443       451         8         3
443       445         2         9
435       446        11         8
427       441        14        13
423       426         3        28
452       453         1         1
442       450         8         4
402       435        33        19
436       446        10         8
422       434        12        20
33       436       403        18
263       438       175        16
444       449         5         5
451       452         1         2
442       451         9         3
30       448       418         6
443       449         6         5
32        43        11       411
421       451        30         3
444       446         2         8
35       453       418         1
39       452       413         2
424       447        23         7
421       450        29         4
40       431       391        23
438       450        12         4
409       439        30        15
435       444         9        10
381       416        35        38
34       451       417         3
399       407         8        47
449       451         2         3
40       429       389        25
444       449         5         5
420       429         9        25
438       446         8         8
441       448         7         6
444       450         6         4
403       440        37        14
29       432       403        22
437       448        11         6
34       453       419         1
443       445         2         9
260       453       193         1
444       453         9         1
443       444         1        10
450       453         3         1
414       452        38         2
449       453         4         1
421       423         2        31
31       402       371        52
259       449       190         5
447       452         5         2
34       446       412         8
441       453        12         1
28       452       424         2
429       434         5        20
40       440       400        14
38       423       385        31
43       434       391        20
10       446       436         8
244       449       205         5
440       449         9         5
41       453       412         1
33       437       404        17
375       425        50        29
442       443         1        11
430       437         7        17
13        34        21       420
425       448        23         6
254       446       192         8
31       453       422         1
425       426         1        28
439       449        10         5
23       394       371        60
436       451        15         3
442       450         8         4
427       449        22         5
432       451        19         3
407       427        20        27
436       439         3        15
449       453         4         1
415       419         4        35
450       453         3         1
441       451        10         3
446       453         7         1
409       448        39         6
437       452        15         2
432       435         3        19
406       442        36        12
432       442        10        12
431       443        12        11
36       437       401        17
421       453        32         1
407       414         7        40
435       437         2        17
433       453        20         1
24       451       427         3
380       415        35        39
448       453         5         1
445       448         3         6
428       450        22         4
452       453         1         1
426       436        10        18
13       447       434         7
40       448       408         6
374       440        66        14
437       449        12         5
425       430         5        24
434       439         5        15
436       449        13         5
430       434         4        20
433       441         8        13
34       448       414         6
452       453         1         1
42       450       408         4
446       448         2         6
445       452         7         2
431       441        10        13
262       414       152        40
451       452         1         2
426       430         4        24
411       421        10        33
446       447         1         7
427       441        14        13
444       445         1         9
34       449       415         5
374       435        61        19
32       439       407        15
442       446         4         8
440       450        10         4
37       452       415         2
41       443       402        11
449       452         3         2
447       451         4         3
41       445       404         9
433       439         6        15
452       453         1         1
33       449       416         5
435       442         7        12
444       448         4         6
43       413       370        41
429       450        21         4
423       450        27         4
445       447         2         7
440       447         7         7
434       448        14         6
43       436       393        18
450       453         3         1
444       451         7         3
447       452         5         2
430       444        14        10
418       430        12        24
406       414         8        40
441       448         7         6
452       453         1         1
423       443        20        11
449       452         3         2
42       447       405         7
40       433       393        21
437       453        16         1
422       442        20        12
417       453        36         1
437       446         9         8
406       427        21        27
245       452       207         2
19       417       398        37
452       453         1         1
430       447        17         7
423       445        22         9
19       452       433         2
27       441       414        13
426       451        25         3
438       441         3        13
262       443       181        11
437       451        14         3
7       452       445         2
432       437         5        17
445       450         5         4
436       448        12         6
425       449        24         5
421       453        32         1
445       447         2         7
423       448        25         6
235       436       201        18
415       448        33         6
438       453        15         1
432       438         6        16
441       453        12         1
439       450        11         4
446       451         5         3
433       439         6        15
430       435         5        19
430       431         1        23
28       397       369        57
442       450         8         4
341       441       100        13
425       451        26         3
435       445        10         9
430       453        23         1
450       453         3         1
441       443         2        11
25       441       416        13
451       453         2         1
36       450       414         4
450       453         3         1
33       451       418         3
416       432        16        22
431       453        22         1
416       453        37         1
43       453       410         1
425       451        26         3
445       446         1         8
255       444       189        10
252       436       184        18
436       437         1        17
447       452         5         2
423       438        15        16
438       443         5        11
436       449        13         5
419       452        33         2
443       451         8         3
40       451       411         3
417       438        21        16
427       448        21         6
444       446         2         8
40       443       403        11
42       453       411         1
448       452         4         2
403       411         8        43
19       451       432         3
442       451         9         3
434       441         7        13
40       435       395        19
451       452         1         2
41       442       401        12
442       448         6         6
419       451        32         3
442       450         8         4
436       451        15         3
431       451        20         3
443       453        10         1
422       450        28         4
440       447         7         7
439       445         6         9
448       451         3         3
260       448       188         6
263       442       179        12
420       447        27         7
430       433         3        21
435       447        12         7
447       451         4         3
248       434       186        20
37       445       408         9
434       453        19         1
442       451         9         3
451       452         1         2
410       424        14        30
432       452        20         2
386       441        55        13
28       447       419         7
7       439       432        15
443       447         4         7
431       438         7        16
435       437         2        17
436       451        15         3
426       429         3        25
404       439        35        15
439       441         2        13
447       449         2         5
31       447       416         7
439       446         7         8
452       453         1         1
443       445         2         9
446       447         1         7
441       452        11         2
442       448         6         6
252       417       165        37
440       453        13         1
423       427         4        27
429       444        15        10
427       451        24         3
443       444         1        10
441       451        10         3
16       448       432         6
428       444        16        10
6       420       414        34
19       448       429         6
450       451         1         3
426       446        20         8
442       444         2        10
437       442         5        12
424       428         4        26
447       453         6         1
422       449        27         5
442       453        11         1
446       452         6         2
424       451        27         3
438       442         4        12
422       425         3        29
440       443         3        11
435       453        18         1
253       432       179        22
399       448        49         6
412       431        19        23
419       433        14        21
7       450       443         4
443       451         8         3
432       450        18         4
424       453        29         1
410       445        35         9
449       453         4         1
258       439       181        15
446       448         2         6
261       440       179        14
420       449        29         5
446       449         3         5
421       423         2        31
435       444         9        10
39       453       414         1
447       449         2         5
29       444       415        10
431       445        14         9
37       435       398        19
433       441         8        13
434       446        12         8
41       440       399        14
450       453         3         1
412       418         6        36
437       447        10         7
254       453       199         1
22       452       430         2
2       451       449         3
425       433         8        21
430       437         7        17
399       405         6        49
421       438        17        16
445       453         8         1
430       449        19         5
401       410         9        44
431       446        15         8
442       449         7         5
450       453         3         1
27       444       417        10
450       452         2         2
392       435        43        19
442       453        11         1
446       451         5         3
436       446        10         8
425       431         6        23
412       432        20        22
258       452       194         2
415       449        34         5
446       452         6         2
379       431        52        23
420       449        29         5
413       438        25        16
432       445        13         9
447       453         6         1
414       446        32         8
441       449         8         5
415       417         2        37
403       449        46         5
447       451         4         3
427       452        25         2
426       450        24         4
420       451        31         3
17       450       433         4
440       452        12         2
433       447        14         7
246       448       202         6
41       398       357        56
420       445        25         9
34       444       410        10
451       452         1         2
451       453         2         1
415       453        38         1
433       447        14         7
436       452        16         2
237       453       216         1
445       447         2         7
21       429       408        25
448       452         4         2
447       453         6         1
433       435         2        19
430       453        23         1
437       449        12         5
43       439       396        15
423       437        14        17
426       433         7        21
431       443        12        11
424       439        15        15
405       451        46         3
27       453       426         1
423       434        11        20
445       450         5         4
445       448         3         6
391       422        31        32
43       426       383        28
423       453        30         1
436       447        11         7
442       452        10         2
403       448        45         6
401       443        42        11
43       443       400        11
444       451         7         3
34       432       398        22
450       452         2         2
441       445         4         9
421       430         9        24
443       445         2         9
39       413       374        41
427       453        26         1
433       446        13         8
423       424         1        30
402       433        31        21
431       453        22         1
420       430        10        24
43       451       408         3
23       446       423         8
417       453        36         1
438       444         6        10
255       435       180        19
429       440        11        14
449       450         1         4
431       438         7        16
426       430         4        24
414       438        24        16
441       453        12         1
11       453       442         1
436       453        17         1
32       432       400        22
441       452        11         2
448       450         2         4
448       453         5         1
406       414         8        40
420       449        29         5
43       449       406         5
405       411         6        43
439       443         4        11
403       431        28        23
450       453         3         1
452       453         1         1
449       453         4         1
260       400       140        54
446       448         2         6
422       453        31         1
436       453        17         1
449       450         1         4
39       451       412         3
446       448         2         6
417       450        33         4
434       439         5        15
437       445         8         9
42       449       407         5
444       450         6         4
37       453       416         1
450       452         2         2
433       439         6        15
429       433         4        21
446       453         7         1
421       435        14        19
41       444       403        10
442       451         9         3
43       445       402         9
438       439         1        15
423       447        24         7
434       438         4        16
40       453       413         1
433       453        20         1
406       421        15        33
442       448         6         6
36       450       414         4
408       447        39         7
450       451         1         3
440       445         5         9
18       434       416        20
19       446       427         8
39       425       386        29
41       427       386        27
440       447         7         7
33       449       416         5
447       448         1         6
449       451         2         3
431       434         3        20
252       443       191        11
449       451         2         3
437       453        16         1
382       425        43        29
447       453         6         1
22       435       413        19
448       451         3         3
392       447        55         7
436       451        15         3
30       434       404        20
388       424        36        30
439       452        13         2
41       434       393        20
436       443         7        11
41       452       411         2
419       444        25        10
436       440         4        14
42       446       404         8
259       450       191         4
411       412         1        42
432       450        18         4
34       453       419         1
446       453         7         1
435       448        13         6
417       441        24        13
32       451       419         3
444       446         2         8
236       453       217         1
445       448         3         6
42       453       411         1
407       427        20        27
11       419       408        35
442       446         4         8
263       450       187         4
439       443         4        11
444       449         5         5
420       445        25         9
452       453         1         1
423       452        29         2
418       451        33         3
43       426       383        28
406       430        24        24
444       451         7         3
443       453        10         1
440       453        13         1
402       442        40        12
418       451        33         3
19       423       404        31
435       441         6        13
431       449        18         5
39       453       414         1
26       452       426         2
447       453         6         1
438       441         3        13
445       447         2         7
39       448       409         6
20       398       378        56
27       431       404        23
450       453         3         1
406       441        35        13
448       452         4         2
452       453         1         1
437       451        14         3
424       434        10        20
417       433        16        21
22        35        13       419
42       448       406         6
381       394        13        60
245       413       168        41
34       448       414         6
452       453         1         1
30       427       397        27
43       447       404         7
407       447        40         7
429       438         9        16
43       435       392        19
406       439        33        15
449       452         3         2
450       453         3         1
427       450        23         4
19       450       431         4
424       425         1        29
423       438        15        16
445       452         7         2
400       406         6        48
444       449         5         5
449       453         4         1
42       453       411         1
446       450         4         4
440       443         3        11
407       439        32        15
246       453       207         1
424       453        29         1
449       451         2         3
418       435        17        19
450       453         3         1
434       447        13         7
443       449         6         5
428       450        22         4
37       441       404        13
430       442        12        12
443       447         4         7
426       447        21         7
452       453         1         1
437       440         3        14
439       449        10         5
401       436        35        18
428       441        13        13
435       453        18         1
427       453        26         1
32       451       419         3
440       451        11         3
446       450         4         4
252       449       197         5
430       449        19         5
259       421       162        33
439       452        13         2
403       423        20        31
407       449        42         5
437       449        12         5
417       445        28         9
31       445       414         9
407       437        30        17
428       444        16        10
424       441        17        13
424       452        28         2
440       443         3        11
412       451        39         3
442       444         2        10
418       424         6        30
446       448         2         6
435       439         4        15
427       453        26         1
452       453         1         1
38       443       405        11
437       445         8         9
41       420       379        34
427       435         8        19
437       441         4        13
421       451        30         3
411       435        24        19
419       449        30         5
432       443        11        11
30       451       421         3
436       451        15         3
439       450        11         4
446       451         5         3
38       452       414         2
446       451         5         3
436       440         4        14
425       452        27         2
441       442         1        12
251       449       198         5
434       444        10        10
436       453        17         1
437       450        13         4
43       451       408         3
257       411       154        43
439       451        12         3
414       453        39         1
435       447        12         7
260       403       143        51
450       452         2         2
452       453         1         1
449       453         4         1
399       428        29        26
438       441         3        13
450       452         2         2
448       452         4         2
446       450         4         4
428       440        12        14
451       452         1         2
447       451         4         3
261       438       177        16
434       436         2        18
447       453         6         1
448       452         4         2
6       421       415        33
451       453         2         1
421       430         9        24
448       452         4         2
426       444        18        10
38       440       402        14
421       449        28         5
443       449         6         5
401       451        50         3
424       435        11        19
438       449        11         5
437       451        14         3
414       429        15        25
433       449        16         5
433       452        19         2
