256       262         6         8
258       266         8         4
250       259         9        11
6       262       256         8
248       251         3        19
241       268        27         2
264       267         3         3
263       264         1         6
253       261         8         9
264       269         5         1
262       269         7         1
225       229         4        41
10       269       259         1
237       269        32         1
242       262        20         8
261       264         3         6
239       261        22         9
261       266         5         4
241       266        25         4
262       263         1         7
256       266        10         4
4       264       260         6
248       268        20         2
263       267         4         3
13       265       252         5
255       258         3        12
12       247       235        23
8        16         8       254
19       268       249         2
262       269         7         1
260       263         3         7
252       255         3        15
264       265         1         5
247       251         4        19
265       269         4         1
258       264         6         6
232       251        19        19
265       266         1         4
260       266         6         4
247       269        22         1
265       266         1         4
249       269        20         1
247       263        16         7
258       263         5         7
265       269         4         1
17       268       251         2
267       269         2         1
255       261         6         9
262       264         2         6
230       267        37         3
253       268        15         2
259       265         6         5
257       260         3        10
238       251        13        19
259       268         9         2
16       265       249         5
264       267         3         3
263       266         3         4
251       255         4        15
258       269        11         1
253       261         8         9
258       269        11         1
231       268        37         2
257       262         5         8
259       260         1        10
254       257         3        13
234       263        29         7
261       267         6         3
251       266        15         4
264       265         1         5
252       269        17         1
246       269        23         1
257       261         4         9
219       267        48         3
6       266       260         4
261       262         1         8
254       259         5        11
261       267         6         3
258       265         7         5
256       268        12         2
255       269        14         1
258       267         9         3
264       265         1         5
255       268        13         2
14       267       253         3
254       255         1        15
249       268        19         2
249       269        20         1
246       260        14        10
252       269        17         1
254       268        14         2
239       250        11        20
255       256         1        14
261       264         3         6
267       268         1         2
258       263         5         7
255       264         9         6
252       263        11         7
261       262         1         8
262       263         1         7
245       261        16         9
253       260         7        10
18       268       250         2
254       266        12         4
230       262        32         8
253       259         6        11
262       263         1         7
14       265       251         5
215       251        36        19
248       249         1        21
265       268         3         2
262       268         6         2
257       265         8         5
264       265         1         5
247       261        14         9
236       268        32         2
251       261        10         9
255       267        12         3
255       269        14         1
257       265         8         5
265       266         1         4
4       269       265         1
244       253         9        17
264       265         1         5
263       264         1         6
249       251         2        19
265       266         1         4
258       261         3         9
247       250         3        20
9       259       250        11
18       265       247         5
250       265        15         5
243       251         8        19
16       251       235        19
260       269         9         1
257       267        10         3
261       262         1         8
252       269        17         1
256       267        11         3
259       269        10         1
262       265         3         5
266       267         1         3
264       265         1         5
257       259         2        11
248       266        18         4
268       269         1         1
12       262       250         8
268       269         1         1
223       262        39         8
3       266       263         4
247       265        18         5
255       269        14         1
263       265         2         5
256       265         9         5
263       264         1         6
266       269         3         1
233       237         4        33
259       269        10         1
243       266        23         4
247       255         8        15
252       269        17         1
263       266         3         4
1       265       264         5
16       249       233        21
234       239         5        31
254       258         4        12
260       263         3         7
266       269         3         1
242       269        27         1
264       267         3         3
248       263        15         7
258       267         9         3
262       268         6         2
258       260         2        10
247       255         8        15
261       263         2         7
239       267        28         3
262       265         3         5
252       269        17         1
266       267         1         3
267       269         2         1
258       266         8         4
265       269         4         1
251       257         6        13
249       259        10        11
257       269        12         1
259       269        10         1
256       268        12         2
255       260         5        10
266       268         2         2
251       258         7        12
243       250         7        20
261       265         4         5
259       266         7         4
267       268         1         2
261       263         2         7
249       268        19         2
266       268         2         2
261       265         4         5
226       257        31        13
260       266         6         4
253       269        16         1
261       268         7         2
254       259         5        11
260       262         2         8
258       265         7         5
259       261         2         9
266       267         1         3
18       268       250         2
264       265         1         5
253       267        14         3
262       266         4         4
14       260       246        10
241       269        28         1
255       261         6         9
198       256        58        14
253       257         4        13
239       263        24         7
248       262        14         8
243       264        21         6
254       269        15         1
240       267        27         3
266       267         1         3
261       269         8         1
247       266        19         4
248       255         7        15
254       257         3        13
258       267         9         3
264       269         5         1
253       265        12         5
253       262         9         8
254       259         5        11
262       267         5         3
221       256        35        14
254       256         2        14
256       268        12         2
243       267        24         3
219       267        48         3
267       269         2         1
256       264         8         6
259       261         2         9
251       259         8        11
253       269        16         1
260       267         7         3
264       267         3         3
266       268         2         2
19       265       246         5
253       258         5        12
239       262        23         8
262       263         1         7
259       269        10         1
261       267         6         3
255       264         9         6
248       254         6        16
247       260        13        10
262       269         7         1
255       264         9         6
253       263        10         7
260       262         2         8
251       263        12         7
266       268         2         2
258       262         4         8
260       266         6         4
248       264        16         6
235       255        20        15
245       252         7        18
229       263        34         7
255       268        13         2
226       263        37         7
247       262        15         8
263       266         3         4
257       269        12         1
265       269         4         1
248       251         3        19
260       267         7         3
13       267       254         3
262       265         3         5
268       269         1         1
261       266         5         4
257       268        11         2
268       269         1         1
263       267         4         3
262       267         5         3
258       265         7         5
19       267       248         3
260       263         3         7
262       264         2         6
3       269       266         1
244       261        17         9
18       267       249         3
262       268         6         2
247       259        12        11
253       259         6        11
251       268        17         2
255       268        13         2
249       260        11        10
259       262         3         8
259       262         3         8
264       269         5         1
248       260        12        10
9       269       260         1
258       266         8         4
254       256         2        14
263       268         5         2
250       267        17         3
5       262       257         8
257       268        11         2
236       268        32         2
267       268         1         2
247       252         5        18
268       269         1         1
260       261         1         9
248       263        15         7
10       264       254         6
12       269       257         1
252       254         2        16
237       265        28         5
260       265         5         5
263       268         5         2
258       267         9         3
246       256        10        14
255       257         2        13
246       269        23         1
224       264        40         6
237       262        25         8
4       260       256        10
232       268        36         2
245       266        21         4
259       268         9         2
8       261       253         9
233       265        32         5
243       260        17        10
255       265        10         5
250       258         8        12
257       265         8         5
256       257         1        13
240       245         5        25
258       268        10         2
255       262         7         8
245       267        22         3
263       268         5         2
265       269         4         1
260       265         5         5
7       268       261         2
252       262        10         8
268       269         1         1
251       260         9        10
252       256         4        14
265       269         4         1
254       257         3        13
257       258         1        12
255       264         9         6
257       268        11         2
244       264        20         6
244       260        16        10
10       255       245        15
265       267         2         3
263       265         2         5
263       267         4         3
252       263        11         7
217       240        23        30
267       269         2         1
266       267         1         3
264       268         4         2
265       268         3         2
256       261         5         9
248       263        15         7
268       269         1         1
240       242         2        28
254       265        11         5
259       269        10         1
268       269         1         1
247       266        19         4
262       264         2         6
267       268         1         2
262       268         6         2
256       258         2        12
240       269        29         1
266       268         2         2
257       259         2        11
242       268        26         2
238       242         4        28
247       260        13        10
265       269         4         1
261       262         1         8
235       269        34         1
2       266       264         4
263       269         6         1
16       260       244        10
250       265        15         5
261       269         8         1
4       259       255        11
263       267         4         3
242       266        24         4
258       269        11         1
265       267         2         3
242       266        24         4
241       261        20         9
251       253         2        17
248       268        20         2
262       269         7         1
19       249       230        21
265       266         1         4
260       262         2         8
258       269        11         1
18       269       251         1
261       262         1         8
267       269         2         1
260       261         1         9
237       252        15        18
251       256         5        14
262       266         4         4
253       266        13         4
254       258         4        12
216       268        52         2
5       246       241        24
263       264         1         6
209       264        55         6
224       235        11        35
256       259         3        11
265       267         2         3
257       262         5         8
246       255         9        15
237       253        16        17
266       267         1         3
258       266         8         4
262       269         7         1
260       269         9         1
242       260        18        10
256       267        11         3
265       269         4         1
261       267         6         3
259       263         4         7
6        11         5       259
252       269        17         1
248       260        12        10
244       266        22         4
263       268         5         2
243       263        20         7
251       253         2        17
245       266        21         4
17       261       244         9
264       269         5         1
245       267        22         3
1       266       265         4
18       267       249         3
256       263         7         7
237       269        32         1
230       257        27        13
15       268       253         2
247       263        16         7
257       258         1        12
227       266        39         4
262       267         5         3
264       269         5         1
262       264         2         6
253       266        13         4
246       269        23         1
263       269         6         1
8       259       251        11
256       265         9         5
245       265        20         5
244       266        22         4
254       265        11         5
245       269        24         1
253       268        15         2
263       264         1         6
265       267         2         3
258       264         6         6
252       258         6        12
248       256         8        14
247       251         4        19
245       261        16         9
255       269        14         1
267       268         1         2
262       266         4         4
253       263        10         7
238       259        21        11
242       252        10        18
254       266        12         4
258       265         7         5
268       269         1         1
266       267         1         3
266       269         3         1
238       263        25         7
253       269        16         1
261       266         5         4
257       264         7         6
249       265        16         5
19       269       250         1
268       269         1         1
254       264        10         6
266       269         3         1
258       259         1        11
248       258        10        12
18       240       222        30
258       265         7         5
267       268         1         2
259       260         1        10
245       259        14        11
251       266        15         4
262       264         2         6
256       269        13         1
256       260         4        10
257       259         2        11
255       264         9         6
251       269        18         1
258       269        11         1
261       264         3         6
1       269       268         1
255       266        11         4
251       269        18         1
11       265       254         5
14       266       252         4
251       253         2        17
254       266        12         4
259       264         5         6
258       269        11         1
268       269         1         1
261       264         3         6
260       269         9         1
234       257        23        13
248       253         5        17
242       268        26         2
259       261         2         9
14       267       253         3
10       253       243        17
256       267        11         3
268       269         1         1
266       269         3         1
252       263        11         7
225       269        44         1
11       268       257         2
267       268         1         2
258       263         5         7
258       268        10         2
247       261        14         9
15       258       243        12
256       265         9         5
265       267         2         3
237       261        24         9
223       269        46         1
247       268        21         2
246       260        14        10
264       269         5         1
261       264         3         6
10       266       256         4
262       264         2         6
12       264       252         6
248       255         7        15
263       265         2         5
14       267       253         3
260       269         9         1
265       269         4         1
230       255        25        15
257       264         7         6
258       265         7         5
256       266        10         4
246       264        18         6
221       253        32        17
225       259        34        11
254       256         2        14
243       249         6        21
265       267         2         3
14       239       225        31
254       262         8         8
262       267         5         3
252       263        11         7
9       266       257         4
240       241         1        29
261       264         3         6
238       269        31         1
266       269         3         1
245       260        15        10
263       269         6         1
243       259        16        11
263       269         6         1
257       264         7         6
259       264         5         6
261       266         5         4
267       268         1         2
253       255         2        15
259       260         1        10
267       269         2         1
255       258         3        12
5       261       256         9
246       260        14        10
17       267       250         3
225       257        32        13
256       267        11         3
245       259        14        11
254       269        15         1
267       268         1         2
256       266        10         4
263       267         4         3
244       268        24         2
267       268         1         2
239       246         7        24
14       259       245        11
15       250       235        20
264       267         3         3
246       250         4        20
261       268         7         2
243       252         9        18
18       267       249         3
258       259         1        11
250       261        11         9
250       261        11         9
255       265        10         5
252       261         9         9
11       264       253         6
247       268        21         2
217       265        48         5
246       249         3        21
241       265        24         5
14       235       221        35
237       264        27         6
246       262        16         8
266       267         1         3
263       267         4         3
254       256         2        14
254       268        14         2
264       268         4         2
258       269        11         1
256       260         4        10
267       268         1         2
10       265       255         5
265       267         2         3
16       264       248         6
16       262       246         8
248       260        12        10
235       251        16        19
268       269         1         1
252       269        17         1
253       267        14         3
251       260         9        10
257       258         1        12
254       269        15         1
13       233       220        37
16       267       251         3
264       269         5         1
262       267         5         3
248       258        10        12
241       258        17        12
249       265        16         5
251       265        14         5
266       268         2         2
247       248         1        22
251       269        18         1
246       268        22         2
265       267         2         3
261       265         4         5
262       269         7         1
8       231       223        39
249       252         3        18
248       263        15         7
2       264       262         6
249       260        11        10
223       260        37        10
261       265         4         5
245       265        20         5
228       257        29        13
249       261        12         9
245       261        16         9
19       269       250         1
248       262        14         8
242       252        10        18
262       266         4         4
17       262       245         8
14       269       255         1
263       268         5         2
16       251       235        19
252       253         1        17
261       265         4         5
260       268         8         2
252       269        17         1
242       255        13        15
260       261         1         9
256       266        10         4
265       268         3         2
235       264        29         6
258       269        11         1
248       260        12        10
17       268       251         2
236       264        28         6
266       267         1         3
11       259       248        11
265       266         1         4
263       267         4         3
240       257        17        13
262       266         4         4
251       266        15         4
262       266         4         4
262       268         6         2
246       255         9        15
262       267         5         3
247       267        20         3
260       261         1         9
256       261         5         9
255       266        11         4
265       267         2         3
244       260        16        10
258       269        11         1
242       262        20         8
3       258       255        12
258       263         5         7
263       269         6         1
257       260         3        10
2       245       243        25
261       262         1         8
253       263        10         7
260       262         2         8
265       267         2         3
258       265         7         5
257       261         4         9
266       268         2         2
253       268        15         2
241       247         6        23
262       269         7         1
254       262         8         8
244       255        11        15
259       260         1        10
247       263        16         7
266       268         2         2
252       259         7        11
7        17        10       253
17       269       252         1
248       266        18         4
261       268         7         2
18       242       224        28
266       269         3         1
15       254       239        16
265       269         4         1
19       245       226        25
266       268         2         2
249       259        10        11
248       269        21         1
251       255         4        15
260       269         9         1
231       264        33         6
258       263         5         7
243       262        19         8
252       259         7        11
261       268         7         2
1       265       264         5
19       266       247         4
264       268         4         2
18       243       225        27
11       252       241        18
237       264        27         6
266       269         3         1
254       269        15         1
240       268        28         2
228       265        37         5
221       253        32        17
262       264         2         6
265       269         4         1
265       268         3         2
259       265         6         5
264       268         4         2
253       264        11         6
18       237       219        33
254       257         3        13
14       266       252         4
257       265         8         5
248       266        18         4
256       262         6         8
249       268        19         2
233       267        34         3
259       264         5         6
260       267         7         3
15       269       254         1
254       256         2        14
262       268         6         2
239       264        25         6
254       264        10         6
243       269        26         1
264       265         1         5
259       261         2         9
265       269         4         1
18       235       217        35
260       264         4         6
259       269        10         1
259       264         5         6
251       267        16         3
261       269         8         1
253       266        13         4
261       267         6         3
263       267         4         3
263       264         1         6
242       263        21         7
18       268       250         2
239       267        28         3
256       268        12         2
261       265         4         5
251       262        11         8
264       267         3         3
19       262       243         8
252       269        17         1
254       256         2        14
256       263         7         7
259       262         3         8
264       266         2         4
262       269         7         1
239       263        24         7
243       259        16        11
264       268         4         2
267       268         1         2
254       262         8         8
4       269       265         1
233       264        31         6
263       264         1         6
262       269         7         1
215       252        37        18
262       269         7         1
266       268         2         2
246       247         1        23
250       262        12         8
14       269       255         1
16       261       245         9
16       267       251         3
226       267        41         3
14       264       250         6
15       269       254         1
268       269         1         1
252       263        11         7
261       262         1         8
254       267        13         3
18       245       227        25
267       268         1         2
262       263         1         7
257       268        11         2
17       253       236        17
262       263         1         7
254       269        15         1
245       253         8        17
253       261         8         9
243       249         6        21
256       267        11         3
226       268        42         2
247       263        16         7
221       266        45         4
19       264       245         6
257       268        11         2
258       263         5         7
251       265        14         5
262       266         4         4
18       260       242        10
245       254         9        16
12       257       245        13
253       267        14         3
16       253       237        17
249       255         6        15
18       264       246         6
249       266        17         4
239       254        15        16
262       264         2         6
262       265         3         5
262       266         4         4
259       264         5         6
208       245        37        25
263       269         6         1
9       267       258         3
258       268        10         2
252       263        11         7
259       269        10         1
229       258        29        12
250       254         4        16
18       268       250         2
237       259        22        11
250       260        10        10
259       266         7         4
232       260        28        10
258       265         7         5
265       268         3         2
247       265        18         5
258       266         8         4
265       267         2         3
262       269         7         1
9       255       246        15
261       269         8         1
258       259         1        11
268       269         1         1
266       269         3         1
241       254        13        16
264       267         3         3
253       264        11         6
6       243       237        27
253       262         9         8
253       268        15         2
256       260         4        10
250       252         2        18
246       257        11        13
264       266         2         4
222       260        38        10
254       267        13         3
259       263         4         7
258       260         2        10
249       261        12         9
250       252         2        18
260       262         2         8
253       268        15         2
256       258         2        12
250       259         9        11
257       268        11         2
265       266         1         4
258       266         8         4
254       268        14         2
251       269        18         1
18       267       249         3
17       265       248         5
231       239         8        31
251       266        15         4
249       257         8        13
265       267         2         3
264       269         5         1
262       267         5         3
258       259         1        11
266       269         3         1
262       264         2         6
258       266         8         4
257       266         9         4
263       269         6         1
258       262         4         8
259       269        10         1
261       265         4         5
250       260        10        10
246       268        22         2
19       257       238        13
10       263       253         7
262       266         4         4
265       268         3         2
17       263       246         7
247       269        22         1
14       266       252         4
245       257        12        13
258       266         8         4
257       266         9         4
268       269         1         1
261       265         4         5
248       252         4        18
266       267         1         3
254       264        10         6
256       265         9         5
258       263         5         7
265       269         4         1
261       262         1         8
255       263         8         7
253       268        15         2
258       268        10         2
256       267        11         3
214       269        55         1
266       269         3         1
243       255        12        15
250       269        19         1
249       268        19         2
245       264        19         6
249       267        18         3
263       266         3         4
255       265        10         5
255       269        14         1
259       269        10         1
257       262         5         8
261       267         6         3
254       269        15         1
213       262        49         8
16       265       249         5
259       269        10         1
266       268         2         2
263       269         6         1
244       261        17         9
263       264         1         6
258       264         6         6
260       265         5         5
11       262       251         8
264       269         5         1
260       266         6         4
264       266         2         4
260       266         6         4
246       266        20         4
4       259       255        11
248       264        16         6
259       267         8         3
257       266         9         4
257       264         7         6
266       267         1         3
248       251         3        19
251       253         2        17
250       262        12         8
251       265        14         5
246       259        13        11
18       264       246         6
258       266         8         4
245       262        17         8
264       266         2         4
254       267        13         3
257       268        11         2
247       269        22         1
233       259        26        11
262       263         1         7
