317       340        23        15
341       342         1        13
352       353         1         2
336       347        11         8
329       354        25         1
317       318         1        37
343       352         9         3
29       354       325         1
215       348       133         7
4       351       347         4
350       354         4         1
333       345        12        10
347       352         5         3
332       353        21         2
213       348       135         7
350       353         3         2
352       354         2         1
331       333         2        22
348       351         3         4
318       328        10        27
346       351         5         4
338       349        11         6
347       353         6         2
327       345        18        10
335       352        17         3
345       347         2         8
349       352         3         3
331       354        23         1
337       354        17         1
351       354         3         1
322       348        26         7
347       351         4         4
343       345         2        10
336       338         2        17
346       351         5         4
342       348         6         7
26       352       326         3
349       352         3         3
315       348        33         7
331       354        23         1
343       350         7         5
325       353        28         2
346       351         5         4
348       353         5         2
342       353        11         2
331       347        16         8
328       337         9        18
16       347       331         8
335       345        10        10
324       351        27         4
223       354       131         1
320       353        33         2
349       352         3         3
191       354       163         1
187       350       163         5
345       353         8         2
349       351         2         4
207       353       146         2
342       349         7         6
338       340         2        15
326       354        28         1
7       349       342         6
352       353         1         2
343       350         7         5
186       346       160         9
353       354         1         1
345       354         9         1
23       347       324         8
340       353        13         2
336       351        15         4
327       335         8        20
335       354        19         1
340       353        13         2
305       326        21        29
353       354         1         1
28       354       326         1
337       349        12         6
328       353        25         2
178       347       169         8
338       339         1        16
325       350        25         5
333       338         5        17
331       344        13        11
350       351         1         4
208       343       135        12
179       339       160        16
334       354        20         1
7       344       337        11
352       353         1         2
5       352       347         3
351       353         2         2
353       354         1         1
344       354        10         1
347       350         3         5
338       345         7        10
333       342         9        13
352       353         1         2
328       348        20         7
325       329         4        26
346       347         1         8
333       351        18         4
349       350         1         5
353       354         1         1
346       352         6         3
350       351         1         4
213       345       132        10
346       353         7         2
17       338       321        17
305       347        42         8
320       352        32         3
29       345       316        10
347       350         3         5
342       345         3        10
327       330         3        25
346       348         2         7
347       353         6         2
334       340         6        15
349       353         4         2
345       352         7         3
351       353         2         2
301       351        50         4
342       353        11         2
334       351        17         4
349       350         1         5
23       349       326         6
324       349        25         6
345       353         8         2
335       346        11         9
316       342        26        13
343       349         6         6
328       334         6        21
341       353        12         2
327       350        23         5
308       340        32        15
223       328       105        27
352       354         2         1
343       354        11         1
189       354       165         1
322       354        32         1
342       345         3        10
28       347       319         8
31       354       323         1
337       344         7        11
342       353        11         2
342       344         2        11
330       331         1        24
326       348        22         7
348       352         4         3
333       339         6        16
330       341        11        14
341       354        13         1
339       347         8         8
351       352         1         3
333       346        13         9
172       353       181         2
350       351         1         4
336       349        13         6
350       352         2         3
27       180       153       175
337       344         7        11
352       354         2         1
346       349         3         6
328       334         6        21
348       352         4         3
31       337       306        18
329       334         5        21
332       350        18         5
348       351         3         4
328       350        22         5
348       352         4         3
340       352        12         3
335       343         8        12
23       334       311        21
15       352       337         3
30       352       322         3
334       351        17         4
31       351       320         4
324       347        23         8
347       351         4         4
353       354         1         1
353       354         1         1
324       333         9        22
4       321       317        34
352       354         2         1
30       354       324         1
340       354        14         1
345       354         9         1
327       349        22         6
318       347        29         8
317       336        19        19
350       352         2         3
28       352       324         3
335       349        14         6
339       351        12         4
328       354        26         1
344       347         3         8
31       347       316         8
331       345        14        10
352       353         1         2
31       343       312        12
327       352        25         3
352       354         2         1
23       217       194       138
326       334         8        21
349       354         5         1
350       351         1         4
333       349        16         6
335       337         2        18
338       354        16         1
352       353         1         2
338       353        15         2
31       353       322         2
172       354       182         1
348       351         3         4
324       348        24         7
345       351         6         4
330       349        19         6
339       347         8         8
353       354         1         1
223       353       130         2
337       348        11         7
348       353         5         2
352       354         2         1
342       350         8         5
348       353         5         2
221       347       126         8
30       353       323         2
345       354         9         1
346       348         2         7
344       350         6         5
29       353       324         2
348       351         3         4
341       349         8         6
15       332       317        23
307       349        42         6
304       337        33        18
347       348         1         7
352       354         2         1
336       338         2        17
341       343         2        12
331       342        11        13
333       336         3        19
349       351         2         4
330       346        16         9
330       350        20         5
348       354         6         1
350       354         4         1
316       345        29        10
319       349        30         6
339       353        14         2
311       349        38         6
349       354         5         1
350       353         3         2
28       352       324         3
349       351         2         4
338       340         2        15
347       348         1         7
352       353         1         2
334       339         5        16
341       352        11         3
25       342       317        13
327       339        12        16
335       343         8        12
348       352         4         3
342       351         9         4
352       353         1         2
330       353        23         2
336       354        18         1
349       352         3         3
323       351        28         4
317       352        35         3
352       354         2         1
337       348        11         7
345       347         2         8
179       349       170         6
335       344         9        11
327       349        22         6
341       342         1        13
349       351         2         4
341       344         3        11
344       347         3         8
345       351         6         4
332       333         1        22
24       329       305        26
324       343        19        12
337       338         1        17
308       349        41         6
327       330         3        25
323       345        22        10
25       348       323         7
327       347        20         8
29       354       325         1
340       354        14         1
335       353        18         2
328       346        18         9
24       354       330         1
348       354         6         1
343       345         2        10
344       353         9         2
25       344       319        11
343       347         4         8
187       341       154        14
336       352        16         3
326       328         2        27
348       350         2         5
349       352         3         3
219       353       134         2
329       348        19         7
327       348        21         7
21       342       321        13
346       354         8         1
343       346         3         9
222       352       130         3
314       334        20        21
342       353        11         2
347       348         1         7
350       353         3         2
347       352         5         3
340       353        13         2
347       352         5         3
342       351         9         4
333       341         8        14
314       346        32         9
349       351         2         4
324       339        15        16
333       342         9        13
289       322        33        33
338       344         6        11
337       354        17         1
30       331       301        24
334       353        19         2
348       354         6         1
349       351         2         4
332       348        16         7
325       346        21         9
351       354         3         1
333       353        20         2
335       353        18         2
351       354         3         1
14       345       331        10
335       353        18         2
343       348         5         7
346       349         3         6
344       351         7         4
338       345         7        10
27       184       157       171
352       354         2         1
187       353       166         2
348       349         1         6
15       346       331         9
26       348       322         7
347       354         7         1
327       349        22         6
326       346        20         9
342       345         3        10
344       353         9         2
311       336        25        19
349       354         5         1
15       352       337         3
348       349         1         6
337       354        17         1
339       345         6        10
29       349       320         6
351       352         1         3
183       353       170         2
335       353        18         2
339       348         9         7
339       351        12         4
29       354       325         1
345       353         8         2
12       348       336         7
348       353         5         2
350       354         4         1
29       342       313        13
347       349         2         6
327       329         2        26
322       352        30         3
351       353         2         2
343       348         5         7
31       351       320         4
10       349       339         6
181       317       136        38
294       351        57         4
340       347         7         8
31       350       319         5
319       353        34         2
323       339        16        16
325       344        19        11
335       336         1        19
327       335         8        20
30       354       324         1
25       351       326         4
318       344        26        11
353       354         1         1
344       352         8         3
341       344         3        11
346       353         7         2
324       345        21        10
333       341         8        14
29       354       325         1
320       349        29         6
22       352       330         3
344       353         9         2
186       353       167         2
327       349        22         6
349       350         1         5
334       353        19         2
343       349         6         6
336       350        14         5
326       334         8        21
320       351        31         4
334       337         3        18
340       354        14         1
350       351         1         4
352       353         1         2
350       351         1         4
342       352        10         3
28       353       325         2
303       343        40        12
345       348         3         7
349       354         5         1
347       353         6         2
334       338         4        17
339       346         7         9
333       336         3        19
350       354         4         1
341       348         7         7
337       354        17         1
339       354        15         1
332       345        13        10
332       354        22         1
343       351         8         4
188       348       160         7
217       354       137         1
347       353         6         2
344       345         1        10
331       353        22         2
187       338       151        17
347       351         4         4
340       346         6         9
348       354         6         1
342       343         1        12
350       351         1         4
353       354         1         1
285       340        55        15
342       353        11         2
341       346         5         9
20        23         3       332
333       338         5        17
350       354         4         1
341       346         5         9
338       342         4        13
350       351         1         4
181       334       153        21
322       337        15        18
334       351        17         4
347       348         1         7
323       333        10        22
27       348       321         7
345       347         2         8
335       346        11         9
347       348         1         7
13       339       326        16
339       352        13         3
339       354        15         1
321       352        31         3
330       340        10        15
331       352        21         3
342       350         8         5
352       354         2         1
339       348         9         7
294       328        34        27
27       350       323         5
29       343       314        12
326       353        27         2
23       324       301        31
336       353        17         2
13       353       340         2
330       347        17         8
310       332        22        23
207       352       145         3
335       353        18         2
333       353        20         2
347       348         1         7
324       352        28         3
338       349        11         6
351       352         1         3
348       354         6         1
333       352        19         3
31       350       319         5
29       348       319         7
222       349       127         6
352       354         2         1
350       351         1         4
342       343         1        12
28       345       317        10
334       345        11        10
346       347         1         8
185       344       159        11
28       345       317        10
334       347        13         8
353       354         1         1
194       353       159         2
317       354        37         1
340       349         9         6
330       343        13        12
17       329       312        26
352       353         1         2
25       342       317        13
349       352         3         3
353       354         1         1
342       353        11         2
339       344         5        11
19       347       328         8
29       353       324         2
338       347         9         8
335       351        16         4
340       343         3        12
324       352        28         3
346       348         2         7
18       354       336         1
349       350         1         5
343       353        10         2
347       350         3         5
331       346        15         9
346       354         8         1
177       324       147        31
350       353         3         2
351       354         3         1
333       350        17         5
328       330         2        25
20       340       320        15
310       330        20        25
343       346         3         9
328       333         5        22
187       339       152        16
345       346         1         9
335       353        18         2
328       349        21         6
342       353        11         2
29       333       304        22
350       352         2         3
13       337       324        18
344       348         4         7
348       349         1         6
6       341       335        14
327       331         4        24
345       352         7         3
341       342         1        13
26       352       326         3
349       351         2         4
27       347       320         8
347       354         7         1
340       349         9         6
309       327        18        28
330       335         5        20
347       353         6         2
325       346        21         9
328       352        24         3
317       332        15        23
347       351         4         4
324       352        28         3
331       346        15         9
185       335       150        20
333       353        20         2
349       354         5         1
205       222        17       133
347       351         4         4
347       352         5         3
338       352        14         3
337       351        14         4
343       344         1        11
188       352       164         3
336       341         5        14
338       341         3        14
319       333        14        22
337       349        12         6
165       352       187         3
207       350       143         5
341       352        11         3
10       352       342         3
343       352         9         3
220       354       134         1
336       351        15         4
344       353         9         2
336       351        15         4
334       352        18         3
347       353         6         2
349       352         3         3
332       347        15         8
341       350         9         5
351       352         1         3
222       328       106        27
349       354         5         1
341       343         2        12
329       349        20         6
185       345       160        10
332       352        20         3
334       351        17         4
339       354        15         1
305       347        42         8
325       348        23         7
340       343         3        12
31       334       303        21
223       354       131         1
334       346        12         9
336       348        12         7
333       348        15         7
334       349        15         6
351       354         3         1
334       345        11        10
350       354         4         1
327       346        19         9
194       353       159         2
183       335       152        20
347       350         3         5
329       354        25         1
352       354         2         1
349       351         2         4
342       354        12         1
353       354         1         1
330       333         3        22
335       350        15         5
336       346        10         9
350       352         2         3
345       354         9         1
14       349       335         6
336       344         8        11
344       354        10         1
342       346         4         9
341       349         8         6
30       352       322         3
19       333       314        22
339       341         2        14
348       353         5         2
352       353         1         2
338       344         6        11
337       354        17         1
338       340         2        15
31       340       309        15
318       336        18        19
167       350       183         5
347       353         6         2
351       353         2         2
314       351        37         4
328       345        17        10
345       348         3         7
26       331       305        24
351       354         3         1
344       354        10         1
30       340       310        15
351       354         3         1
352       353         1         2
344       348         4         7
25       340       315        15
353       354         1         1
350       354         4         1
220       350       130         5
346       354         8         1
351       354         3         1
340       352        12         3
345       350         5         5
347       351         4         4
333       339         6        16
346       353         7         2
25        29         4       326
334       337         3        18
340       346         6         9
343       352         9         3
339       340         1        15
209       354       145         1
24       337       313        18
346       353         7         2
337       342         5        13
345       346         1         9
24       352       328         3
339       351        12         4
340       352        12         3
350       352         2         3
339       352        13         3
339       352        13         3
343       344         1        11
24       352       328         3
20       354       334         1
310       338        28        17
347       354         7         1
347       353         6         2
339       351        12         4
326       340        14        15
341       345         4        10
352       353         1         2
22       351       329         4
341       349         8         6
17       332       315        23
351       352         1         3
27       346       319         9
191       320       129        35
335       345        10        10
339       351        12         4
191       338       147        17
330       347        17         8
300       348        48         7
351       354         3         1
341       343         2        12
339       353        14         2
9       347       338         8
342       354        12         1
340       343         3        12
348       352         4         3
343       353        10         2
26       349       323         6
326       338        12        17
341       350         9         5
346       349         3         6
349       354         5         1
349       354         5         1
325       351        26         4
349       350         1         5
327       349        22         6
347       350         3         5
184       336       152        19
342       354        12         1
327       332         5        23
12       345       333        10
343       354        11         1
330       345        15        10
334       339         5        16
338       351        13         4
350       352         2         3
340       352        12         3
341       349         8         6
345       348         3         7
25       347       322         8
337       351        14         4
348       353         5         2
350       353         3         2
311       350        39         5
348       350         2         5
338       347         9         8
27       354       327         1
333       350        17         5
28       354       326         1
343       348         5         7
16       342       326        13
28       323       295        32
334       339         5        16
23       351       328         4
15       354       339         1
342       352        10         3
328       333         5        22
326       351        25         4
343       347         4         8
338       351        13         4
336       353        17         2
220       354       134         1
343       354        11         1
19        24         5       331
343       350         7         5
186       345       159        10
4       354       350         1
344       354        10         1
328       351        23         4
345       349         4         6
335       337         2        18
351       354         3         1
24       346       322         9
323       353        30         2
333       340         7        15
341       350         9         5
340       346         6         9
335       336         1        19
349       352         3         3
23       331       308        24
345       350         5         5
1       349       348         6
343       354        11         1
343       344         1        11
353       354         1         1
322       345        23        10
333       342         9        13
347       354         7         1
341       350         9         5
346       351         5         4
325       328         3        27
346       353         7         2
339       340         1        15
343       353        10         2
349       351         2         4
325       333         8        22
338       341         3        14
348       354         6         1
13       351       338         4
349       351         2         4
220       349       129         6
336       353        17         2
26       353       327         2
341       349         8         6
335       353        18         2
19       336       317        19
333       353        20         2
333       350        17         5
346       354         8         1
31       353       322         2
344       351         7         4
349       354         5         1
351       354         3         1
328       337         9        18
324       354        30         1
341       348         7         7
347       352         5         3
350       351         1         4
340       346         6         9
341       343         2        12
208       351       143         4
342       354        12         1
347       348         1         7
343       344         1        11
329       345        16        10
321       324         3        31
317       350        33         5
350       353         3         2
27       343       316        12
347       348         1         7
329       350        21         5
327       353        26         2
350       351         1         4
219       354       135         1
342       349         7         6
347       350         3         5
189       346       157         9
202       336       134        19
341       350         9         5
338       347         9         8
341       349         8         6
351       353         2         2
329       345        16        10
332       354        22         1
332       353        21         2
329       337         8        18
347       348         1         7
331       332         1        23
349       353         4         2
338       344         6        11
328       354        26         1
345       346         1         9
339       353        14         2
333       349        16         6
345       346         1         9
336       352        16         3
349       353         4         2
223       340       117        15
332       352        20         3
328       340        12        15
349       353         4         2
336       354        18         1
333       338         5        17
329       346        17         9
350       354         4         1
332       344        12        11
336       337         1        18
343       352         9         3
345       349         4         6
339       343         4        12
30       352       322         3
335       350        15         5
344       348         4         7
320       328         8        27
353       354         1         1
346       350         4         5
349       353         4         2
346       353         7         2
352       353         1         2
347       354         7         1
340       344         4        11
323       338        15        17
330       336         6        19
327       345        18        10
345       347         2         8
337       345         8        10
217       351       134         4
319       353        34         2
344       354        10         1
321       353        32         2
341       348         7         7
340       343         3        12
223       347       124         8
218       335       117        20
25       353       328         2
325       351        26         4
328       346        18         9
346       349         3         6
343       352         9         3
349       353         4         2
333       352        19         3
345       353         8         2
30       350       320         5
29       346       317         9
216       352       136         3
353       354         1         1
336       341         5        14
341       345         4        10
350       351         1         4
331       349        18         6
342       347         5         8
348       354         6         1
343       347         4         8
351       354         3         1
339       351        12         4
320       347        27         8
334       352        18         3
341       345         4        10
342       354        12         1
25       343       318        12
28       353       325         2
334       354        20         1
337       349        12         6
340       343         3        12
331       347        16         8
346       349         3         6
348       353         5         2
345       352         7         3
321       333        12        22
27       354       327         1
26       348       322         7
346       349         3         6
175       351       176         4
326       346        20         9
344       345         1        10
333       347        14         8
341       351        10         4
333       335         2        20
349       351         2         4
310       345        35        10
332       347        15         8
349       352         3         3
314       343        29        12
349       350         1         5
325       345        20        10
325       326         1        29
350       353         3         2
350       351         1         4
330       340        10        15
283       354        71         1
346       347         1         8
347       352         5         3
318       331        13        24
303       338        35        17
340       351        11         4
326       353        27         2
343       352         9         3
24       341       317        14
341       352        11         3
335       343         8        12
341       348         7         7
187       347       160         8
348       349         1         6
329       350        21         5
324       347        23         8
350       351         1         4
322       341        19        14
344       353         9         2
338       351        13         4
346       353         7         2
329       333         4        22
340       345         5        10
188       354       166         1
350       353         3         2
185       342       157        13
331       349        18         6
346       351         5         4
340       349         9         6
336       354        18         1
347       353         6         2
27       330       303        25
28       339       311        16
28       335       307        20
338       344         6        11
332       350        18         5
26       354       328         1
340       344         4        11
208       326       118        29
320       339        19        16
341       352        11         3
335       345        10        10
352       354         2         1
348       351         3         4
344       352         8         3
348       352         4         3
327       344        17        11
344       352         8         3
222       331       109        24
343       347         4         8
333       354        21         1
206       350       144         5
26       338       312        17
337       348        11         7
25       322       297        33
350       353         3         2
311       344        33        11
351       354         3         1
