224       229         5         1
195       214        19        16
222       225         3         5
221       227         6         3
217       223         6         7
220       229         9         1
211       224        13         6
218       229        11         1
227       228         1         2
211       227        16         3
220       226         6         4
219       225         6         5
217       226         9         4
225       227         2         3
223       229         6         1
216       227        11         3
212       215         3        15
220       223         3         7
221       228         7         2
223       228         5         2
203       218        15        12
224       229         5         1
221       229         8         1
212       228        16         2
216       220         4        10
226       227         1         3
224       229         5         1
227       229         2         1
223       225         2         5
224       229         5         1
217       220         3        10
17       211       194        19
224       229         5         1
224       228         4         2
225       226         1         4
225       229         4         1
224       227         3         3
225       228         3         2
225       227         2         3
14       228       214         2
227       228         1         2
222       223         1         7
193       216        23        14
225       229         4         1
220       222         2         8
225       226         1         4
217       221         4         9
17       229       212         1
211       228        17         2
200       220        20        10
221       229         8         1
222       228         6         2
222       223         1         7
214       221         7         9
221       229         8         1
218       219         1        11
222       229         7         1
210       221        11         9
223       224         1         6
3       224       221         6
19       227       208         3
214       228        14         2
202       219        17        11
226       228         2         2
226       229         3         1
223       229         6         1
222       223         1         7
226       228         2         2
223       228         5         2
223       229         6         1
222       228         6         2
224       226         2         4
212       229        17         1
209       228        19         2
226       227         1         3
223       229         6         1
224       226         2         4
222       223         1         7
218       221         3         9
223       229         6         1
226       228         2         2
218       225         7         5
224       229         5         1
205       220        15        10
219       225         6         5
227       229         2         1
224       228         4         2
217       223         6         7
216       229        13         1
223       226         3         4
204       217        13        13
225       226         1         4
17       210       193        20
220       229         9         1
215       224         9         6
227       228         1         2
216       217         1        13
218       224         6         6
220       229         9         1
209       226        17         4
213       222         9         8
211       225        14         5
228       229         1         1
225       228         3         2
207       218        11        12
227       228         1         2
19       226       207         4
221       223         2         7
209       222        13         8
226       229         3         1
221       229         8         1
226       229         3         1
217       229        12         1
220       223         3         7
221       222         1         8
215       226        11         4
216       227        11         3
209       220        11        10
224       229         5         1
221       224         3         6
226       227         1         3
228       229         1         1
225       226         1         4
226       227         1         3
226       228         2         2
219       222         3         8
222       229         7         1
228       229         1         1
219       221         2         9
225       226         1         4
224       226         2         4
222       225         3         5
222       223         1         7
223       224         1         6
199       213        14        17
219       221         2         9
226       228         2         2
214       225        11         5
224       225         1         5
228       229         1         1
222       225         3         5
216       221         5         9
222       229         7         1
218       224         6         6
216       223         7         7
222       226         4         4
217       220         3        10
223       228         5         2
222       228         6         2
215       216         1        14
200       203         3        27
215       221         6         9
219       227         8         3
224       229         5         1
225       227         2         3
210       217         7        13
215       216         1        14
221       227         6         3
219       227         8         3
195       219        24        11
228       229         1         1
217       224         7         6
223       229         6         1
223       229         6         1
218       224         6         6
211       221        10         9
226       228         2         2
209       226        17         4
216       228        12         2
224       225         1         5
12       229       217         1
219       227         8         3
226       227         1         3
17       209       192        21
217       219         2        11
225       229         4         1
220       229         9         1
218       229        11         1
14       227       213         3
226       227         1         3
225       227         2         3
207       229        22         1
223       225         2         5
217       224         7         6
215       226        11         4
223       228         5         2
213       223        10         7
215       217         2        13
218       223         5         7
205       217        12        13
222       225         3         5
208       216         8        14
15       222       207         8
5       227       222         3
218       221         3         9
221       222         1         8
8       227       219         3
219       222         3         8
201       227        26         3
214       224        10         6
219       229        10         1
222       228         6         2
10        16         6       214
220       226         6         4
217       229        12         1
222       229         7         1
213       228        15         2
219       229        10         1
212       224        12         6
224       229         5         1
226       228         2         2
226       228         2         2
211       221        10         9
210       224        14         6
225       229         4         1
215       228        13         2
221       228         7         2
217       228        11         2
224       228         4         2
213       228        15         2
218       225         7         5
221       224         3         6
218       224         6         6
226       229         3         1
219       225         6         5
219       223         4         7
218       223         5         7
215       223         8         7
227       228         1         2
221       226         5         4
222       229         7         1
225       229         4         1
214       227        13         3
226       228         2         2
224       227         3         3
217       226         9         4
223       225         2         5
224       226         2         4
217       222         5         8
221       222         1         8
226       227         1         3
225       227         2         3
202       228        26         2
218       229        11         1
208       222        14         8
216       220         4        10
219       225         6         5
226       227         1         3
210       215         5        15
219       228         9         2
222       224         2         6
224       228         4         2
223       225         2         5
224       226         2         4
207       228        21         2
219       228         9         2
222       226         4         4
220       221         1         9
13       225       212         5
228       229         1         1
218       227         9         3
224       225         1         5
226       227         1         3
216       227        11         3
217       219         2        11
18       217       199        13
221       227         6         3
223       225         2         5
225       229         4         1
223       227         4         3
223       228         5         2
18       225       207         5
228       229         1         1
226       227         1         3
226       228         2         2
220       222         2         8
223       227         4         3
223       224         1         6
15       210       195        20
226       227         1         3
224       228         4         2
218       220         2        10
223       226         3         4
215       219         4        11
227       229         2         1
223       227         4         3
15       228       213         2
219       223         4         7
227       229         2         1
208       217         9        13
223       227         4         3
220       225         5         5
19       215       196        15
218       226         8         4
224       225         1         5
227       229         2         1
227       229         2         1
215       223         8         7
219       221         2         9
220       228         8         2
218       220         2        10
225       227         2         3
217       218         1        12
220       224         4         6
222       227         5         3
223       227         4         3
220       229         9         1
221       223         2         7
201       224        23         6
216       219         3        11
220       224         4         6
222       226         4         4
217       229        12         1
227       228         1         2
226       229         3         1
221       228         7         2
16       226       210         4
17       227       210         3
225       229         4         1
217       222         5         8
214       223         9         7
219       229        10         1
228       229         1         1
213       223        10         7
221       228         7         2
212       216         4        14
8       215       207        15
217       220         3        10
206       211         5        19
219       228         9         2
216       222         6         8
228       229         1         1
213       228        15         2
18       224       206         6
215       226        11         4
218       229        11         1
224       227         3         3
218       227         9         3
222       228         6         2
216       228        12         2
203       219        16        11
221       222         1         8
228       229         1         1
224       225         1         5
222       226         4         4
220       227         7         3
226       229         3         1
220       229         9         1
227       228         1         2
210       214         4        16
224       225         1         5
227       229         2         1
215       229        14         1
218       221         3         9
227       228         1         2
216       220         4        10
227       228         1         2
227       229         2         1
217       226         9         4
190       208        18        22
218       222         4         8
218       221         3         9
200       215        15        15
227       228         1         2
225       226         1         4
227       229         2         1
15       227       212         3
224       229         5         1
219       227         8         3
222       227         5         3
223       225         2         5
218       221         3         9
217       229        12         1
221       226         5         4
219       225         6         5
228       229         1         1
216       229        13         1
228       229         1         1
16       228       212         2
220       227         7         3
16       228       212         2
209       225        16         5
220       222         2         8
224       228         4         2
216       225         9         5
216       219         3        11
222       225         3         5
228       229         1         1
19       220       201        10
218       227         9         3
224       227         3         3
217       228        11         2
221       227         6         3
226       228         2         2
19       228       209         2
224       229         5         1
219       224         5         6
219       221         2         9
18       220       202        10
217       227        10         3
226       229         3         1
226       228         2         2
221       229         8         1
216       223         7         7
223       228         5         2
209       210         1        20
208       222        14         8
220       225         5         5
215       221         6         9
9       219       210        11
216       220         4        10
224       228         4         2
225       226         1         4
223       229         6         1
222       227         5         3
222       226         4         4
201       229        28         1
223       227         4         3
221       228         7         2
221       224         3         6
223       229         6         1
203       207         4        23
9       212       203        18
211       220         9        10
205       221        16         9
227       229         2         1
201       229        28         1
221       228         7         2
226       229         3         1
225       228         3         2
220       227         7         3
9       221       212         9
217       229        12         1
227       228         1         2
212       213         1        17
218       222         4         8
222       228         6         2
212       220         8        10
216       229        13         1
219       226         7         4
219       222         3         8
223       226         3         4
218       219         1        11
225       227         2         3
227       229         2         1
228       229         1         1
19       227       208         3
228       229         1         1
215       229        14         1
215       217         2        13
202       225        23         5
221       229         8         1
228       229         1         1
217       218         1        12
191       203        12        27
198       217        19        13
226       227         1         3
7       223       216         7
213       217         4        13
223       227         4         3
221       224         3         6
16       218       202        12
218       221         3         9
219       228         9         2
226       227         1         3
220       228         8         2
17       214       197        16
213       227        14         3
213       223        10         7
220       226         6         4
212       216         4        14
208       224        16         6
219       224         5         6
214       223         9         7
226       228         2         2
227       228         1         2
213       218         5        12
208       209         1        21
221       223         2         7
185       223        38         7
226       229         3         1
224       229         5         1
207       217        10        13
218       221         3         9
223       225         2         5
227       229         2         1
221       229         8         1
226       227         1         3
226       227         1         3
216       223         7         7
226       229         3         1
221       226         5         4
227       229         2         1
220       221         1         9
220       225         5         5
217       219         2        11
207       217        10        13
201       207         6        23
226       227         1         3
218       224         6         6
224       227         3         3
221       222         1         8
209       226        17         4
223       227         4         3
217       224         7         6
219       228         9         2
223       229         6         1
228       229         1         1
217       226         9         4
206       227        21         3
227       228         1         2
211       229        18         1
221       227         6         3
209       222        13         8
224       225         1         5
223       227         4         3
216       217         1        13
213       220         7        10
215       224         9         6
227       228         1         2
214       221         7         9
224       229         5         1
226       228         2         2
218       229        11         1
221       225         4         5
218       225         7         5
202       216        14        14
221       224         3         6
220       223         3         7
225       226         1         4
219       226         7         4
225       229         4         1
210       225        15         5
220       228         8         2
210       222        12         8
204       227        23         3
223       226         3         4
213       223        10         7
225       228         3         2
221       229         8         1
215       225        10         5
227       229         2         1
224       228         4         2
224       227         3         3
224       229         5         1
227       229         2         1
227       228         1         2
220       221         1         9
219       229        10         1
209       224        15         6
215       217         2        13
228       229         1         1
226       228         2         2
228       229         1         1
213       228        15         2
222       229         7         1
224       227         3         3
15       225       210         5
225       228         3         2
217       218         1        12
5       225       220         5
221       227         6         3
222       227         5         3
217       224         7         6
225       229         4         1
228       229         1         1
224       229         5         1
211       222        11         8
222       227         5         3
226       227         1         3
222       229         7         1
219       224         5         6
213       227        14         3
218       222         4         8
212       213         1        17
223       227         4         3
212       219         7        11
15       221       206         9
227       229         2         1
224       227         3         3
221       227         6         3
210       227        17         3
213       225        12         5
221       227         6         3
228       229         1         1
215       222         7         8
216       222         6         8
19       223       204         7
228       229         1         1
212       215         3        15
220       221         1         9
228       229         1         1
226       229         3         1
224       229         5         1
219       224         5         6
224       226         2         4
223       227         4         3
215       224         9         6
19       229       210         1
226       227         1         3
210       218         8        12
228       229         1         1
224       225         1         5
226       228         2         2
19       227       208         3
222       227         5         3
223       229         6         1
223       227         4         3
216       224         8         6
220       228         8         2
209       227        18         3
226       229         3         1
217       219         2        11
222       229         7         1
214       222         8         8
225       226         1         4
220       223         3         7
18       224       206         6
221       228         7         2
212       229        17         1
223       224         1         6
225       226         1         4
226       229         3         1
227       228         1         2
220       222         2         8
227       228         1         2
210       227        17         3
227       229         2         1
217       226         9         4
225       227         2         3
228       229         1         1
225       228         3         2
224       228         4         2
212       215         3        15
210       218         8        12
218       227         9         3
225       226         1         4
226       227         1         3
225       226         1         4
218       223         5         7
225       228         3         2
204       228        24         2
216       229        13         1
215       228        13         2
218       228        10         2
221       226         5         4
219       226         7         4
226       229         3         1
224       229         5         1
221       229         8         1
225       228         3         2
213       217         4        13
215       218         3        12
222       227         5         3
226       229         3         1
205       229        24         1
225       229         4         1
221       225         4         5
214       218         4        12
227       229         2         1
226       228         2         2
225       229         4         1
220       224         4         6
210       224        14         6
222       227         5         3
16       229       213         1
215       219         4        11
224       227         3         3
224       228         4         2
223       226         3         4
216       218         2        12
226       229         3         1
226       229         3         1
210       220        10        10
219       222         3         8
222       229         7         1
214       229        15         1
217       228        11         2
224       229         5         1
226       227         1         3
218       226         8         4
215       226        11         4
227       229         2         1
226       229         3         1
219       225         6         5
219       220         1        10
219       227         8         3
15       229       214         1
18       228       210         2
223       228         5         2
215       219         4        11
218       229        11         1
203       226        23         4
225       229         4         1
17       228       211         2
220       228         8         2
225       227         2         3
222       229         7         1
222       229         7         1
226       227         1         3
216       220         4        10
225       227         2         3
224       229         5         1
221       229         8         1
212       219         7        11
212       215         3        15
225       227         2         3
219       225         6         5
213       225        12         5
223       229         6         1
226       229         3         1
218       227         9         3
220       221         1         9
216       225         9         5
226       227         1         3
223       225         2         5
211       220         9        10
215       221         6         9
218       220         2        10
222       224         2         6
226       227         1         3
219       229        10         1
4       227       223         3
224       229         5         1
227       229         2         1
224       225         1         5
18       223       205         7
228       229         1         1
222       227         5         3
216       224         8         6
208       223        15         7
223       227         4         3
19       226       207         4
209       211         2        19
210       220        10        10
220       227         7         3
221       226         5         4
225       229         4         1
225       229         4         1
222       228         6         2
211       229        18         1
222       227         5         3
223       226         3         4
222       224         2         6
218       228        10         2
227       228         1         2
216       219         3        11
220       229         9         1
213       223        10         7
225       226         1         4
212       225        13         5
221       228         7         2
220       223         3         7
219       224         5         6
203       224        21         6
216       228        12         2
19       225       206         5
208       215         7        15
220       222         2         8
228       229         1         1
227       228         1         2
223       227         4         3
227       228         1         2
212       220         8        10
226       229         3         1
217       221         4         9
217       227        10         3
224       225         1         5
217       229        12         1
215       228        13         2
213       223        10         7
223       229         6         1
224       228         4         2
221       224         3         6
220       229         9         1
224       228         4         2
222       225         3         5
214       229        15         1
220       227         7         3
225       229         4         1
223       229         6         1
223       225         2         5
225       228         3         2
223       228         5         2
218       221         3         9
227       228         1         2
218       228        10         2
224       225         1         5
7       226       219         4
223       226         3         4
226       228         2         2
204       217        13        13
16       227       211         3
16       227       211         3
221       229         8         1
221       222         1         8
18       229       211         1
18       225       207         5
208       216         8        14
224       225         1         5
222       224         2         6
224       228         4         2
219       229        10         1
220       227         7         3
220       229         9         1
217       228        11         2
202       225        23         5
219       225         6         5
220       229         9         1
220       227         7         3
216       220         4        10
213       223        10         7
220       229         9         1
227       229         2         1
206       217        11        13
218       220         2        10
225       226         1         4
12       223       211         7
214       228        14         2
225       226         1         4
219       223         4         7
207       224        17         6
227       228         1         2
219       221         2         9
218       228        10         2
226       229         3         1
225       229         4         1
217       229        12         1
215       221         6         9
223       228         5         2
217       224         7         6
213       219         6        11
212       220         8        10
214       225        11         5
225       226         1         4
221       226         5         4
224       228         4         2
227       229         2         1
223       226         3         4
221       228         7         2
218       226         8         4
223       227         4         3
228       229         1         1
228       229         1         1
228       229         1         1
212       224        12         6
221       229         8         1
221       228         7         2
7        17        10       213
218       228        10         2
226       227         1         3
202       219        17        11
228       229         1         1
226       228         2         2
226       227         1         3
225       228         3         2
222       229         7         1
225       226         1         4
224       229         5         1
227       228         1         2
223       227         4         3
215       228        13         2
212       221         9         9
219       225         6         5
218       223         5         7
223       224         1         6
212       227        15         3
217       221         4         9
222       228         6         2
207       229        22         1
209       224        15         6
225       228         3         2
218       223         5         7
225       229         4         1
227       228         1         2
208       219        11        11
220       225         5         5
225       228         3         2
226       228         2         2
226       229         3         1
216       227        11         3
219       223         4         7
224       226         2         4
224       228         4         2
223       227         4         3
224       229         5         1
216       229        13         1
214       229        15         1
219       227         8         3
226       227         1         3
224       225         1         5
224       229         5         1
219       226         7         4
221       226         5         4
219       228         9         2
227       228         1         2
224       229         5         1
17       227       210         3
225       227         2         3
19       223       204         7
221       228         7         2
226       227         1         3
215       229        14         1
219       225         6         5
213       224        11         6
220       222         2         8
214       220         6        10
221       226         5         4
224       227         3         3
224       225         1         5
210       223        13         7
221       224         3         6
208       209         1        21
222       225         3         5
215       229        14         1
222       227         5         3
220       223         3         7
226       229         3         1
225       229         4         1
225       226         1         4
218       226         8         4
228       229         1         1
213       226        13         4
225       229         4         1
219       224         5         6
223       229         6         1
221       229         8         1
208       218        10        12
226       227         1         3
216       226        10         4
225       226         1         4
215       227        12         3
227       229         2         1
216       222         6         8
228       229         1         1
225       228         3         2
219       225         6         5
221       229         8         1
193       229        36         1
15       218       203        12
219       225         6         5
217       229        12         1
218       229        11         1
205       212         7        18
212       220         8        10
227       229         2         1
220       222         2         8
226       229         3         1
227       228         1         2
222       226         4         4
224       228         4         2
226       229         3         1
216       224         8         6
211       216         5        14
223       229         6         1
226       228         2         2
221       227         6         3
219       229        10         1
221       224         3         6
221       229         8         1
222       229         7         1
216       226        10         4
219       226         7         4
218       219         1        11
221       224         3         6
211       214         3        16
197       223        26         7
217       225         8         5
228       229         1         1
218       229        11         1
218       225         7         5
221       224         3         6
196       228        32         2
213       229        16         1
227       228         1         2
223       224         1         6
222       227         5         3
220       223         3         7
220       221         1         9
225       228         3         2
224       229         5         1
209       225        16         5
228       229         1         1
214       225        11         5
225       226         1         4
228       229         1         1
225       226         1         4
225       229         4         1
220       229         9         1
222       224         2         6
228       229         1         1
222       225         3         5
216       228        12         2
215       229        14         1
227       229         2         1
223       227         4         3
222       227         5         3
216       221         5         9
224       225         1         5
215       224         9         6
