323       340        17         1
168       340       172         1
333       337         4         4
165       335       170         6
319       333        14         8
337       338         1         3
338       339         1         2
30       338       308         3
326       334         8         7
321       325         4        16
333       339         6         2
232       329        97        12
188       335       147         6
21       337       316         4
33       323       290        18
195       338       143         3
318       338        20         3
336       337         1         4
319       328         9        13
319       330        11        11
216       332       116         9
331       339         8         2
326       331         5        10
325       332         7         9
328       338        10         3
310       339        29         2
333       337         4         4
337       340         3         1
196       335       139         6
21       190       169       151
145       330       185        11
169       326       157        15
332       334         2         7
321       340        19         1
203       338       135         3
335       340         5         1
338       340         2         1
31       332       301         9
321       334        13         7
327       329         2        12
320       328         8        13
19       324       305        17
325       329         4        12
158       339       181         2
334       338         4         3
333       336         3         5
197       336       139         5
327       336         9         5
32       340       308         1
167       338       171         3
336       339         3         2
20       333       313         8
328       338        10         3
316       327        11        14
31       339       308         2
335       336         1         5
163       331       168        10
329       340        11         1
321       326         5        15
329       335         6         6
164       340       176         1
330       338         8         3
28       340       312         1
323       339        16         2
313       329        16        12
330       332         2         9
323       326         3        15
327       340        13         1
323       339        16         2
326       327         1        14
15       332       317         9
319       338        19         3
323       332         9         9
337       338         1         3
332       336         4         5
319       332        13         9
298       330        32        11
29       338       309         3
330       331         1        10
327       336         9         5
336       340         4         1
336       340         4         1
337       340         3         1
333       335         2         6
158       335       177         6
318       331        13        10
335       336         1         5
9       331       322        10
321       330         9        11
327       340        13         1
335       338         3         3
33       166       133       175
330       337         7         4
158       336       178         5
152       332       180         9
331       336         5         5
337       338         1         3
31       325       294        16
332       334         2         7
320       335        15         6
308       332        24         9
169       334       165         7
332       338         6         3
169       338       169         3
336       338         2         3
326       337        11         4
233       334       101         7
330       337         7         4
202       336       134         5
318       334        16         7
164       339       175         2
200       337       137         4
329       337         8         4
331       336         5         5
328       331         3        10
338       339         1         2
324       326         2        15
331       337         6         4
334       337         3         4
235       331        96        10
324       331         7        10
330       339         9         2
320       328         8        13
328       334         6         7
332       339         7         2
190       234        44       107
333       335         2         6
336       339         3         2
30       306       276        35
326       330         4        11
333       340         7         1
328       340        12         1
330       335         5         6
329       334         5         7
322       323         1        18
224       332       108         9
335       336         1         5
328       338        10         3
329       332         3         9
337       340         3         1
329       333         4         8
320       332        12         9
329       337         8         4
330       334         4         7
325       333         8         8
335       340         5         1
339       340         1         1
326       332         6         9
168       329       161        12
329       336         7         5
318       328        10        13
327       340        13         1
233       337       104         4
330       339         9         2
334       340         6         1
154       331       177        10
329       336         7         5
321       324         3        17
324       335        11         6
337       338         1         3
335       339         4         2
335       338         3         3
327       339        12         2
328       336         8         5
333       340         7         1
331       339         8         2
328       329         1        12
333       340         7         1
331       334         3         7
335       338         3         3
198       339       141         2
325       336        11         5
21       338       317         3
337       338         1         3
317       318         1        23
317       320         3        21
311       328        17        13
336       337         1         4
168       330       162        11
334       337         3         4
323       338        15         3
328       330         2        11
326       340        14         1
201       337       136         4
336       340         4         1
334       335         1         6
337       339         2         2
329       331         2        10
337       339         2         2
27       338       311         3
331       334         3         7
328       333         5         8
196       340       144         1
22       336       314         5
333       340         7         1
320       339        19         2
318       337        19         4
329       332         3         9
318       338        20         3
334       336         2         5
324       328         4        13
329       338         9         3
235       320        85        21
332       339         7         2
334       336         2         5
326       339        13         2
234       335       101         6
330       332         2         9
339       340         1         1
328       340        12         1
339       340         1         1
339       340         1         1
334       339         5         2
321       329         8        12
337       338         1         3
325       330         5        11
336       338         2         3
147       330       183        11
336       337         1         4
334       338         4         3
322       340        18         1
331       334         3         7
335       339         4         2
332       340         8         1
334       338         4         3
335       339         4         2
322       338        16         3
331       340         9         1
297       335        38         6
325       328         3        13
318       340        22         1
330       335         5         6
316       338        22         3
337       339         2         2
327       336         9         5
333       337         4         4
339       340         1         1
330       336         6         5
335       337         2         4
215       333       118         8
237       333        96         8
328       334         6         7
26       333       307         8
202       339       137         2
33       308       275        33
336       339         3         2
324       333         9         8
337       338         1         3
212       330       118        11
331       340         9         1
337       339         2         2
165       337       172         4
323       330         7        11
334       336         2         5
333       338         5         3
318       320         2        21
334       338         4         3
329       336         7         5
336       340         4         1
331       339         8         2
333       338         5         3
338       340         2         1
27       328       301        13
322       335        13         6
334       336         2         5
318       331        13        10
332       335         3         6
12       338       326         3
325       340        15         1
202       338       136         3
22        33        11       308
33       340       307         1
325       332         7         9
310       337        27         4
164       334       170         7
322       333        11         8
338       339         1         2
318       330        12        11
311       325        14        16
327       330         3        11
169       326       157        15
337       338         1         3
159       336       177         5
313       338        25         3
331       339         8         2
329       335         6         6
330       336         6         5
331       339         8         2
336       339         3         2
21       333       312         8
306       320        14        21
325       335        10         6
316       337        21         4
336       339         3         2
337       339         2         2
328       339        11         2
331       334         3         7
332       337         5         4
159       337       178         4
321       334        13         7
330       333         3         8
318       328        10        13
335       338         3         3
328       334         6         7
31       328       297        13
321       330         9        11
322       329         7        12
335       337         2         4
315       325        10        16
201       329       128        12
185       336       151         5
335       338         3         3
33       334       301         7
329       340        11         1
324       327         3        14
324       327         3        14
325       335        10         6
338       340         2         1
326       329         3        12
339       340         1         1
237       327        90        14
334       338         4         3
328       329         1        12
338       340         2         1
332       334         2         7
335       340         5         1
339       340         1         1
330       336         6         5
337       339         2         2
324       335        11         6
336       339         3         2
337       338         1         3
331       340         9         1
336       339         3         2
331       337         6         4
328       329         1        12
336       340         4         1
162       330       168        11
30       337       307         4
334       340         6         1
313       333        20         8
313       339        26         2
221       327       106        14
325       338        13         3
329       338         9         3
331       336         5         5
29       338       309         3
323       339        16         2
26       340       314         1
198       327       129        14
195       314       119        27
330       334         4         7
12       320       308        21
27       334       307         7
334       337         3         4
314       338        24         3
324       325         1        16
337       340         3         1
331       338         7         3
322       337        15         4
336       339         3         2
330       334         4         7
31       339       308         2
330       334         4         7
308       333        25         8
31       335       304         6
332       337         5         4
339       340         1         1
25       320       295        21
324       331         7        10
234       334       100         7
32       336       304         5
329       339        10         2
338       339         1         2
339       340         1         1
329       335         6         6
331       332         1         9
233       333       100         8
337       340         3         1
332       337         5         4
338       340         2         1
32       319       287        22
187       331       144        10
236       339       103         2
336       338         2         3
322       338        16         3
328       335         7         6
31       328       297        13
333       338         5         3
6       335       329         6
330       333         3         8
307       322        15        19
335       340         5         1
198       335       137         6
330       337         7         4
32       338       306         3
338       340         2         1
333       335         2         6
326       333         7         8
304       340        36         1
313       339        26         2
29       339       310         2
236       340       104         1
331       340         9         1
336       339         3         2
330       331         1        10
322       334        12         7
324       327         3        14
329       339        10         2
24       335       311         6
317       339        22         2
314       339        25         2
147       339       192         2
310       329        19        12
334       336         2         5
161       338       177         3
335       337         2         4
325       332         7         9
30       331       301        10
337       338         1         3
333       337         4         4
330       333         3         8
331       337         6         4
234       340       106         1
331       336         5         5
332       333         1         8
324       328         4        13
323       340        17         1
321       336        15         5
338       339         1         2
335       340         5         1
26       340       314         1
331       337         6         4
193       340       147         1
319       327         8        14
309       336        27         5
322       327         5        14
336       337         1         4
23       333       310         8
31       327       296        14
335       340         5         1
333       337         4         4
324       328         4        13
335       339         4         2
318       322         4        19
333       337         4         4
320       332        12         9
332       333         1         8
336       337         1         4
29       309       280        32
318       331        13        10
23        33        10       308
331       333         2         8
326       329         3        12
333       336         3         5
326       338        12         3
326       333         7         8
333       337         4         4
330       340        10         1
328       337         9         4
203       336       133         5
319       328         9        13
317       338        21         3
169       339       170         2
166       333       167         8
338       340         2         1
337       340         3         1
330       334         4         7
336       340         4         1
326       331         5        10
337       338         1         3
338       339         1         2
326       336        10         5
329       330         1        11
325       327         2        14
326       333         7         8
312       321         9        20
332       335         3         6
200       332       132         9
338       339         1         2
308       339        31         2
339       340         1         1
164       339       175         2
334       337         3         4
321       338        17         3
329       334         5         7
338       339         1         2
25       338       313         3
329       334         5         7
326       334         8         7
336       339         3         2
327       336         9         5
310       328        18        13
30       321       291        20
156       332       176         9
327       337        10         4
332       338         6         3
329       334         5         7
334       340         6         1
316       329        13        12
324       340        16         1
169       340       171         1
329       340        11         1
169       336       167         5
165       332       167         9
318       339        21         2
334       340         6         1
321       325         4        16
314       339        25         2
328       334         6         7
328       339        11         2
160       339       179         2
324       334        10         7
333       339         6         2
335       339         4         2
304       330        26        11
334       336         2         5
326       336        10         5
337       339         2         2
332       334         2         7
321       334        13         7
326       337        11         4
33       335       302         6
318       325         7        16
334       338         4         3
318       337        19         4
326       334         8         7
224       334       110         7
338       340         2         1
333       340         7         1
318       325         7        16
330       334         4         7
334       340         6         1
326       331         5        10
318       335        17         6
321       337        16         4
339       340         1         1
329       333         4         8
334       339         5         2
337       340         3         1
321       329         8        12
225       337       112         4
220       336       116         5
337       340         3         1
312       329        17        12
323       339        16         2
330       339         9         2
320       332        12         9
27       337       310         4
321       325         4        16
338       340         2         1
336       340         4         1
334       340         6         1
27       340       313         1
168       237        69       104
33       336       303         5
157       339       182         2
309       319        10        22
163       340       177         1
324       340        16         1
325       330         5        11
200       326       126        15
321       340        19         1
286       337        51         4
339       340         1         1
331       338         7         3
22       337       315         4
332       336         4         5
337       340         3         1
335       339         4         2
325       330         5        11
325       326         1        15
146       167        21       174
335       339         4         2
152       333       181         8
335       339         4         2
337       339         2         2
334       340         6         1
199       339       140         2
328       334         6         7
313       319         6        22
326       340        14         1
337       338         1         3
333       337         4         4
231       237         6       104
169       334       165         7
318       330        12        11
233       335       102         6
32       323       291        18
18       330       312        11
237       332        95         9
332       334         2         7
321       335        14         6
8       327       319        14
28        32         4       309
237       339       102         2
330       334         4         7
338       339         1         2
329       340        11         1
330       334         4         7
328       329         1        12
321       336        15         5
29       336       307         5
320       339        19         2
328       337         9         4
337       338         1         3
325       337        12         4
188       321       133        20
326       332         6         9
28       337       309         4
332       339         7         2
333       337         4         4
337       339         2         2
220       310        90        31
332       334         2         7
331       332         1         9
166       330       164        11
28       332       304         9
335       336         1         5
331       340         9         1
167       311       144        30
313       330        17        11
200       336       136         5
322       338        16         3
334       339         5         2
338       340         2         1
314       326        12        15
332       334         2         7
333       340         7         1
332       340         8         1
13       337       324         4
329       330         1        11
329       334         5         7
30       334       304         7
336       337         1         4
327       328         1        13
27       319       292        22
337       340         3         1
337       339         2         2
325       339        14         2
334       335         1         6
232       338       106         3
201       339       138         2
226       333       107         8
323       335        12         6
336       337         1         4
166       336       170         5
235       323        88        18
325       340        15         1
10       338       328         3
331       340         9         1
323       333        10         8
331       338         7         3
332       337         5         4
33       337       304         4
306       331        25        10
332       333         1         8
325       338        13         3
336       338         2         3
322       336        14         5
203       340       137         1
323       334        11         7
27       332       305         9
322       332        10         9
334       336         2         5
334       335         1         6
322       336        14         5
322       334        12         7
168       337       169         4
324       331         7        10
337       338         1         3
307       334        27         7
330       335         5         6
327       332         5         9
321       333        12         8
24       331       307        10
339       340         1         1
332       336         4         5
28       336       308         5
331       332         1         9
333       340         7         1
319       333        14         8
326       330         4        11
169       340       171         1
31       190       159       151
335       340         5         1
332       336         4         5
328       336         8         5
330       333         3         8
331       336         5         5
317       331        14        10
318       324         6        17
332       337         5         4
335       336         1         5
338       340         2         1
329       340        11         1
31       338       307         3
334       335         1         6
320       332        12         9
332       340         8         1
328       338        10         3
151       335       184         6
168       334       166         7
11       338       327         3
309       338        29         3
29       324       295        17
328       339        11         2
335       338         3         3
326       339        13         2
336       337         1         4
334       338         4         3
31       335       304         6
320       323         3        18
329       339        10         2
326       340        14         1
168       326       158        15
335       337         2         4
316       322         6        19
338       339         1         2
182       340       158         1
329       336         7         5
332       338         6         3
334       338         4         3
330       340        10         1
338       339         1         2
337       339         2         2
329       337         8         4
335       339         4         2
31       336       305         5
331       336         5         5
336       338         2         3
333       338         5         3
337       338         1         3
306       339        33         2
309       338        29         3
27       340       313         1
333       336         3         5
332       338         6         3
318       337        19         4
27       336       309         5
322       339        17         2
19       309       290        32
318       337        19         4
32       339       307         2
326       330         4        11
166       338       172         3
324       327         3        14
329       337         8         4
321       324         3        17
325       335        10         6
203       326       123        15
312       340        28         1
165       339       174         2
323       331         8        10
334       339         5         2
323       324         1        17
30       340       310         1
203       339       136         2
314       338        24         3
322       331         9        10
320       330        10        11
331       333         2         8
333       337         4         4
322       328         6        13
331       337         6         4
327       332         5         9
317       336        19         5
327       335         8         6
323       330         7        11
325       340        15         1
338       340         2         1
320       338        18         3
325       337        12         4
330       339         9         2
328       340        12         1
306       319        13        22
159       164         5       177
339       340         1         1
316       327        11        14
329       340        11         1
328       339        11         2
335       340         5         1
330       335         5         6
229       340       111         1
329       340        11         1
196       335       139         6
202       340       138         1
330       333         3         8
332       340         8         1
32       338       306         3
31       298       267        43
233       339       106         2
329       340        11         1
313       330        17        11
202       318       116        23
161       323       162        18
327       335         8         6
329       331         2        10
334       338         4         3
32       340       308         1
332       336         4         5
21       340       319         1
321       328         7        13
307       319        12        22
332       340         8         1
31       338       307         3
331       340         9         1
326       333         7         8
167       328       161        13
339       340         1         1
328       340        12         1
312       320         8        21
336       338         2         3
296       330        34        11
314       337        23         4
191       322       131        19
335       340         5         1
328       337         9         4
29       335       306         6
336       339         3         2
321       340        19         1
161       340       179         1
331       338         7         3
202       340       138         1
337       338         1         3
324       328         4        13
237       335        98         6
20       340       320         1
334       335         1         6
32       327       295        14
32       340       308         1
317       335        18         6
316       331        15        10
317       330        13        11
30       325       295        16
313       328        15        13
332       337         5         4
317       333        16         8
334       340         6         1
324       330         6        11
335       339         4         2
327       334         7         7
316       334        18         7
334       338         4         3
330       335         5         6
337       338         1         3
333       336         3         5
320       337        17         4
339       340         1         1
24       338       314         3
334       340         6         1
313       324        11        17
337       339         2         2
334       340         6         1
157       328       171        13
323       332         9         9
322       330         8        11
315       337        22         4
324       330         6        11
332       335         3         6
334       337         3         4
337       338         1         3
326       332         6         9
337       340         3         1
326       327         1        14
330       340        10         1
26       327       301        14
329       335         6         6
202       338       136         3
332       335         3         6
13       338       325         3
191       317       126        24
331       332         1         9
327       328         1        13
332       335         3         6
327       328         1        13
323       337        14         4
315       332        17         9
29       336       307         5
330       336         6         5
321       335        14         6
333       338         5         3
332       340         8         1
297       340        43         1
339       340         1         1
325       334         9         7
336       339         3         2
339       340         1         1
318       334        16         7
22       336       314         5
313       334        21         7
22       326       304        15
331       338         7         3
339       340         1         1
337       339         2         2
6       337       331         4
337       340         3         1
331       335         4         6
327       330         3        11
330       337         7         4
28       338       310         3
321       340        19         1
330       340        10         1
321       329         8        12
319       326         7        15
337       340         3         1
236       329        93        12
237       338       101         3
314       322         8        19
339       340         1         1
23       330       307        11
322       335        13         6
332       336         4         5
335       337         2         4
31       333       302         8
327       333         6         8
336       337         1         4
26       335       309         6
20       340       320         1
327       333         6         8
169       338       169         3
327       338        11         3
324       337        13         4
312       337        25         4
322       336        14         5
235       339       104         2
328       332         4         9
149       327       178        14
338       339         1         2
321       335        14         6
334       337         3         4
316       338        22         3
271       323        52        18
336       338         2         3
331       340         9         1
338       339         1         2
332       334         2         7
332       333         1         8
339       340         1         1
31       339       308         2
322       338        16         3
164       332       168         9
329       332         3         9
325       332         7         9
202       334       132         7
25       202       177       139
335       337         2         4
336       340         4         1
329       332         3         9
330       337         7         4
322       331         9        10
334       340         6         1
309       340        31         1
33       318       285        23
198       339       141         2
332       334         2         7
335       336         1         5
325       339        14         2
339       340         1         1
336       340         4         1
333       338         5         3
330       332         2         9
311       334        23         7
311       326        15        15
167       335       168         6
308       339        31         2
31       336       305         5
326       333         7         8
329       334         5         7
29       340       311         1
336       338         2         3
33       327       294        14
329       340        11         1
311       326        15        15
327       329         2        12
337       340         3         1
317       336        19         5
337       338         1         3
329       330         1        11
202       336       134         5
318       338        20         3
327       330         3        11
327       332         5         9
329       340        11         1
335       339         4         2
338       339         1         2
330       332         2         9
336       339         3         2
328       336         8         5
334       339         5         2
331       334         3         7
200       335       135         6
337       340         3         1
321       334        13         7
323       324         1        17
337       340         3         1
328       338        10         3
331       337         6         4
333       339         6         2
220       331       111        10
