270       276         6         8
279       282         3         2
276       279         3         5
282       283         1         1
272       282        10         2
271       277         6         7
272       273         1        11
272       278         6         6
280       282         2         2
276       278         2         6
265       270         5        14
124       283       159         1
271       277         6         7
18       283       265         1
274       279         5         5
271       283        12         1
271       283        12         1
22       279       257         5
148       280       132         4
25       280       255         4
19       129       110       155
24       263       239        21
281       282         1         2
254       277        23         7
273       276         3         8
271       279         8         5
278       281         3         3
25       280       255         4
180       274        94        10
264       281        17         3
277       281         4         3
11       283       272         1
259       272        13        12
277       282         5         2
276       279         3         5
271       282        11         2
282       283         1         1
274       283         9         1
159       271       112        13
264       281        17         3
280       282         2         2
265       283        18         1
271       273         2        11
20       277       257         7
280       281         1         3
267       279        12         5
260       282        22         2
269       277         8         7
273       279         6         5
280       283         3         1
281       282         1         2
149       283       134         1
271       279         8         5
270       281        11         3
275       279         4         5
16       272       256        12
279       283         4         1
267       277        10         7
266       282        16         2
263       281        18         3
278       283         5         1
276       282         6         2
188       273        85        11
275       281         6         3
282       283         1         1
268       272         4        12
274       280         6         4
265       268         3        16
266       281        15         3
156       280       124         4
134       274       140        10
279       282         3         2
282       283         1         1
267       271         4        13
277       282         5         2
278       283         5         1
273       282         9         2
160       282       122         2
259       283        24         1
8       278       270         6
269       281        12         3
272       278         6         6
262       280        18         4
276       282         6         2
275       282         7         2
280       282         2         2
272       276         4         8
129       282       153         2
133       278       145         6
273       277         4         7
274       276         2         8
271       278         7         6
134       277       143         7
272       281         9         3
275       282         7         2
273       280         7         4
269       281        12         3
275       282         7         2
161       276       115         8
11       279       268         5
280       282         2         2
272       275         3         9
23       281       258         3
282       283         1         1
270       273         3        11
161       281       120         3
264       275        11         9
267       272         5        12
17       277       260         7
280       281         1         3
281       282         1         2
279       282         3         2
272       282        10         2
17       283       266         1
277       283         6         1
260       266         6        18
273       275         2         9
281       282         1         2
275       283         8         1
263       281        18         3
277       281         4         3
281       283         2         1
281       282         1         2
276       280         4         4
274       282         8         2
18       276       258         8
281       283         2         1
276       277         1         7
25       279       254         5
275       281         6         3
269       283        14         1
269       276         7         8
281       283         2         1
26       271       245        13
268       281        13         3
267       274         7        10
281       282         1         2
19       269       250        15
187       266        79        18
280       282         2         2
265       281        16         3
160       283       123         1
281       282         1         2
130       283       153         1
272       277         5         7
258       283        25         1
275       283         8         1
268       281        13         3
9       282       273         2
16       274       258        10
266       278        12         6
280       282         2         2
244       279        35         5
264       275        11         9
276       280         4         4
3       278       275         6
268       282        14         2
246       269        23        15
275       281         6         3
5       277       272         7
271       280         9         4
275       282         7         2
279       280         1         4
263       278        15         6
14       264       250        20
17       280       263         4
276       282         6         2
280       281         1         3
268       269         1        15
270       279         9         5
277       282         5         2
276       279         3         5
282       283         1         1
261       279        18         5
278       283         5         1
155       274       119        10
267       282        15         2
270       283        13         1
151       279       128         5
278       283         5         1
243       278        35         6
272       277         5         7
130       282       152         2
280       281         1         3
22       282       260         2
249       277        28         7
281       282         1         2
265       283        18         1
270       281        11         3
22       274       252        10
278       281         3         3
268       273         5        11
280       282         2         2
278       280         2         4
14       280       266         4
282       283         1         1
272       280         8         4
273       277         4         7
281       283         2         1
266       277        11         7
281       283         2         1
277       278         1         6
253       282        29         2
269       270         1        14
270       272         2        12
278       279         1         5
260       277        17         7
17       283       266         1
263       275        12         9
266       274         8        10
18       283       265         1
10       280       270         4
276       281         5         3
275       276         1         8
280       283         3         1
282       283         1         1
278       283         5         1
273       281         8         3
251       277        26         7
24       278       254         6
282       283         1         1
270       273         3        11
122       275       153         9
275       283         8         1
186       264        78        20
273       280         7         4
276       278         2         6
267       274         7        10
23       277       254         7
278       281         3         3
24       281       257         3
263       275        12         9
277       282         5         2
270       283        13         1
263       282        19         2
274       276         2         8
277       283         6         1
276       281         5         3
270       281        11         3
279       281         2         3
272       276         4         8
275       280         5         4
275       277         2         7
25       257       232        27
264       276        12         8
186       282        96         2
282       283         1         1
23       282       259         2
267       271         4        13
20       265       245        19
281       282         1         2
161       275       114         9
276       283         7         1
23       281       258         3
278       281         3         3
281       282         1         2
273       276         3         8
24       264       240        20
277       280         3         4
278       282         4         2
276       278         2         6
274       277         3         7
259       274        15        10
278       281         3         3
239       275        36         9
274       279         5         5
280       281         1         3
279       283         4         1
26       268       242        16
265       278        13         6
2       281       279         3
267       280        13         4
18       281       263         3
14       279       265         5
278       283         5         1
15       279       264         5
281       283         2         1
256       280        24         4
280       281         1         3
7       279       272         5
266       273         7        11
276       278         2         6
280       281         1         3
275       282         7         2
274       278         4         6
130       282       152         2
277       283         6         1
126       265       139        19
159       275       116         9
271       282        11         2
276       279         3         5
22       277       255         7
275       281         6         3
278       281         3         3
262       282        20         2
280       282         2         2
279       283         4         1
276       279         3         5
282       283         1         1
266       278        12         6
10       280       270         4
273       277         4         7
270       273         3        11
276       281         5         3
16       277       261         7
269       277         8         7
22       275       253         9
270       282        12         2
255       276        21         8
25       281       256         3
266       282        16         2
160       281       121         3
276       283         7         1
279       282         3         2
154       283       129         1
276       277         1         7
22       263       241        21
272       283        11         1
9       266       257        18
18       282       264         2
281       282         1         2
134       276       142         8
270       280        10         4
263       270         7        14
279       282         3         2
16       279       263         5
279       280         1         4
263       280        17         4
267       270         3        14
263       278        15         6
279       283         4         1
23       275       252         9
280       283         3         1
264       282        18         2
132       280       148         4
187       273        86        11
271       283        12         1
279       283         4         1
276       281         5         3
274       278         4         6
271       277         6         7
263       281        18         3
280       283         3         1
281       282         1         2
275       279         4         5
266       283        17         1
262       283        21         1
150       283       133         1
274       277         3         7
266       283        17         1
248       283        35         1
279       280         1         4
249       279        30         5
130       279       149         5
282       283         1         1
266       281        15         3
134       283       149         1
277       283         6         1
272       277         5         7
279       281         2         3
270       279         9         5
274       276         2         8
8       269       261        15
275       282         7         2
280       283         3         1
265       280        15         4
276       279         3         5
276       281         5         3
271       276         5         8
131       266       135        18
280       283         3         1
271       283        12         1
264       275        11         9
21       279       258         5
271       282        11         2
266       274         8        10
273       282         9         2
275       282         7         2
280       283         3         1
278       283         5         1
279       282         3         2
273       283        10         1
188       283        95         1
273       276         3         8
278       281         3         3
275       277         2         7
281       283         2         1
272       283        11         1
273       283        10         1
186       266        80        18
23       275       252         9
280       282         2         2
281       282         1         2
275       280         5         4
273       282         9         2
281       283         2         1
19       281       262         3
277       279         2         5
254       277        23         7
275       280         5         4
261       274        13        10
159       282       123         2
253       270        17        14
273       276         3         8
272       275         3         9
279       282         3         2
282       283         1         1
279       281         2         3
260       265         5        19
281       282         1         2
274       282         8         2
262       273        11        11
188       278        90         6
272       275         3         9
26       282       256         2
131       283       152         1
132       283       151         1
279       280         1         4
275       279         4         5
279       282         3         2
279       283         4         1
282       283         1         1
275       277         2         7
272       275         3         9
265       278        13         6
274       275         1         9
281       283         2         1
23       275       252         9
268       278        10         6
267       279        12         5
269       282        13         2
272       280         8         4
17       279       262         5
146       283       137         1
22       278       256         6
130       283       153         1
275       283         8         1
260       272        12        12
282       283         1         1
274       282         8         2
262       281        19         3
276       282         6         2
161       283       122         1
267       270         3        14
279       281         2         3
264       281        17         3
161       266       105        18
185       282        97         2
274       275         1         9
276       282         6         2
277       283         6         1
278       280         2         4
154       266       112        18
20       282       262         2
281       283         2         1
267       268         1        16
242       278        36         6
260       283        23         1
272       273         1        11
274       276         2         8
276       278         2         6
279       283         4         1
262       271         9        13
273       275         2         9
272       279         7         5
266       276        10         8
4       277       273         7
275       279         4         5
278       283         5         1
269       270         1        14
279       280         1         4
26       274       248        10
267       281        14         3
268       274         6        10
263       278        15         6
273       283        10         1
266       283        17         1
161       283       122         1
24       160       136       124
276       281         5         3
280       281         1         3
282       283         1         1
266       282        16         2
14       275       261         9
268       280        12         4
281       283         2         1
281       282         1         2
274       279         5         5
274       283         9         1
281       283         2         1
131       281       150         3
187       271        84        13
273       275         2         9
156       278       122         6
276       277         1         7
280       281         1         3
266       275         9         9
273       283        10         1
275       282         7         2
280       281         1         3
269       280        11         4
146       281       135         3
255       275        20         9
252       282        30         2
188       283        95         1
279       283         4         1
277       279         2         5
279       281         2         3
266       280        14         4
265       272         7        12
278       283         5         1
275       276         1         8
271       282        11         2
273       279         6         5
279       280         1         4
188       267        79        17
270       271         1        13
12       268       256        16
258       279        21         5
183       279        96         5
276       282         6         2
279       283         4         1
273       274         1        10
280       283         3         1
275       281         6         3
266       280        14         4
269       270         1        14
278       279         1         5
21       283       262         1
276       282         6         2
269       282        13         2
279       282         3         2
277       278         1         6
276       282         6         2
256       277        21         7
279       282         3         2
277       280         3         4
279       282         3         2
7       281       274         3
265       282        17         2
264       273         9        11
277       282         5         2
277       278         1         6
260       261         1        23
128       281       153         3
276       283         7         1
173       270        97        14
8       277       269         7
268       280        12         4
272       279         7         5
279       282         3         2
275       278         3         6
279       282         3         2
279       283         4         1
275       276         1         8
280       281         1         3
13       283       270         1
266       275         9         9
251       269        18        15
276       279         3         5
124       269       145        15
186       280        94         4
161       281       120         3
266       283        17         1
269       270         1        14
8       274       266        10
281       283         2         1
187       281        94         3
273       277         4         7
279       280         1         4
280       282         2         2
276       278         2         6
278       283         5         1
268       283        15         1
22       158       136       126
259       281        22         3
20       275       255         9
270       281        11         3
267       271         4        13
260       276        16         8
122       279       157         5
181       283       102         1
150       283       133         1
270       279         9         5
265       266         1        18
271       272         1        12
282       283         1         1
23       259       236        25
278       282         4         2
26       271       245        13
270       278         8         6
269       278         9         6
276       281         5         3
282       283         1         1
274       275         1         9
277       282         5         2
279       280         1         4
277       280         3         4
269       283        14         1
13       268       255        16
275       280         5         4
281       282         1         2
279       282         3         2
173       266        93        18
161       283       122         1
271       276         5         8
265       274         9        10
266       280        14         4
276       283         7         1
131       265       134        19
129       250       121        34
277       283         6         1
265       282        17         2
278       281         3         3
271       275         4         9
266       283        17         1
253       283        30         1
25       281       256         3
276       282         6         2
125       275       150         9
272       274         2        10
21       253       232        31
264       275        11         9
160       282       122         2
273       281         8         3
272       283        11         1
274       275         1         9
271       277         6         7
276       280         4         4
278       283         5         1
278       281         3         3
21       281       260         3
279       281         2         3
143       278       135         6
12       276       264         8
269       278         9         6
153       272       119        12
26       280       254         4
262       280        18         4
281       282         1         2
279       283         4         1
14       272       258        12
279       283         4         1
273       278         5         6
268       277         9         7
271       273         2        11
248       277        29         7
282       283         1         1
260       273        13        11
269       283        14         1
271       279         8         5
280       282         2         2
22       274       252        10
263       282        19         2
278       281         3         3
268       278        10         6
15       283       268         1
277       281         4         3
23       278       255         6
269       271         2        13
281       283         2         1
277       282         5         2
270       273         3        11
272       280         8         4
256       277        21         7
264       282        18         2
280       283         3         1
275       283         8         1
280       283         3         1
276       280         4         4
152       282       130         2
279       282         3         2
14       275       261         9
280       281         1         3
276       279         3         5
271       282        11         2
159       272       113        12
264       283        19         1
186       271        85        13
272       280         8         4
280       283         3         1
19       283       264         1
275       280         5         4
278       281         3         3
274       278         4         6
272       282        10         2
272       276         4         8
270       283        13         1
274       275         1         9
264       283        19         1
268       281        13         3
249       272        23        12
18       280       262         4
275       282         7         2
282       283         1         1
150       281       131         3
277       283         6         1
276       282         6         2
124       280       156         4
269       280        11         4
282       283         1         1
280       283         3         1
280       281         1         3
262       276        14         8
273       280         7         4
259       261         2        23
258       283        25         1
267       281        14         3
281       283         2         1
267       275         8         9
273       283        10         1
174       282       108         2
134       281       147         3
146       273       127        11
271       272         1        12
268       277         9         7
282       283         1         1
275       277         2         7
271       281        10         3
282       283         1         1
281       282         1         2
281       283         2         1
18       269       251        15
276       281         5         3
279       282         3         2
148       281       133         3
276       281         5         3
181       281       100         3
268       282        14         2
265       281        16         3
278       282         4         2
274       275         1         9
275       282         7         2
7       279       272         5
258       273        15        11
13       280       267         4
273       277         4         7
278       281         3         3
275       283         8         1
265       278        13         6
144       276       132         8
158       275       117         9
265       282        17         2
8       277       269         7
5       283       278         1
272       276         4         8
276       283         7         1
280       282         2         2
17       281       264         3
271       278         7         6
260       266         6        18
11       283       272         1
270       280        10         4
270       276         6         8
277       278         1         6
273       275         2         9
130       185        55        99
282       283         1         1
275       277         2         7
280       283         3         1
240       275        35         9
277       282         5         2
151       279       128         5
281       283         2         1
272       279         7         5
264       276        12         8
141       276       135         8
277       279         2         5
266       280        14         4
280       281         1         3
279       280         1         4
266       277        11         7
269       273         4        11
277       279         2         5
258       283        25         1
132       281       149         3
277       283         6         1
263       283        20         1
273       279         6         5
273       279         6         5
277       282         5         2
269       275         6         9
267       273         6        11
267       282        15         2
269       275         6         9
268       277         9         7
277       282         5         2
281       283         2         1
276       281         5         3
278       282         4         2
276       283         7         1
273       280         7         4
278       280         2         4
273       282         9         2
273       279         6         5
263       274        11        10
132       255       123        29
277       279         2         5
281       282         1         2
273       277         4         7
279       281         2         3
276       281         5         3
160       282       122         2
282       283         1         1
275       278         3         6
26       283       257         1
275       283         8         1
263       279        16         5
156       281       125         3
268       279        11         5
264       273         9        11
278       281         3         3
280       281         1         3
268       278        10         6
188       275        87         9
281       283         2         1
278       283         5         1
268       282        14         2
270       277         7         7
26       262       236        22
272       281         9         3
269       277         8         7
238       279        41         5
281       282         1         2
129       266       137        18
25       282       257         2
271       282        11         2
273       276         3         8
281       282         1         2
157       276       119         8
279       280         1         4
21       277       256         7
280       283         3         1
277       280         3         4
275       280         5         4
122       283       161         1
277       281         4         3
278       283         5         1
278       280         2         4
275       281         6         3
272       280         8         4
278       280         2         4
175       279       104         5
272       273         1        11
275       280         5         4
274       278         4         6
270       279         9         5
278       282         4         2
25       278       253         6
24       283       259         1
171       274       103        10
262       272        10        12
264       283        19         1
275       283         8         1
269       279        10         5
260       281        21         3
270       275         5         9
262       279        17         5
273       281         8         3
244       269        25        15
281       283         2         1
264       277        13         7
256       273        17        11
264       277        13         7
266       283        17         1
273       278         5         6
273       279         6         5
275       283         8         1
263       271         8        13
274       280         6         4
269       279        10         5
273       283        10         1
273       274         1        10
154       277       123         7
280       282         2         2
280       281         1         3
275       283         8         1
268       283        15         1
280       283         3         1
169       283       114         1
267       277        10         7
125       283       158         1
259       260         1        24
131       275       144         9
279       282         3         2
270       279         9         5
255       281        26         3
276       280         4         4
282       283         1         1
276       282         6         2
275       282         7         2
267       271         4        13
153       273       120        11
272       274         2        10
282       283         1         1
276       283         7         1
16       275       259         9
271       273         2        11
264       280        16         4
252       270        18        14
271       278         7         6
271       281        10         3
2       280       278         4
281       282         1         2
248       262        14        22
275       280         5         4
276       281         5         3
20       262       242        22
265       278        13         6
271       283        12         1
151       275       124         9
275       283         8         1
156       276       120         8
266       278        12         6
130       281       151         3
151       279       128         5
4       274       270        10
279       283         4         1
277       282         5         2
257       277        20         7
268       274         6        10
25       276       251         8
187       277        90         7
271       272         1        12
281       283         2         1
281       283         2         1
183       280        97         4
277       282         5         2
188       280        92         4
260       277        17         7
156       282       126         2
278       283         5         1
280       281         1         3
21       283       262         1
180       272        92        12
278       282         4         2
279       283         4         1
159       276       117         8
258       279        21         5
256       282        26         2
259       281        22         3
22       278       256         6
281       282         1         2
280       281         1         3
273       274         1        10
271       275         4         9
275       282         7         2
275       276         1         8
278       283         5         1
281       283         2         1
158       282       124         2
275       282         7         2
259       283        24         1
270       275         5         9
282       283         1         1
282       283         1         1
264       280        16         4
279       280         1         4
278       282         4         2
276       283         7         1
273       276         3         8
277       283         6         1
282       283         1         1
157       268       111        16
276       283         7         1
280       282         2         2
273       281         8         3
266       275         9         9
9       283       274         1
281       282         1         2
140       279       139         5
278       283         5         1
271       274         3        10
280       283         3         1
256       269        13        15
263       268         5        16
273       279         6         5
267       282        15         2
132       274       142        10
274       278         4         6
282       283         1         1
281       282         1         2
255       272        17        12
277       280         3         4
282       283         1         1
243       264        21        20
278       280         2         4
26       269       243        15
269       277         8         7
259       283        24         1
272       276         4         8
185       257        72        27
277       283         6         1
272       278         6         6
270       276         6         8
281       283         2         1
266       274         8        10
270       279         9         5
272       282        10         2
279       283         4         1
