295       303         8         1
284       299        15         5
288       301        13         3
287       288         1        16
299       300         1         4
296       302         6         2
298       301         3         3
296       298         2         6
23       298       275         6
301       303         2         1
279       299        20         5
280       289         9        15
293       302         9         2
288       298        10         6
23       295       272         9
289       300        11         4
285       300        15         4
288       303        15         1
292       300         8         4
18       300       282         4
291       298         7         6
289       303        14         1
299       303         4         1
283       293        10        11
299       300         1         4
299       303         4         1
299       303         4         1
295       299         4         5
8       301       293         3
284       297        13         7
291       293         2        11
287       303        16         1
294       302         8         2
297       301         4         3
291       301        10         3
17       171       154       133
276       278         2        26
294       297         3         7
162       302       140         2
297       299         2         5
296       302         6         2
290       298         8         6
292       302        10         2
26       297       271         7
3       299       296         5
300       303         3         1
261       274        13        30
302       303         1         1
293       302         9         2
297       298         1         6
274       291        17        13
299       303         4         1
16       300       284         4
298       302         4         2
299       303         4         1
298       303         5         1
292       302        10         2
272       277         5        27
299       300         1         4
296       299         3         5
299       300         1         4
285       288         3        16
283       287         4        17
291       303        12         1
296       300         4         4
282       298        16         6
281       298        17         6
292       298         6         6
299       300         1         4
300       301         1         3
300       303         3         1
290       298         8         6
294       301         7         3
288       294         6        10
268       300        32         4
292       303        11         1
298       302         4         2
285       299        14         5
292       298         6         6
293       296         3         8
294       302         8         2
287       288         1        16
268       302        34         2
299       301         2         3
24       302       278         2
288       301        13         3
283       302        19         2
300       302         2         2
299       302         3         2
296       303         7         1
300       302         2         2
286       287         1        17
288       300        12         4
164       300       136         4
291       295         4         9
289       290         1        14
20       255       235        49
301       302         1         2
288       297         9         7
296       303         7         1
288       299        11         5
283       288         5        16
300       303         3         1
287       300        13         4
27       302       275         2
291       303        12         1
287       301        14         3
283       289         6        15
285       299        14         5
294       301         7         3
28       298       270         6
22       271       249        33
263       296        33         8
286       295         9         9
253       303        50         1
295       302         7         2
290       296         6         8
274       285        11        19
268       293        25        11
295       303         8         1
298       300         2         4
296       297         1         7
293       300         7         4
278       282         4        22
296       303         7         1
290       299         9         5
299       303         4         1
299       300         1         4
285       287         2        17
291       303        12         1
301       302         1         2
290       298         8         6
300       302         2         2
300       301         1         3
299       302         3         2
277       293        16        11
298       299         1         5
269       281        12        23
26       301       275         3
26       299       273         5
257       288        31        16
22       297       275         7
300       303         3         1
300       302         2         2
299       300         1         4
292       299         7         5
284       302        18         2
166       286       120        18
283       288         5        16
296       301         5         3
299       302         3         2
24       301       277         3
275       301        26         3
282       298        16         6
296       303         7         1
13       291       278        13
280       285         5        19
295       300         5         4
295       302         7         2
301       302         1         2
280       292        12        12
290       297         7         7
295       297         2         7
298       300         2         4
297       301         4         3
294       298         4         6
283       294        11        10
261       263         2        41
294       300         6         4
296       303         7         1
286       301        15         3
302       303         1         1
286       298        12         6
274       283         9        21
294       297         3         7
282       297        15         7
299       301         2         3
292       299         7         5
295       299         4         5
294       301         7         3
274       293        19        11
282       294        12        10
301       303         2         1
300       301         1         3
287       289         2        15
289       302        13         2
281       289         8        15
291       303        12         1
294       296         2         8
291       293         2        11
299       302         3         2
294       297         3         7
271       298        27         6
279       285         6        19
301       302         1         2
291       295         4         9
271       296        25         8
299       302         3         2
300       301         1         3
272       286        14        18
284       301        17         3
278       303        25         1
300       303         3         1
287       302        15         2
291       293         2        11
297       302         5         2
286       294         8        10
285       300        15         4
287       303        16         1
291       296         5         8
283       291         8        13
292       296         4         8
280       290        10        14
28       294       266        10
291       300         9         4
281       283         2        21
298       301         3         3
297       298         1         6
300       302         2         2
296       302         6         2
297       300         3         4
295       301         6         3
292       294         2        10
298       302         4         2
295       300         5         4
277       296        19         8
293       298         5         6
299       301         2         3
295       302         7         2
296       301         5         3
285       301        16         3
285       291         6        13
291       303        12         1
291       303        12         1
292       298         6         6
286       300        14         4
298       301         3         3
282       299        17         5
294       301         7         3
284       294        10        10
290       302        12         2
297       303         6         1
269       292        23        12
300       301         1         3
297       300         3         4
298       303         5         1
299       301         2         3
300       301         1         3
292       301         9         3
289       300        11         4
299       301         2         3
281       286         5        18
294       302         8         2
294       300         6         4
298       303         5         1
267       279        12        25
300       303         3         1
271       279         8        25
297       303         6         1
28       296       268         8
297       302         5         2
272       284        12        20
284       296        12         8
298       303         5         1
279       295        16         9
21       285       264        19
294       302         8         2
290       297         7         7
28       271       243        33
170       294       124        10
288       294         6        10
23        24         1       280
278       289        11        15
296       300         4         4
288       302        14         2
299       300         1         4
286       297        11         7
294       299         5         5
173       299       126         5
288       296         8         8
296       298         2         6
288       293         5        11
290       295         5         9
290       300        10         4
293       300         7         4
289       296         7         8
297       298         1         6
28       296       268         8
295       298         3         6
301       302         1         2
28       302       274         2
264       293        29        11
295       297         2         7
280       296        16         8
294       299         5         5
292       296         4         8
290       292         2        12
24       297       273         7
283       303        20         1
298       301         3         3
290       297         7         7
301       303         2         1
298       300         2         4
292       298         6         6
285       289         4        15
295       298         3         6
288       301        13         3
297       303         6         1
300       301         1         3
275       276         1        28
294       299         5         5
26       302       276         2
291       297         6         7
291       295         4         9
293       296         3         8
295       303         8         1
297       302         5         2
274       303        29         1
279       302        23         2
299       303         4         1
16       303       287         1
296       302         6         2
294       299         5         5
297       302         5         2
292       298         6         6
295       300         5         4
20       293       273        11
291       292         1        12
293       295         2         9
286       300        14         4
296       301         5         3
300       303         3         1
259       293        34        11
262       290        28        14
297       303         6         1
294       300         6         4
284       301        17         3
282       287         5        17
284       295        11         9
298       303         5         1
28       303       275         1
295       302         7         2
283       302        19         2
280       296        16         8
297       303         6         1
294       297         3         7
172       303       131         1
298       303         5         1
299       302         3         2
298       299         1         5
285       303        18         1
286       301        15         3
280       288         8        16
289       298         9         6
25       300       275         4
294       297         3         7
277       303        26         1
279       297        18         7
282       292        10        12
295       301         6         3
299       301         2         3
276       287        11        17
295       300         5         4
282       289         7        15
17       300       283         4
301       303         2         1
295       303         8         1
21       297       276         7
281       282         1        22
258       269        11        35
298       301         3         3
292       302        10         2
296       303         7         1
292       300         8         4
277       302        25         2
28       303       275         1
292       294         2        10
279       288         9        16
280       303        23         1
295       296         1         8
301       302         1         2
300       303         3         1
28       290       262        14
25       301       276         3
295       302         7         2
296       300         4         4
298       303         5         1
263       293        30        11
280       284         4        20
272       299        27         5
271       298        27         6
162       300       138         4
292       297         5         7
300       303         3         1
302       303         1         1
293       301         8         3
299       303         4         1
166       292       126        12
291       303        12         1
16       303       287         1
6       303       297         1
274       303        29         1
284       302        18         2
298       301         3         3
21       303       282         1
172       299       127         5
283       303        20         1
281       303        22         1
296       301         5         3
297       299         2         5
294       299         5         5
298       301         3         3
296       302         6         2
301       302         1         2
293       296         3         8
300       303         3         1
297       299         2         5
9       300       291         4
281       302        21         2
288       302        14         2
286       296        10         8
23       300       277         4
296       297         1         7
286       297        11         7
299       300         1         4
279       286         7        18
296       299         3         5
279       289        10        15
300       301         1         3
302       303         1         1
166       300       134         4
276       294        18        10
289       297         8         7
301       303         2         1
298       299         1         5
12       301       289         3
299       303         4         1
172       173         1       131
294       303         9         1
170       299       129         5
297       300         3         4
266       298        32         6
296       299         3         5
293       302         9         2
24       301       277         3
28       299       271         5
274       281         7        23
288       293         5        11
302       303         1         1
159       302       143         2
268       281        13        23
295       300         5         4
22       283       261        21
290       291         1        13
278       301        23         3
283       294        11        10
279       291        12        13
293       300         7         4
296       302         6         2
284       299        15         5
297       302         5         2
287       293         6        11
282       287         5        17
267       296        29         8
27       294       267        10
25       302       277         2
292       300         8         4
282       291         9        13
290       303        13         1
296       302         6         2
300       302         2         2
28       301       273         3
295       298         3         6
279       298        19         6
283       293        10        11
290       295         5         9
291       302        11         2
25       298       273         6
282       289         7        15
290       302        12         2
255       284        29        20
293       302         9         2
283       303        20         1
285       299        14         5
284       298        14         6
298       303         5         1
293       295         2         9
281       302        21         2
276       284         8        20
25       290       265        14
301       303         2         1
278       294        16        10
295       296         1         8
287       300        13         4
295       299         4         5
300       301         1         3
28       303       275         1
26       276       250        28
293       298         5         6
292       294         2        10
300       302         2         2
298       301         3         3
284       285         1        19
270       287        17        17
301       303         2         1
296       303         7         1
275       284         9        20
270       302        32         2
273       296        23         8
297       302         5         2
302       303         1         1
299       301         2         3
293       297         4         7
270       284        14        20
277       291        14        13
300       301         1         3
292       295         3         9
26       285       259        19
282       300        18         4
301       302         1         2
299       300         1         4
1       303       302         1
291       295         4         9
301       302         1         2
301       302         1         2
300       302         2         2
283       287         4        17
295       301         6         3
297       300         3         4
266       297        31         7
301       303         2         1
299       303         4         1
274       301        27         3
291       300         9         4
275       298        23         6
168       301       133         3
298       302         4         2
280       300        20         4
299       301         2         3
302       303         1         1
18       264       246        40
297       298         1         6
299       300         1         4
23       303       280         1
300       302         2         2
291       292         1        12
282       301        19         3
289       291         2        13
272       286        14        18
286       301        15         3
283       285         2        19
256       277        21        27
297       303         6         1
295       297         2         7
290       294         4        10
296       301         5         3
300       303         3         1
298       301         3         3
284       302        18         2
286       301        15         3
292       302        10         2
299       302         3         2
225       298        73         6
28       303       275         1
297       303         6         1
298       300         2         4
301       303         2         1
289       298         9         6
295       303         8         1
291       298         7         6
294       303         9         1
297       303         6         1
283       301        18         3
298       302         4         2
166       285       119        19
24       303       279         1
291       296         5         8
25       292       267        12
276       303        27         1
293       295         2         9
289       301        12         3
297       300         3         4
296       299         3         5
297       303         6         1
299       301         2         3
291       303        12         1
24       302       278         2
172       302       130         2
295       299         4         5
301       302         1         2
169       300       131         4
289       296         7         8
295       300         5         4
21       296       275         8
28       287       259        17
298       302         4         2
293       294         1        10
277       299        22         5
285       292         7        12
277       283         6        21
290       291         1        13
25       291       266        13
27       290       263        14
284       289         5        15
300       302         2         2
259       274        15        30
292       299         7         5
281       297        16         7
287       294         7        10
301       303         2         1
292       303        11         1
287       303        16         1
286       299        13         5
274       277         3        27
10       291       281        13
295       301         6         3
286       303        17         1
168       303       135         1
288       303        15         1
25       303       278         1
267       295        28         9
292       296         4         8
297       302         5         2
284       301        17         3
297       300         3         4
267       290        23        14
289       301        12         3
288       299        11         5
291       295         4         9
293       300         7         4
300       303         3         1
296       302         6         2
296       303         7         1
275       278         3        26
278       283         5        21
297       299         2         5
301       303         2         1
19       297       278         7
298       299         1         5
297       299         2         5
298       301         3         3
295       296         1         8
26       300       274         4
296       299         3         5
289       294         5        10
285       298        13         6
283       290         7        14
294       300         6         4
296       298         2         6
288       294         6        10
298       303         5         1
296       303         7         1
301       302         1         2
28       297       269         7
281       284         3        20
298       303         5         1
299       302         3         2
295       296         1         8
293       300         7         4
290       299         9         5
283       288         5        16
298       303         5         1
285       288         3        16
290       299         9         5
284       296        12         8
265       287        22        17
284       290         6        14
292       294         2        10
299       302         3         2
20       295       275         9
16       302       286         2
296       302         6         2
300       301         1         3
288       297         9         7
281       285         4        19
297       301         4         3
280       281         1        23
25       297       272         7
164       295       131         9
280       281         1        23
286       299        13         5
170       287       117        17
299       301         2         3
290       291         1        13
286       300        14         4
295       296         1         8
296       303         7         1
281       302        21         2
295       301         6         3
290       303        13         1
286       303        17         1
19       300       281         4
269       280        11        24
290       303        13         1
301       302         1         2
28       289       261        15
280       289         9        15
291       300         9         4
286       293         7        11
277       299        22         5
297       302         5         2
269       301        32         3
300       302         2         2
300       301         1         3
264       298        34         6
280       299        19         5
300       303         3         1
27       300       273         4
287       296         9         8
273       278         5        26
285       303        18         1
291       301        10         3
294       303         9         1
27       290       263        14
291       293         2        11
20       296       276         8
281       298        17         6
292       301         9         3
282       298        16         6
302       303         1         1
12       296       284         8
270       273         3        31
296       303         7         1
284       303        19         1
14       293       279        11
273       289        16        15
277       300        23         4
285       289         4        15
25       294       269        10
279       286         7        18
297       303         6         1
169       281       112        23
299       302         3         2
288       297         9         7
25       301       276         3
300       301         1         3
293       302         9         2
296       302         6         2
288       296         8         8
276       281         5        23
294       298         4         6
296       300         4         4
27       276       249        28
291       301        10         3
287       288         1        16
295       298         3         6
297       299         2         5
302       303         1         1
298       301         3         3
295       303         8         1
297       299         2         5
277       297        20         7
280       281         1        23
295       302         7         2
287       300        13         4
297       302         5         2
26       160       134       144
299       303         4         1
284       291         7        13
289       295         6         9
292       293         1        11
277       298        21         6
298       303         5         1
281       283         2        21
284       293         9        11
293       301         8         3
274       291        17        13
301       303         2         1
272       274         2        30
289       293         4        11
300       301         1         3
299       301         2         3
171       297       126         7
284       286         2        18
281       301        20         3
299       302         3         2
296       303         7         1
301       302         1         2
296       303         7         1
300       303         3         1
25       295       270         9
284       286         2        18
301       302         1         2
169       300       131         4
293       300         7         4
26       299       273         5
298       303         5         1
26       303       277         1
296       301         5         3
296       299         3         5
297       299         2         5
287       296         9         8
26       303       277         1
296       300         4         4
290       293         3        11
296       299         3         5
262       296        34         8
295       302         7         2
297       302         5         2
268       292        24        12
295       296         1         8
289       302        13         2
264       292        28        12
290       294         4        10
289       290         1        14
287       296         9         8
274       303        29         1
288       291         3        13
24       283       259        21
281       294        13        10
170       292       122        12
289       301        12         3
284       303        19         1
288       300        12         4
293       302         9         2
168       171         3       133
291       292         1        12
172       282       110        22
24       300       276         4
300       302         2         2
291       303        12         1
285       302        17         2
28       299       271         5
292       298         6         6
288       298        10         6
302       303         1         1
277       290        13        14
284       301        17         3
295       299         4         5
290       295         5         9
265       288        23        16
167       291       124        13
296       298         2         6
295       302         7         2
293       301         8         3
258       297        39         7
286       301        15         3
300       301         1         3
16        28        12       276
295       297         2         7
295       303         8         1
297       303         6         1
292       300         8         4
302       303         1         1
21       302       281         2
295       298         3         6
300       302         2         2
294       300         6         4
274       300        26         4
283       287         4        17
296       300         4         4
298       303         5         1
295       296         1         8
298       301         3         3
289       299        10         5
300       301         1         3
287       293         6        11
302       303         1         1
301       303         2         1
300       301         1         3
292       298         6         6
282       302        20         2
277       279         2        25
294       298         4         6
300       302         2         2
281       303        22         1
279       293        14        11
283       289         6        15
28       287       259        17
298       301         3         3
290       296         6         8
19       300       281         4
300       303         3         1
299       303         4         1
301       303         2         1
298       302         4         2
164       303       139         1
291       300         9         4
284       293         9        11
297       303         6         1
302       303         1         1
266       275         9        29
295       296         1         8
293       297         4         7
172       302       130         2
28       295       267         9
275       301        26         3
168       303       135         1
294       299         5         5
282       301        19         3
173       299       126         5
26       300       274         4
291       298         7         6
170       284       114        20
25       298       273         6
289       291         2        13
295       303         8         1
298       303         5         1
7       302       295         2
24       300       276         4
20       301       281         3
284       301        17         3
289       297         8         7
300       303         3         1
284       299        15         5
290       298         8         6
288       302        14         2
285       300        15         4
173       265        92        39
294       302         8         2
299       301         2         3
284       303        19         1
287       295         8         9
301       302         1         2
19       292       273        12
278       293        15        11
283       296        13         8
293       296         3         8
301       303         2         1
297       303         6         1
290       299         9         5
270       283        13        21
293       302         9         2
294       303         9         1
164       291       127        13
20       283       263        21
290       302        12         2
290       300        10         4
273       292        19        12
272       291        19        13
28       299       271         5
273       276         3        28
284       299        15         5
284       297        13         7
275       303        28         1
301       303         2         1
268       292        24        12
298       302         4         2
290       300        10         4
295       302         7         2
289       292         3        12
299       300         1         4
297       303         6         1
297       301         4         3
19       298       279         6
287       296         9         8
288       298        10         6
161       292       131        12
294       300         6         4
276       300        24         4
20       301       281         3
278       295        17         9
284       291         7        13
297       298         1         6
166       300       134         4
300       303         3         1
297       300         3         4
298       299         1         5
293       296         3         8
302       303         1         1
257       294        37        10
290       291         1        13
301       303         2         1
280       289         9        15
297       300         3         4
297       298         1         6
288       303        15         1
294       299         5         5
287       303        16         1
274       301        27         3
277       292        15        12
297       301         4         3
20       262       242        42
291       299         8         5
297       303         6         1
295       303         8         1
282       300        18         4
271       291        20        13
4       300       296         4
302       303         1         1
163       301       138         3
171       303       132         1
10       292       282        12
295       303         8         1
294       300         6         4
299       300         1         4
298       303         5         1
27       299       272         5
302       303         1         1
280       293        13        11
281       302        21         2
270       297        27         7
289       303        14         1
291       295         4         9
12       285       273        19
27       302       275         2
298       299         1         5
277       285         8        19
281       295        14         9
18       273       255        31
