354       357         3         1
355       357         2         1
350       351         1         7
166       356       190         2
340       346         6        12
17       354       337         4
350       354         4         4
341       353        12         5
335       356        21         2
349       351         2         7
345       350         5         8
335       354        19         4
347       355         8         3
329       357        28         1
15       342       327        16
339       347         8        11
340       356        16         2
345       357        12         1
353       356         3         2
28       352       324         6
354       355         1         3
165       350       185         8
228       351       123         7
351       352         1         6
350       357         7         1
231       353       122         5
352       354         2         4
355       357         2         1
340       357        17         1
350       356         6         2
23       348       325        10
347       352         5         6
352       357         5         1
24       342       318        16
329       334         5        24
354       355         1         3
347       357        10         1
32       335       303        23
327       355        28         3
218       347       129        11
349       357         8         1
349       356         7         2
325       349        24         9
164       340       176        18
330       353        23         5
343       353        10         5
26       349       323         9
353       357         4         1
356       357         1         1
340       354        14         4
351       355         4         3
346       356        10         2
232       350       118         8
31       354       323         4
348       357         9         1
334       338         4        20
169       349       180         9
338       356        18         2
341       347         6        11
336       356        20         2
334       341         7        17
356       357         1         1
354       356         2         2
169       343       174        15
163       333       170        25
234       350       116         8
227       356       129         2
351       356         5         2
337       344         7        14
310       344        34        14
355       357         2         1
327       357        30         1
342       343         1        15
29       350       321         8
349       353         4         5
351       357         6         1
350       351         1         7
341       356        15         2
340       355        15         3
162       357       195         1
324       347        23        11
338       341         3        17
200       346       146        12
354       357         3         1
352       357         5         1
327       353        26         5
305       353        48         5
348       354         6         4
349       351         2         7
355       356         1         2
198       357       159         1
320       346        26        12
346       352         6         6
339       346         7        12
24       355       331         3
355       356         1         2
356       357         1         1
353       354         1         4
347       354         7         4
352       353         1         5
356       357         1         1
343       355        12         3
352       356         4         2
236       357       121         1
344       345         1        13
355       357         2         1
337       349        12         9
202       356       154         2
338       357        19         1
327       338        11        20
166       356       190         2
350       357         7         1
347       356         9         2
164       349       185         9
334       355        21         3
353       357         4         1
353       357         4         1
349       355         6         3
355       357         2         1
198       354       156         4
343       357        14         1
350       356         6         2
355       357         2         1
320       348        28        10
353       357         4         1
350       354         4         4
30       355       325         3
347       349         2         9
339       346         7        12
329       355        26         3
354       357         3         1
352       353         1         5
26       344       318        14
344       345         1        13
350       351         1         7
351       353         2         5
351       356         5         2
335       343         8        15
158       356       198         2
194       342       148        16
30       357       327         1
199       350       151         8
335       357        22         1
327       357        30         1
33       320       287        38
343       347         4        11
343       355        12         3
319       357        38         1
350       356         6         2
350       351         1         7
162       357       195         1
329       353        24         5
346       356        10         2
187       350       163         8
352       353         1         5
336       356        20         2
355       357         2         1
352       356         4         2
351       353         2         5
229       335       106        23
353       356         3         2
350       357         7         1
354       357         3         1
349       352         3         6
336       344         8        14
159       356       197         2
345       355        10         3
333       338         5        20
226       355       129         3
342       353        11         5
28       353       325         5
336       338         2        20
350       357         7         1
345       352         7         6
347       357        10         1
346       355         9         3
351       353         2         5
343       356        13         2
332       357        25         1
350       356         6         2
343       345         2        13
167       352       185         6
348       354         6         4
349       354         5         4
323       331         8        27
28       355       327         3
335       337         2        21
330       353        23         5
330       351        21         7
199       348       149        10
339       357        18         1
347       349         2         9
348       349         1         9
195       355       160         3
354       357         3         1
347       355         8         3
355       356         1         2
203       350       147         8
31       347       316        11
346       350         4         8
356       357         1         1
192       346       154        12
355       357         2         1
230       354       124         4
343       355        12         3
338       355        17         3
345       357        12         1
227       357       130         1
201       333       132        25
320       345        25        13
336       354        18         4
324       345        21        13
340       355        15         3
31       357       326         1
321       357        36         1
344       350         6         8
337       344         7        14
167       357       190         1
339       357        18         1
342       355        13         3
354       356         2         2
235       328        93        30
356       357         1         1
341       354        13         4
331       337         6        21
353       357         4         1
336       354        18         4
343       351         8         7
163       339       176        19
354       357         3         1
351       356         5         2
331       346        15        12
323       346        23        12
343       352         9         6
345       357        12         1
336       351        15         7
352       354         2         4
347       354         7         4
346       347         1        11
322       344        22        14
329       340        11        18
191       356       165         2
350       356         6         2
345       347         2        11
350       354         4         4
237       356       119         2
340       353        13         5
336       345         9        13
337       342         5        16
354       357         3         1
345       349         4         9
350       353         3         5
351       354         3         4
191       356       165         2
350       356         6         2
334       345        11        13
346       356        10         2
351       357         6         1
338       348        10        10
355       356         1         2
344       352         8         6
326       341        15        17
32       354       322         4
32       237       205       121
353       357         4         1
29       333       304        25
356       357         1         1
169       340       171        18
317       326         9        32
342       357        15         1
356       357         1         1
350       357         7         1
354       355         1         3
302       357        55         1
343       350         7         8
351       356         5         2
336       356        20         2
349       350         1         8
347       353         6         5
353       354         1         4
345       351         6         7
345       352         7         6
354       357         3         1
356       357         1         1
31       346       315        12
236       351       115         7
352       354         2         4
349       350         1         8
203       357       154         1
355       357         2         1
234       344       110        14
351       352         1         6
325       338        13        20
356       357         1         1
345       346         1        12
349       350         1         8
339       341         2        17
351       355         4         3
342       357        15         1
345       357        12         1
332       357        25         1
343       349         6         9
348       357         9         1
234       333        99        25
346       350         4         8
30       356       326         2
343       346         3        12
233       357       124         1
344       350         6         8
347       349         2         9
352       353         1         5
339       342         3        16
353       354         1         4
348       355         7         3
341       355        14         3
29       357       328         1
193       336       143        22
333       354        21         4
28       356       328         2
346       350         4         8
348       353         5         5
354       357         3         1
330       352        22         6
343       356        13         2
344       350         6         8
337       350        13         8
350       352         2         6
346       350         4         8
17       316       299        42
27       357       330         1
349       356         7         2
341       344         3        14
345       354         9         4
350       355         5         3
348       357         9         1
316       324         8        34
343       356        13         2
353       354         1         4
26       356       330         2
352       355         3         3
332       352        20         6
351       353         2         5
25       356       331         2
345       352         7         6
26       352       326         6
333       336         3        22
337       353        16         5
339       355        16         3
336       354        18         4
17       339       322        19
353       354         1         4
323       334        11        24
349       356         7         2
32       351       319         7
18       320       302        38
345       357        12         1
345       351         6         7
337       351        14         7
353       356         3         2
341       351        10         7
344       357        13         1
352       353         1         5
347       356         9         2
334       342         8        16
351       357         6         1
340       347         7        11
330       345        15        13
336       357        21         1
339       356        17         2
351       356         5         2
344       357        13         1
351       354         3         4
345       351         6         7
349       352         3         6
353       355         2         3
333       344        11        14
348       357         9         1
337       350        13         8
355       357         2         1
355       356         1         2
332       357        25         1
339       352        13         6
325       345        20        13
337       355        18         3
341       356        15         2
354       356         2         2
345       357        12         1
218       354       136         4
315       343        28        15
167       348       181        10
202       341       139        17
347       351         4         7
33       326       293        32
340       348         8        10
349       350         1         8
353       357         4         1
349       350         1         8
348       357         9         1
353       356         3         2
354       357         3         1
349       357         8         1
33       356       323         2
348       351         3         7
356       357         1         1
353       355         2         3
349       357         8         1
310       342        32        16
355       356         1         2
32       355       323         3
345       354         9         4
346       350         4         8
342       352        10         6
22       355       333         3
342       353        11         5
351       355         4         3
342       352        10         6
234       337       103        21
327       334         7        24
351       352         1         6
332       352        20         6
169       355       186         3
165       354       189         4
356       357         1         1
343       354        11         4
343       357        14         1
337       347        10        11
348       355         7         3
343       348         5        10
180       353       173         5
198       349       151         9
332       345        13        13
234       341       107        17
341       352        11         6
216       349       133         9
350       353         3         5
339       355        16         3
354       357         3         1
237       344       107        14
327       339        12        19
341       355        14         3
338       342         4        16
351       353         2         5
330       350        20         8
27       357       330         1
160       354       194         4
343       357        14         1
328       346        18        12
345       350         5         8
334       356        22         2
25       355       330         3
348       355         7         3
17       335       318        23
352       357         5         1
30       342       312        16
345       355        10         3
352       353         1         5
343       354        11         4
345       356        11         2
347       356         9         2
346       348         2        10
4       357       353         1
342       355        13         3
338       353        15         5
327       341        14        17
352       357         5         1
347       348         1        10
355       357         2         1
352       354         2         4
22       348       326        10
332       345        13        13
202       237        35       121
315       355        40         3
161       327       166        31
346       348         2        10
345       351         6         7
350       351         1         7
337       349        12         9
336       357        21         1
318       329        11        29
329       333         4        25
334       353        19         5
353       357         4         1
339       350        11         8
202       304       102        54
32       356       324         2
338       343         5        15
25       347       322        11
342       354        12         4
31       342       311        16
345       351         6         7
347       353         6         5
347       352         5         6
346       347         1        11
351       352         1         6
344       347         3        11
348       357         9         1
31       347       316        11
338       357        19         1
350       351         1         7
203       346       143        12
330       339         9        19
15       354       339         4
337       357        20         1
348       352         4         6
338       348        10        10
349       356         7         2
353       355         2         3
356       357         1         1
346       357        11         1
322       348        26        10
352       356         4         2
194       352       158         6
339       348         9        10
355       356         1         2
201       356       155         2
333       356        23         2
166       357       191         1
348       352         4         6
343       356        13         2
338       356        18         2
354       355         1         3
342       353        11         5
352       353         1         5
352       357         5         1
333       352        19         6
349       353         4         5
336       349        13         9
355       357         2         1
237       357       120         1
349       351         2         7
355       357         2         1
348       352         4         6
354       357         3         1
20       356       336         2
319       344        25        14
348       357         9         1
330       355        25         3
33       345       312        13
345       357        12         1
355       356         1         2
344       356        12         2
29       349       320         9
232       341       109        17
342       349         7         9
341       343         2        15
354       357         3         1
353       354         1         4
327       340        13        18
201       351       150         7
333       354        21         4
332       356        24         2
28       356       328         2
351       355         4         3
339       351        12         7
352       357         5         1
16       346       330        12
199       356       157         2
353       354         1         4
331       357        26         1
346       356        10         2
351       356         5         2
340       343         3        15
347       350         3         8
233       340       107        18
198       353       155         5
356       357         1         1
335       338         3        20
356       357         1         1
340       357        17         1
331       334         3        24
339       352        13         6
352       356         4         2
340       352        12         6
348       355         7         3
203       352       149         6
31       348       317        10
349       356         7         2
353       354         1         4
349       351         2         7
347       351         4         7
340       344         4        14
333       347        14        11
349       355         6         3
347       349         2         9
346       348         2        10
341       346         5        12
354       357         3         1
352       357         5         1
354       356         2         2
353       356         3         2
197       336       139        22
332       333         1        25
337       351        14         7
348       349         1         9
351       357         6         1
336       341         5        17
332       357        25         1
350       356         6         2
161       343       182        15
155       351       196         7
346       349         3         9
345       354         9         4
23       351       328         7
335       343         8        15
356       357         1         1
339       346         7        12
233       356       123         2
350       355         5         3
31       350       319         8
344       357        13         1
347       356         9         2
350       353         3         5
342       352        10         6
354       355         1         3
342       347         5        11
349       350         1         8
166       352       186         6
349       357         8         1
350       357         7         1
335       354        19         4
329       346        17        12
188       344       156        14
352       357         5         1
338       346         8        12
213       355       142         3
335       351        16         7
341       352        11         6
30       350       320         8
329       346        17        12
18       346       328        12
337       355        18         3
341       344         3        14
354       356         2         2
341       357        16         1
348       357         9         1
29       341       312        17
212       342       130        16
203       354       151         4
33       353       320         5
344       357        13         1
345       351         6         7
340       354        14         4
349       350         1         8
346       347         1        11
344       355        11         3
312       322        10        36
346       356        10         2
352       357         5         1
352       353         1         5
351       356         5         2
169       348       179        10
322       334        12        24
345       349         4         9
347       357        10         1
354       356         2         2
351       357         6         1
342       357        15         1
169       355       186         3
345       355        10         3
315       351        36         7
351       353         2         5
17       356       339         2
344       354        10         4
332       357        25         1
350       353         3         5
342       356        14         2
350       355         5         3
341       348         7        10
339       343         4        15
339       353        14         5
338       356        18         2
340       356        16         2
328       357        29         1
235       354       119         4
341       356        15         2
231       357       126         1
341       343         2        15
188       335       147        23
342       355        13         3
343       357        14         1
342       349         7         9
8       345       337        13
349       357         8         1
348       351         3         7
335       343         8        15
345       353         8         5
168       337       169        21
355       357         2         1
196       357       161         1
348       357         9         1
353       355         2         3
349       353         4         5
24       192       168       166
350       352         2         6
355       357         2         1
350       356         6         2
329       339        10        19
332       336         4        22
30       346       316        12
356       357         1         1
339       352        13         6
342       350         8         8
339       357        18         1
332       355        23         3
311       356        45         2
329       348        19        10
326       342        16        16
343       345         2        13
327       338        11        20
332       348        16        10
237       356       119         2
345       346         1        12
338       341         3        17
328       356        28         2
32       357       325         1
348       350         2         8
346       348         2        10
340       354        14         4
326       344        18        14
349       357         8         1
29       355       326         3
348       357         9         1
300       349        49         9
347       349         2         9
332       355        23         3
349       357         8         1
350       352         2         6
333       357        24         1
337       352        15         6
336       352        16         6
169       324       155        34
343       344         1        14
346       352         6         6
345       354         9         4
315       346        31        12
338       355        17         3
350       354         4         4
162       345       183        13
335       346        11        12
31       343       312        15
31       233       202       125
314       345        31        13
354       356         2         2
328       348        20        10
332       352        20         6
342       356        14         2
237       349       112         9
348       353         5         5
348       352         4         6
346       354         8         4
338       357        19         1
349       352         3         6
342       354        12         4
356       357         1         1
344       350         6         8
343       357        14         1
30       351       321         7
351       352         1         6
32       355       323         3
353       355         2         3
25       158       133       200
233       356       123         2
229       354       125         4
355       357         2         1
355       356         1         2
335       341         6        17
351       352         1         6
347       350         3         8
339       342         3        16
312       329        17        29
336       338         2        20
230       314        84        44
351       352         1         6
331       344        13        14
339       357        18         1
25       355       330         3
351       352         1         6
322       357        35         1
30       169       139       189
1       353       352         5
333       343        10        15
341       352        11         6
345       347         2        11
354       355         1         3
354       355         1         3
169       354       185         4
347       357        10         1
342       353        11         5
338       357        19         1
347       357        10         1
27       357       330         1
347       350         3         8
350       357         7         1
335       348        13        10
340       345         5        13
31       356       325         2
353       356         3         2
26       347       321        11
350       356         6         2
340       350        10         8
352       355         3         3
350       355         5         3
334       353        19         5
336       342         6        16
347       356         9         2
22       355       333         3
339       349        10         9
344       353         9         5
355       357         2         1
325       351        26         7
348       356         8         2
314       357        43         1
304       339        35        19
349       354         5         4
346       347         1        11
335       344         9        14
33       357       324         1
355       356         1         2
335       352        17         6
349       350         1         8
355       357         2         1
169       354       185         4
326       349        23         9
188       352       164         6
167       345       178        13
26       353       327         5
344       357        13         1
344       352         8         6
353       354         1         4
31       344       313        14
19       346       327        12
337       342         5        16
27       350       323         8
349       354         5         4
347       354         7         4
347       352         5         6
350       355         5         3
227       350       123         8
345       349         4         9
349       356         7         2
20       352       332         6
347       357        10         1
24       341       317        17
27       356       329         2
351       356         5         2
339       356        17         2
33       347       314        11
348       352         4         6
154       311       157        47
169       355       186         3
31       355       324         3
356       357         1         1
354       357         3         1
234       342       108        16
349       352         3         6
237       356       119         2
344       348         4        10
352       356         4         2
237       354       117         4
349       354         5         4
347       353         6         5
345       351         6         7
326       356        30         2
24       328       304        30
203       357       154         1
168       355       187         3
30       356       326         2
329       339        10        19
354       357         3         1
341       356        15         2
348       357         9         1
338       353        15         5
331       349        18         9
233       351       118         7
353       355         2         3
343       351         8         7
347       351         4         7
159       354       195         4
356       357         1         1
347       354         7         4
352       355         3         3
354       357         3         1
351       354         3         4
322       341        19        17
235       355       120         3
23       351       328         7
355       357         2         1
18       341       323        17
347       355         8         3
351       354         3         4
340       356        16         2
22       351       329         7
354       355         1         3
351       355         4         3
158       357       199         1
343       357        14         1
340       352        12         6
336       357        21         1
346       347         1        11
331       335         4        23
355       356         1         2
338       353        15         5
341       356        15         2
32       356       324         2
340       353        13         5
348       353         5         5
350       356         6         2
341       344         3        14
350       355         5         3
234       346       112        12
168       354       186         4
25       352       327         6
353       356         3         2
348       356         8         2
183       350       167         8
327       356        29         2
340       355        15         3
354       356         2         2
335       337         2        21
335       352        17         6
336       339         3        19
356       357         1         1
233       356       123         2
350       351         1         7
351       357         6         1
338       345         7        13
355       356         1         2
353       357         4         1
350       354         4         4
350       353         3         5
337       351        14         7
342       349         7         9
167       345       178        13
351       353         2         5
355       357         2         1
351       352         1         6
355       356         1         2
354       356         2         2
341       349         8         9
345       352         7         6
351       355         4         3
324       346        22        12
173       355       182         3
345       351         6         7
352       354         2         4
349       354         5         4
347       352         5         6
26       356       330         2
337       346         9        12
345       354         9         4
323       357        34         1
351       354         3         4
342       355        13         3
330       357        27         1
326       355        29         3
350       354         4         4
200       338       138        20
323       357        34         1
344       345         1        13
341       348         7        10
353       355         2         3
24       332       308        26
168       351       183         7
347       352         5         6
29       355       326         3
164       357       193         1
328       355        27         3
351       353         2         5
353       356         3         2
25       352       327         6
352       354         2         4
341       352        11         6
351       356         5         2
343       347         4        11
14       351       337         7
349       352         3         6
328       337         9        21
336       340         4        18
336       356        20         2
354       356         2         2
167       355       188         3
347       351         4         7
337       351        14         7
343       353        10         5
157       356       199         2
329       352        23         6
335       357        22         1
347       351         4         7
17       354       337         4
345       347         2        11
29       352       323         6
30       199       169       159
350       352         2         6
333       353        20         5
335       350        15         8
237       356       119         2
341       348         7        10
341       345         4        13
350       355         5         3
334       347        13        11
