183       189         6         1
171       185        14         5
186       188         2         2
97       185        88         5
188       189         1         1
169       187        18         3
183       185         2         5
162       187        25         3
180       183         3         7
118       188        70         2
174       184        10         6
184       185         1         5
187       188         1         2
177       182         5         8
186       187         1         3
185       187         2         3
176       181         5         9
174       189        15         1
118       187        69         3
180       186         6         4
168       187        19         3
183       188         5         2
186       189         3         1
165       188        23         2
173       185        12         5
185       189         4         1
94       189        95         1
167       185        18         5
182       187         5         3
185       186         1         4
183       189         6         1
178       180         2        10
178       189        11         1
186       187         1         3
178       184         6         6
15       177       162        13
172       185        13         5
184       188         4         2
175       189        14         1
186       187         1         3
186       187         1         3
186       189         3         1
183       184         1         6
185       188         3         2
181       189         8         1
175       177         2        13
186       189         3         1
186       189         3         1
176       188        12         2
187       189         2         1
182       183         1         7
3       183       180         7
180       183         3         7
187       189         2         1
188       189         1         1
185       188         3         2
184       186         2         4
18       182       164         8
181       183         2         7
95       185        90         5
181       187         6         3
185       187         2         3
173       185        12         5
17       188       171         2
181       189         8         1
184       189         5         1
181       186         5         4
12       187       175         3
92       186        94         4
17       187       170         3
186       189         3         1
178       188        10         2
187       189         2         1
184       185         1         5
184       187         3         3
183       187         4         3
118       179        61        11
180       181         1         9
181       185         4         5
185       189         4         1
188       189         1         1
187       189         2         1
174       189        15         1
178       184         6         6
169       183        14         7
162       189        27         1
172       189        17         1
188       189         1         1
184       187         3         3
180       182         2         8
170       180        10        10
187       189         2         1
186       187         1         3
181       189         8         1
181       188         7         2
97       186        89         4
184       189         5         1
15       185       170         5
183       188         5         2
175       184         9         6
188       189         1         1
184       189         5         1
98       181        83         9
178       183         5         7
186       189         3         1
119       185        66         5
182       188         6         2
19       178       159        12
187       189         2         1
174       185        11         5
179       186         7         4
185       187         2         3
173       179         6        11
183       189         6         1
165       175        10        15
183       186         3         4
170       182        12         8
181       188         7         2
115       186        71         4
184       189         5         1
117       186        69         4
119       178        59        12
182       185         3         5
183       184         1         6
181       187         6         3
184       187         3         3
181       182         1         8
178       183         5         7
181       189         8         1
182       184         2         6
119       184        65         6
187       189         2         1
161       186        25         4
17       177       160        13
177       186         9         4
185       188         3         2
184       186         2         4
19       187       168         3
16       185       169         5
178       181         3         9
12       185       173         5
188       189         1         1
179       186         7         4
180       185         5         5
182       184         2         6
183       188         5         2
187       189         2         1
185       187         2         3
186       189         3         1
177       189        12         1
179       183         4         7
97       171        74        19
181       184         3         6
181       186         5         4
174       185        11         5
181       189         8         1
180       189         9         1
183       187         4         3
183       189         6         1
177       180         3        10
187       189         2         1
169       188        19         2
184       188         4         2
174       183         9         7
99       187        88         3
174       187        13         3
181       183         2         7
19       177       158        13
186       188         2         2
113       186        73         4
12       187       175         3
175       185        10         5
187       189         2         1
18       184       166         6
177       185         8         5
186       187         1         3
178       188        10         2
177       184         7         6
170       185        15         5
176       183         7         7
180       181         1         9
179       189        10         1
185       188         3         2
182       189         7         1
180       181         1         9
95       186        91         4
178       184         6         6
183       189         6         1
187       188         1         2
175       178         3        12
182       184         2         6
182       186         4         4
94       189        95         1
178       189        11         1
179       185         6         5
173       187        14         3
179       185         6         5
185       188         3         2
14       184       170         6
185       187         2         3
186       189         3         1
182       188         6         2
177       189        12         1
182       188         6         2
176       178         2        12
110       189        79         1
177       185         8         5
179       186         7         4
173       189        16         1
183       186         3         4
173       186        13         4
186       188         2         2
181       187         6         3
187       188         1         2
187       189         2         1
186       189         3         1
176       188        12         2
175       186        11         4
184       189         5         1
182       187         5         3
16       188       172         2
182       188         6         2
10       182       172         8
178       189        11         1
179       181         2         9
166       184        18         6
19       188       169         2
185       186         1         4
177       189        12         1
183       186         3         4
176       188        12         2
183       184         1         6
183       186         3         4
183       184         1         6
182       186         4         4
17       182       165         8
114       188        74         2
187       188         1         2
175       178         3        12
183       188         5         2
168       185        17         5
187       189         2         1
176       187        11         3
182       183         1         7
117       185        68         5
187       188         1         2
165       186        21         4
170       175         5        15
185       189         4         1
187       188         1         2
188       189         1         1
176       182         6         8
19       188       169         2
186       188         2         2
186       189         3         1
176       183         7         7
94       174        80        16
182       183         1         7
174       189        15         1
177       181         4         9
172       187        15         3
187       188         1         2
182       184         2         6
174       184        10         6
176       179         3        11
178       182         4         8
174       185        11         5
186       189         3         1
172       184        12         6
17       181       164         9
185       186         1         4
181       183         2         7
182       187         5         3
185       187         2         3
176       182         6         8
179       187         8         3
182       184         2         6
185       187         2         3
172       189        17         1
19       188       169         2
185       187         2         3
17       189       172         1
180       184         4         6
167       178        11        12
183       188         5         2
179       189        10         1
184       187         3         3
170       185        15         5
177       183         6         7
186       189         3         1
184       186         2         4
119       189        70         1
185       187         2         3
167       187        20         3
185       186         1         4
179       183         4         7
179       188         9         2
180       189         9         1
97       187        90         3
19        97        78        93
180       182         2         8
181       187         6         3
178       189        11         1
19       189       170         1
180       187         7         3
188       189         1         1
186       188         2         2
183       189         6         1
186       187         1         3
180       188         8         2
183       188         5         2
186       187         1         3
118       189        71         1
188       189         1         1
183       187         4         3
182       189         7         1
186       188         2         2
179       188         9         2
99       189        90         1
12       174       162        16
184       186         2         4
178       179         1        11
185       186         1         4
183       187         4         3
177       181         4         9
178       180         2        10
183       185         2         5
185       187         2         3
184       188         4         2
182       189         7         1
182       186         4         4
179       186         7         4
180       182         2         8
183       189         6         1
182       186         4         4
174       181         7         9
15       171       156        19
186       188         2         2
186       188         2         2
19       187       168         3
187       189         2         1
186       187         1         3
181       188         7         2
179       183         4         7
181       184         3         6
166       174         8        16
183       186         3         4
175       181         6         9
176       177         1        13
179       186         7         4
18       186       168         4
12       188       176         2
181       186         5         4
171       186        15         4
173       188        15         2
186       188         2         2
186       189         3         1
172       186        14         4
185       187         2         3
184       188         4         2
181       189         8         1
181       189         8         1
177       178         1        12
187       189         2         1
167       189        22         1
188       189         1         1
160       176        16        14
187       188         1         2
180       184         4         6
185       187         2         3
185       189         4         1
115       188        73         2
14       185       171         5
187       188         1         2
175       189        14         1
173       187        14         3
179       180         1        10
157       189        32         1
184       189         5         1
183       187         4         3
178       186         8         4
163       187        24         3
185       188         3         2
185       188         3         2
186       189         3         1
171       180         9        10
186       188         2         2
177       182         5         8
182       186         4         4
188       189         1         1
186       188         2         2
181       188         7         2
183       189         6         1
180       184         4         6
169       175         6        15
172       189        17         1
186       187         1         3
186       188         2         2
178       189        11         1
184       189         5         1
177       187        10         3
179       184         5         6
171       189        18         1
180       184         4         6
179       182         3         8
186       187         1         3
173       186        13         4
182       183         1         7
181       184         3         6
187       188         1         2
173       187        14         3
184       186         2         4
186       189         3         1
172       185        13         5
174       178         4        12
184       187         3         3
176       181         5         9
104       171        67        19
181       183         2         7
178       182         4         8
164       188        24         2
188       189         1         1
179       180         1        10
185       186         1         4
187       189         2         1
176       181         5         9
116       183        67         7
97       189        92         1
176       186        10         4
184       186         2         4
181       183         2         7
173       174         1        16
187       189         2         1
177       188        11         2
178       182         4         8
184       187         3         3
185       187         2         3
178       188        10         2
188       189         1         1
186       189         3         1
186       189         3         1
180       189         9         1
15       189       174         1
185       189         4         1
185       188         3         2
186       188         2         2
177       189        12         1
176       185         9         5
185       189         4         1
171       188        17         2
183       188         5         2
170       181        11         9
172       182        10         8
185       189         4         1
181       188         7         2
175       181         6         9
175       178         3        12
169       177         8        13
187       188         1         2
17       182       165         8
152       184        32         6
177       181         4         9
96       185        89         5
187       189         2         1
183       188         5         2
188       189         1         1
186       187         1         3
171       184        13         6
178       183         5         7
188       189         1         1
186       187         1         3
16       181       165         9
188       189         1         1
185       187         2         3
188       189         1         1
183       185         2         5
174       180         6        10
186       188         2         2
182       186         4         4
184       189         5         1
175       185        10         5
173       175         2        15
177       189        12         1
182       187         5         3
182       184         2         6
186       188         2         2
19       188       169         2
187       189         2         1
188       189         1         1
181       184         3         6
179       185         6         5
180       187         7         3
186       187         1         3
185       186         1         4
186       189         3         1
183       185         2         5
188       189         1         1
175       180         5        10
180       184         4         6
180       184         4         6
167       186        19         4
186       189         3         1
175       182         7         8
166       174         8        16
175       189        14         1
118       189        71         1
183       188         5         2
179       185         6         5
187       189         2         1
182       185         3         5
183       189         6         1
173       188        15         2
188       189         1         1
186       187         1         3
179       185         6         5
180       183         3         7
19       189       170         1
184       186         2         4
184       186         2         4
182       183         1         7
186       188         2         2
186       187         1         3
183       187         4         3
179       183         4         7
7       179       172        11
169       184        15         6
175       188        13         2
179       186         7         4
179       188         9         2
180       186         6         4
178       189        11         1
188       189         1         1
174       188        14         2
181       183         2         7
183       186         3         4
183       188         5         2
187       188         1         2
187       188         1         2
184       189         5         1
185       188         3         2
180       188         8         2
177       184         7         6
180       185         5         5
182       184         2         6
176       181         5         9
174       179         5        11
177       179         2        11
186       189         3         1
186       189         3         1
174       186        12         4
184       189         5         1
175       186        11         4
187       188         1         2
187       188         1         2
180       186         6         4
176       182         6         8
175       183         8         7
178       185         7         5
182       189         7         1
180       188         8         2
173       185        12         5
183       185         2         5
11       182       171         8
115       185        70         5
181       188         7         2
188       189         1         1
180       182         2         8
169       189        20         1
167       186        19         4
183       188         5         2
98       189        91         1
184       187         3         3
186       188         2         2
181       189         8         1
19       174       155        16
179       185         6         5
185       188         3         2
173       174         1        16
184       188         4         2
188       189         1         1
188       189         1         1
179       186         7         4
184       189         5         1
116       185        69         5
97       187        90         3
186       188         2         2
186       188         2         2
185       189         4         1
183       188         5         2
186       188         2         2
186       188         2         2
180       183         3         7
182       187         5         3
175       186        11         4
170       180        10        10
113       188        75         2
174       189        15         1
188       189         1         1
174       182         8         8
184       185         1         5
119       186        67         4
180       189         9         1
181       189         8         1
177       180         3        10
99       188        89         2
180       189         9         1
178       183         5         7
180       187         7         3
19       189       170         1
180       183         3         7
182       183         1         7
176       186        10         4
176       189        13         1
184       187         3         3
184       188         4         2
18       171       153        19
171       178         7        12
171       186        15         4
182       183         1         7
15       177       162        13
187       189         2         1
188       189         1         1
182       186         4         4
99       189        90         1
185       189         4         1
176       181         5         9
179       186         7         4
5       177       172        13
183       187         4         3
182       184         2         6
15       187       172         3
178       186         8         4
179       183         4         7
178       188        10         2
186       188         2         2
187       189         2         1
166       188        22         2
184       185         1         5
179       186         7         4
18       176       158        14
187       189         2         1
180       182         2         8
119       188        69         2
184       188         4         2
178       189        11         1
171       188        17         2
187       188         1         2
175       180         5        10
182       189         7         1
173       178         5        12
185       187         2         3
186       187         1         3
186       189         3         1
185       188         3         2
119       179        60        11
175       183         8         7
170       184        14         6
184       188         4         2
179       182         3         8
176       189        13         1
179       182         3         8
172       181         9         9
184       185         1         5
94       185        91         5
181       184         3         6
14       186       172         4
179       182         3         8
116       184        68         6
182       186         4         4
187       188         1         2
182       183         1         7
184       186         2         4
180       188         8         2
187       188         1         2
179       185         6         5
177       183         6         7
168       169         1        21
186       188         2         2
176       189        13         1
180       182         2         8
17       189       172         1
188       189         1         1
178       184         6         6
114       189        75         1
163       188        25         2
185       189         4         1
181       187         6         3
180       181         1         9
188       189         1         1
12       186       174         4
177       184         7         6
182       188         6         2
180       184         4         6
169       189        20         1
185       188         3         2
119       185        66         5
179       188         9         2
176       184         8         6
179       187         8         3
187       189         2         1
96       187        91         3
184       189         5         1
181       187         6         3
175       182         7         8
179       187         8         3
167       176         9        14
188       189         1         1
117       187        70         3
94       185        91         5
185       188         3         2
181       182         1         8
99       188        89         2
184       189         5         1
183       186         3         4
188       189         1         1
179       189        10         1
177       185         8         5
184       189         5         1
185       188         3         2
177       187        10         3
95       188        93         2
96       179        83        11
184       186         2         4
180       188         8         2
185       189         4         1
179       185         6         5
172       189        17         1
173       185        12         5
175       178         3        12
181       189         8         1
174       177         3        13
186       187         1         3
169       170         1        20
177       189        12         1
175       185        10         5
98       189        91         1
177       179         2        11
160       187        27         3
185       189         4         1
181       187         6         3
176       177         1        13
119       188        69         2
183       187         4         3
185       189         4         1
183       186         3         4
175       182         7         8
176       183         7         7
187       188         1         2
176       188        12         2
180       189         9         1
93       178        85        12
185       188         3         2
17       189       172         1
173       189        16         1
182       188         6         2
185       186         1         4
175       187        12         3
185       189         4         1
176       186        10         4
178       185         7         5
178       187         9         3
167       186        19         4
17       173       156        17
184       189         5         1
177       187        10         3
171       184        13         6
185       186         1         4
188       189         1         1
188       189         1         1
187       189         2         1
182       185         3         5
187       189         2         1
175       185        10         5
188       189         1         1
181       187         6         3
17       173       156        17
187       188         1         2
167       178        11        12
183       189         6         1
173       183        10         7
184       185         1         5
93       178        85        12
188       189         1         1
188       189         1         1
184       187         3         3
183       189         6         1
96       186        90         4
174       185        11         5
173       179         6        11
172       188        16         2
188       189         1         1
179       181         2         9
175       186        11         4
178       188        10         2
116       187        71         3
176       184         8         6
184       186         2         4
181       184         3         6
183       186         3         4
176       188        12         2
188       189         1         1
17       187       170         3
185       187         2         3
181       186         5         4
107       180        73        10
180       189         9         1
188       189         1         1
176       189        13         1
175       189        14         1
180       185         5         5
19       189       170         1
186       189         3         1
188       189         1         1
174       185        11         5
181       183         2         7
184       189         5         1
181       182         1         8
180       185         5         5
175       188        13         2
188       189         1         1
184       185         1         5
179       183         4         7
183       189         6         1
184       185         1         5
177       180         3        10
181       186         5         4
183       189         6         1
184       186         2         4
180       186         6         4
180       188         8         2
175       187        12         3
113       183        70         7
182       188         6         2
117       185        68         5
173       181         8         9
186       187         1         3
98       183        85         7
181       188         7         2
182       187         5         3
179       188         9         2
187       188         1         2
177       188        11         2
183       187         4         3
153       188        35         2
183       187         4         3
172       189        17         1
96       183        87         7
176       187        11         3
173       189        16         1
181       183         2         7
188       189         1         1
188       189         1         1
188       189         1         1
186       188         2         2
186       189         3         1
179       187         8         3
19       187       168         3
178       179         1        11
186       187         1         3
95       179        84        11
186       187         1         3
16       172       156        18
185       186         1         4
172       188        16         2
174       179         5        11
185       186         1         4
183       186         3         4
175       179         4        11
186       189         3         1
176       189        13         1
15       180       165        10
174       177         3        13
174       188        14         2
179       181         2         9
170       181        11         9
99       188        89         2
187       189         2         1
185       188         3         2
188       189         1         1
178       184         6         6
18       188       170         2
171       187        16         3
177       178         1        12
181       182         1         8
186       188         2         2
184       185         1         5
183       189         6         1
183       186         3         4
96       186        90         4
179       186         7         4
18       184       166         6
178       183         5         7
185       189         4         1
179       186         7         4
177       188        11         2
184       189         5         1
175       184         9         6
181       186         5         4
168       189        21         1
187       189         2         1
184       188         4         2
178       188        10         2
182       189         7         1
175       188        13         2
180       188         8         2
176       181         5         9
184       189         5         1
177       182         5         8
180       184         4         6
182       189         7         1
174       175         1        15
169       181        12         9
173       179         6        11
99       185        86         5
186       187         1         3
188       189         1         1
185       188         3         2
173       189        16         1
15       187       172         3
187       189         2         1
10       188       178         2
172       183        11         7
9       180       171        10
182       183         1         7
180       183         3         7
177       182         5         8
179       187         8         3
186       189         3         1
177       187        10         3
186       187         1         3
181       183         2         7
175       176         1        14
176       188        12         2
172       180         8        10
186       189         3         1
183       188         5         2
179       180         1        10
178       183         5         7
119       188        69         2
185       187         2         3
15       178       163        12
184       185         1         5
188       189         1         1
168       176         8        14
162       185        23         5
178       180         2        10
116       175        59        15
185       188         3         2
154       186        32         4
170       189        19         1
162       180        18        10
179       185         6         5
168       178        10        12
187       189         2         1
19       188       169         2
183       189         6         1
186       188         2         2
175       189        14         1
183       188         5         2
167       185        18         5
180       188         8         2
183       189         6         1
11       186       175         4
182       184         2         6
187       188         1         2
178       183         5         7
98       187        89         3
114       179        65        11
178       186         8         4
186       187         1         3
182       188         6         2
180       182         2         8
174       188        14         2
176       179         3        11
173       181         8         9
177       184         7         6
180       186         6         4
181       186         5         4
188       189         1         1
186       187         1         3
180       182         2         8
181       187         6         3
177       181         4         9
169       181        12         9
119       182        63         8
186       189         3         1
18       189       171         1
185       187         2         3
175       182         7         8
184       189         5         1
181       186         5         4
187       189         2         1
177       189        12         1
98       185        87         5
187       188         1         2
16       189       173         1
185       189         4         1
178       188        10         2
182       189         7         1
179       185         6         5
