307       323        16         1
311       320         9         4
319       320         1         4
305       318        13         6
313       322         9         2
308       323        15         1
314       320         6         4
307       323        16         1
306       320        14         4
319       320         1         4
318       321         3         3
304       308         4        16
250       307        57        17
27       315       288         9
22       302       280        22
317       323         6         1
318       320         2         4
298       307         9        17
318       322         4         2
299       308         9        16
308       317         9         7
311       313         2        11
19       320       301         4
299       320        21         4
315       316         1         8
318       322         4         2
322       323         1         1
290       298         8        26
312       323        11         1
304       323        19         1
311       313         2        11
300       323        23         1
314       321         7         3
314       316         2         8
305       315        10         9
300       314        14        10
318       320         2         4
317       319         2         5
319       320         1         4
313       321         8         3
301       323        22         1
317       319         2         5
297       322        25         2
313       315         2         9
312       321         9         3
5       319       314         5
320       323         3         1
298       316        18         8
12       318       306         6
306       322        16         2
308       321        13         3
306       315         9         9
312       315         3         9
313       315         2         9
315       319         4         5
321       322         1         2
316       318         2         6
311       319         8         5
321       322         1         2
313       318         5         6
25       321       296         3
317       322         5         2
321       323         2         1
301       320        19         4
303       317        14         7
309       320        11         4
288       312        24        12
304       316        12         8
310       314         4        10
305       309         4        15
320       323         3         1
315       319         4         5
312       321         9         3
316       323         7         1
309       321        12         3
314       321         7         3
304       308         4        16
28       315       287         9
20       319       299         5
318       321         3         3
301       323        22         1
315       323         8         1
320       323         3         1
303       313        10        11
302       305         3        19
303       321        18         3
311       317         6         7
305       320        15         4
317       318         1         6
301       316        15         8
300       318        18         6
292       321        29         3
17       318       301         6
305       317        12         7
311       321        10         3
320       321         1         3
307       312         5        12
28       323       295         1
312       319         7         5
314       319         5         5
304       311         7        13
315       316         1         8
306       318        12         6
320       321         1         3
313       321         8         3
322       323         1         1
321       323         2         1
319       322         3         2
301       303         2        21
288       306        18        18
321       322         1         2
294       322        28         2
312       322        10         2
316       321         5         3
320       322         2         2
19       312       293        12
294       315        21         9
285       290         5        34
314       319         5         5
313       323        10         1
318       322         4         2
305       317        12         7
314       318         4         6
302       309         7        15
22       321       299         3
313       315         2         9
319       322         3         2
305       313         8        11
308       322        14         2
321       322         1         2
309       314         5        10
318       323         5         1
317       321         4         3
309       322        13         2
292       300         8        24
316       317         1         7
22       306       284        18
304       310         6        14
310       323        13         1
314       322         8         2
293       320        27         4
305       314         9        10
313       314         1        10
296       308        12        16
17       316       299         8
24       304       280        20
316       319         3         5
296       301         5        23
305       316        11         8
23       322       299         2
311       318         7         6
320       323         3         1
311       318         7         6
294       306        12        18
310       322        12         2
318       321         3         3
292       298         6        26
316       321         5         3
306       316        10         8
320       321         1         3
318       323         5         1
303       319        16         5
321       322         1         2
321       323         2         1
318       319         1         5
312       317         5         7
296       320        24         4
320       321         1         3
305       320        15         4
320       323         3         1
316       318         2         6
304       322        18         2
277       285         8        39
310       322        12         2
28       311       283        13
319       323         4         1
302       321        19         3
312       320         8         4
303       320        17         4
309       322        13         2
318       320         2         4
307       312         5        12
315       323         8         1
290       320        30         4
316       323         7         1
302       320        18         4
314       322         8         2
319       321         2         3
296       322        26         2
302       319        17         5
314       323         9         1
315       323         8         1
302       321        19         3
313       315         2         9
318       322         4         2
280       297        17        27
320       323         3         1
318       321         3         3
313       317         4         7
288       306        18        18
288       312        24        12
299       320        21         4
290       306        16        18
28       323       295         1
281       320        39         4
310       320        10         4
313       317         4         7
300       321        21         3
316       320         4         4
308       323        15         1
318       321         3         3
307       310         3        14
315       323         8         1
312       320         8         4
315       316         1         8
321       322         1         2
286       300        14        24
320       322         2         2
302       316        14         8
322       323         1         1
303       314        11        10
319       323         4         1
302       315        13         9
315       322         7         2
314       323         9         1
312       322        10         2
308       311         3        13
316       318         2         6
283       301        18        23
302       304         2        20
312       320         8         4
319       321         2         3
292       299         7        25
21       312       291        12
21       320       299         4
291       310        19        14
321       323         2         1
309       322        13         2
305       313         8        11
310       317         7         7
312       318         6         6
283       290         7        34
311       323        12         1
317       320         3         4
318       322         4         2
307       321        14         3
322       323         1         1
301       310         9        14
318       321         3         3
321       323         2         1
310       316         6         8
319       323         4         1
315       321         6         3
316       320         4         4
290       316        26         8
316       317         1         7
322       323         1         1
302       321        19         3
19       320       301         4
308       323        15         1
304       310         6        14
305       308         3        16
313       319         6         5
315       316         1         8
315       318         3         6
292       314        22        10
28       318       290         6
298       323        25         1
310       319         9         5
279       313        34        11
301       306         5        18
313       319         6         5
28       319       291         5
314       322         8         2
305       310         5        14
316       321         5         3
315       317         2         7
315       316         1         8
312       319         7         5
299       320        21         4
315       319         4         5
310       322        12         2
313       323        10         1
316       319         3         5
320       323         3         1
316       319         3         5
319       323         4         1
306       322        16         2
317       320         3         4
10       314       304        10
309       323        14         1
26       320       294         4
314       321         7         3
300       311        11        13
297       307        10        17
287       321        34         3
24       318       294         6
312       320         8         4
314       315         1         9
307       320        13         4
296       323        27         1
312       320         8         4
303       322        19         2
318       320         2         4
26       308       282        16
286       313        27        11
318       319         1         5
318       322         4         2
316       317         1         7
313       314         1        10
307       312         5        12
322       323         1         1
27       316       289         8
294       321        27         3
290       298         8        26
317       319         2         5
296       303         7        21
315       316         1         8
310       314         4        10
317       323         6         1
277       278         1        46
308       314         6        10
317       320         3         4
305       316        11         8
317       321         4         3
10       321       311         3
306       308         2        16
21       322       301         2
322       323         1         1
304       323        19         1
317       323         6         1
302       307         5        17
304       309         5        15
303       311         8        13
313       322         9         2
321       322         1         2
303       307         4        17
301       313        12        11
309       323        14         1
307       316         9         8
300       312        12        12
317       322         5         2
313       318         5         6
295       311        16        13
312       321         9         3
320       322         2         2
317       320         3         4
309       310         1        14
311       312         1        12
322       323         1         1
311       318         7         6
312       320         8         4
317       321         4         3
309       315         6         9
321       323         2         1
318       323         5         1
304       318        14         6
297       315        18         9
305       321        16         3
309       314         5        10
303       322        19         2
310       319         9         5
321       323         2         1
299       300         1        24
288       320        32         4
312       319         7         5
315       320         5         4
277       279         2        45
307       312         5        12
300       322        22         2
315       319         4         5
318       323         5         1
320       322         2         2
319       321         2         3
300       322        22         2
320       322         2         2
316       323         7         1
320       322         2         2
307       312         5        12
315       323         8         1
308       321        13         3
308       313         5        11
322       323         1         1
306       323        17         1
316       319         3         5
28       298       270        26
320       323         3         1
21       323       302         1
314       317         3         7
314       321         7         3
307       311         4        13
311       313         2        11
292       322        30         2
319       320         1         4
300       312        12        12
306       314         8        10
317       318         1         6
313       317         4         7
28       323       295         1
306       308         2        16
318       319         1         5
300       322        22         2
316       322         6         2
314       323         9         1
317       319         2         5
302       323        21         1
316       321         5         3
306       312         6        12
302       316        14         8
315       320         5         4
313       316         3         8
321       322         1         2
312       313         1        11
288       311        23        13
322       323         1         1
314       318         4         6
300       316        16         8
315       317         2         7
322       323         1         1
320       322         2         2
267       301        34        23
312       323        11         1
285       310        25        14
307       317        10         7
291       309        18        15
318       323         5         1
21       319       298         5
320       321         1         3
306       321        15         3
320       322         2         2
322       323         1         1
313       323        10         1
320       322         2         2
319       321         2         3
318       319         1         5
318       319         1         5
306       311         5        13
293       316        23         8
318       320         2         4
294       320        26         4
294       309        15        15
314       321         7         3
310       323        13         1
312       323        11         1
307       322        15         2
312       317         5         7
298       318        20         6
303       322        19         2
300       310        10        14
26       322       296         2
316       323         7         1
311       312         1        12
311       313         2        11
313       314         1        10
317       320         3         4
321       322         1         2
311       315         4         9
314       319         5         5
321       323         2         1
308       316         8         8
308       311         3        13
320       323         3         1
314       317         3         7
300       311        11        13
299       310        11        14
19       300       281        24
303       308         5        16
283       318        35         6
296       316        20         8
300       319        19         5
311       322        11         2
299       313        14        11
317       320         3         4
302       323        21         1
11       321       310         3
313       318         5         6
307       318        11         6
317       321         4         3
302       323        21         1
298       306         8        18
312       317         5         7
303       319        16         5
27       321       294         3
304       309         5        15
306       323        17         1
295       313        18        11
321       323         2         1
22       319       297         5
319       321         2         3
16       306       290        18
322       323         1         1
296       322        26         2
317       323         6         1
287       311        24        13
320       321         1         3
21       310       289        14
19       314       295        10
313       314         1        10
308       312         4        12
318       323         5         1
322       323         1         1
307       323        16         1
315       316         1         8
319       321         2         3
22       322       300         2
311       323        12         1
309       314         5        10
317       322         5         2
322       323         1         1
314       323         9         1
317       322         5         2
28       321       293         3
299       315        16         9
313       320         7         4
320       322         2         2
320       323         3         1
299       320        21         4
313       317         4         7
316       320         4         4
314       320         6         4
275       305        30        19
298       311        13        13
313       315         2         9
306       308         2        16
318       319         1         5
313       322         9         2
311       317         6         7
310       313         3        11
308       310         2        14
317       318         1         6
321       322         1         2
315       316         1         8
304       323        19         1
27       322       295         2
317       320         3         4
299       320        21         4
297       310        13        14
317       322         5         2
310       320        10         4
308       318        10         6
316       318         2         6
314       323         9         1
318       322         4         2
315       317         2         7
316       321         5         3
319       320         1         4
301       307         6        17
282       306        24        18
314       316         2         8
316       323         7         1
306       323        17         1
308       320        12         4
306       317        11         7
297       312        15        12
319       322         3         2
320       321         1         3
18       319       301         5
307       319        12         5
312       315         3         9
315       323         8         1
309       312         3        12
23       308       285        16
321       323         2         1
304       308         4        16
276       323        47         1
319       320         1         4
306       314         8        10
310       314         4        10
307       318        11         6
272       312        40        12
13       322       309         2
315       323         8         1
297       303         6        21
24       321       297         3
314       317         3         7
311       315         4         9
298       306         8        18
290       310        20        14
312       318         6         6
27       318       291         6
311       319         8         5
23       322       299         2
290       301        11        23
312       316         4         8
316       317         1         7
320       321         1         3
306       311         5        13
301       318        17         6
298       309        11        15
26       316       290         8
25       308       283        16
320       321         1         3
316       323         7         1
303       317        14         7
303       312         9        12
293       316        23         8
311       322        11         2
319       321         2         3
305       308         3        16
17       277       260        47
318       321         3         3
320       323         3         1
23       316       293         8
316       318         2         6
308       319        11         5
320       321         1         3
311       321        10         3
19       319       300         5
20       323       303         1
19       314       295        10
295       309        14        15
322       323         1         1
9       310       301        14
319       321         2         3
305       319        14         5
308       320        12         4
315       319         4         5
19       320       301         4
293       299         6        25
320       323         3         1
28       323       295         1
305       323        18         1
315       318         3         6
295       306        11        18
316       318         2         6
318       321         3         3
310       323        13         1
317       320         3         4
312       321         9         3
300       313        13        11
28       285       257        39
316       318         2         6
296       299         3        25
301       323        22         1
294       303         9        21
307       312         5        12
308       317         9         7
309       323        14         1
321       323         2         1
310       315         5         9
305       323        18         1
312       321         9         3
312       316         4         8
318       320         2         4
311       321        10         3
315       320         5         4
25       319       294         5
299       322        23         2
316       320         4         4
300       322        22         2
304       321        17         3
320       322         2         2
308       321        13         3
322       323         1         1
312       317         5         7
299       323        24         1
305       318        13         6
289       311        22        13
316       317         1         7
295       321        26         3
26       310       284        14
295       320        25         4
298       319        21         5
310       312         2        12
318       322         4         2
305       323        18         1
317       320         3         4
293       321        28         3
314       320         6         4
316       320         4         4
316       318         2         6
308       318        10         6
316       323         7         1
300       313        13        11
313       319         6         5
320       322         2         2
22       323       301         1
25       323       298         1
304       309         5        15
315       318         3         6
313       322         9         2
312       319         7         5
12       307       295        17
294       322        28         2
322       323         1         1
28       323       295         1
307       313         6        11
314       317         3         7
296       302         6        22
23       322       299         2
317       318         1         6
28       317       289         7
310       312         2        12
296       321        25         3
304       307         3        17
314       322         8         2
305       308         3        16
315       321         6         3
310       311         1        13
318       320         2         4
298       313        15        11
286       303        17        21
301       316        15         8
297       306         9        18
314       320         6         4
7        20        13       304
305       313         8        11
317       322         5         2
319       321         2         3
319       322         3         2
304       322        18         2
313       316         3         8
14       318       304         6
25       319       294         5
312       320         8         4
322       323         1         1
308       315         7         9
292       317        25         7
309       323        14         1
316       321         5         3
318       319         1         5
317       322         5         2
322       323         1         1
314       321         7         3
315       322         7         2
293       310        17        14
315       320         5         4
298       314        16        10
309       321        12         3
318       323         5         1
301       309         8        15
319       320         1         4
305       310         5        14
318       322         4         2
27       315       288         9
320       321         1         3
307       312         5        12
309       315         6         9
27       315       288         9
309       318         9         6
27       312       285        12
313       319         6         5
318       321         3         3
313       323        10         1
306       321        15         3
311       323        12         1
296       318        22         6
307       312         5        12
315       319         4         5
310       313         3        11
321       322         1         2
21       287       266        37
319       322         3         2
318       322         4         2
315       321         6         3
320       321         1         3
319       322         3         2
319       322         3         2
312       322        10         2
304       314        10        10
293       323        30         1
299       318        19         6
319       323         4         1
299       309        10        15
302       314        12        10
279       291        12        33
301       302         1        22
322       323         1         1
309       319        10         5
303       318        15         6
310       321        11         3
298       304         6        20
315       320         5         4
298       315        17         9
316       317         1         7
300       301         1        23
302       305         3        19
295       316        21         8
17       311       294        13
309       322        13         2
320       321         1         3
313       323        10         1
307       318        11         6
314       315         1         9
314       323         9         1
300       321        21         3
300       323        23         1
312       314         2        10
310       313         3        11
318       319         1         5
319       323         4         1
316       323         7         1
298       319        21         5
306       311         5        13
305       309         4        15
301       323        22         1
320       322         2         2
313       323        10         1
314       315         1         9
322       323         1         1
314       323         9         1
313       322         9         2
306       316        10         8
309       322        13         2
295       316        21         8
287       290         3        34
309       310         1        14
311       318         7         6
309       323        14         1
291       293         2        31
321       323         2         1
301       311        10        13
277       320        43         4
294       305        11        19
315       322         7         2
299       307         8        17
304       320        16         4
22       322       300         2
303       322        19         2
24       302       278        22
318       322         4         2
320       321         1         3
322       323         1         1
308       322        14         2
315       317         2         7
315       320         5         4
28       322       294         2
315       317         2         7
311       312         1        12
317       323         6         1
320       322         2         2
321       322         1         2
319       321         2         3
315       318         3         6
22       323       301         1
310       313         3        11
321       322         1         2
307       321        14         3
318       322         4         2
305       321        16         3
305       318        13         6
28       322       294         2
321       322         1         2
315       323         8         1
314       315         1         9
16       312       296        12
319       321         2         3
309       312         3        12
312       321         9         3
302       310         8        14
318       322         4         2
317       323         6         1
311       315         4         9
310       323        13         1
318       322         4         2
316       322         6         2
306       318        12         6
319       323         4         1
300       313        13        11
319       322         3         2
27       312       285        12
320       321         1         3
316       319         3         5
295       302         7        22
293       299         6        25
315       316         1         8
314       317         3         7
299       310        11        14
27       319       292         5
310       323        13         1
307       310         3        14
314       318         4         6
308       314         6        10
317       319         2         5
313       321         8         3
317       322         5         2
26       310       284        14
293       321        28         3
321       323         2         1
309       320        11         4
296       313        17        11
26       321       295         3
318       319         1         5
25       317       292         7
12       312       300        12
298       304         6        20
307       322        15         2
291       322        31         2
307       311         4        13
304       322        18         2
313       319         6         5
307       321        14         3
312       317         5         7
319       322         3         2
18       319       301         5
318       320         2         4
313       319         6         5
316       317         1         7
303       318        15         6
292       307        15        17
308       323        15         1
19       321       302         3
315       317         2         7
305       322        17         2
25       320       295         4
310       320        10         4
318       321         3         3
315       317         2         7
313       318         5         6
310       312         2        12
309       314         5        10
295       323        28         1
282       317        35         7
320       321         1         3
309       321        12         3
17       320       303         4
308       313         5        11
26       318       292         6
318       323         5         1
310       319         9         5
318       320         2         4
310       319         9         5
319       322         3         2
286       323        37         1
312       313         1        11
314       321         7         3
317       321         4         3
312       320         8         4
304       322        18         2
297       318        21         6
318       321         3         3
305       315        10         9
25       274       249        50
299       300         1        24
317       320         3         4
308       323        15         1
313       315         2         9
308       321        13         3
317       323         6         1
5       316       311         8
318       323         5         1
27       309       282        15
26       318       292         6
306       319        13         5
318       319         1         5
317       323         6         1
294       318        24         6
28       323       295         1
320       322         2         2
312       323        11         1
315       321         6         3
311       317         6         7
321       322         1         2
311       322        11         2
314       317         3         7
301       310         9        14
302       313        11        11
28       319       291         5
295       307        12        17
321       323         2         1
317       323         6         1
305       312         7        12
310       313         3        11
296       304         8        20
307       318        11         6
319       322         3         2
321       322         1         2
318       323         5         1
307       323        16         1
302       319        17         5
307       319        12         5
321       322         1         2
321       323         2         1
314       317         3         7
314       317         3         7
307       320        13         4
295       312        17        12
312       316         4         8
308       321        13         3
301       305         4        19
309       323        14         1
300       307         7        17
316       319         3         5
310       322        12         2
319       322         3         2
320       321         1         3
301       311        10        13
319       320         1         4
306       319        13         5
308       323        15         1
317       322         5         2
296       303         7        21
315       320         5         4
317       322         5         2
315       321         6         3
312       314         2        10
28       317       289         7
279       321        42         3
21       322       301         2
22       310       288        14
