326       331         5         8
157       336       179         3
320       335        15         4
332       335         3         4
337       338         1         1
337       338         1         1
331       333         2         6
330       338         8         1
327       338        11         1
328       331         3         8
326       335         9         4
29       337       308         2
323       334        11         5
331       336         5         3
330       331         1         8
316       335        19         4
334       335         1         4
324       326         2        13
331       334         3         5
327       338        11         1
334       335         1         4
331       338         7         1
310       331        21         8
317       336        19         3
329       338         9         1
322       324         2        15
330       334         4         5
325       331         6         8
326       336        10         3
196       327       131        12
304       337        33         2
327       336         9         3
335       338         3         1
331       333         2         6
321       323         2        16
322       331         9         8
330       331         1         8
326       327         1        12
314       326        12        13
163       334       171         5
312       337        25         2
333       338         5         1
221       307        86        32
176       337       161         2
319       335        16         4
28       336       308         3
325       334         9         5
330       338         8         1
206       331       125         8
324       338        14         1
333       337         4         2
215       337       122         2
296       333        37         6
323       325         2        14
317       319         2        20
330       335         5         4
327       331         4         8
334       335         1         4
223       338       115         1
157       336       179         3
189       337       148         2
331       338         7         1
29       336       307         3
278       329        51        10
321       335        14         4
29       337       308         2
22       329       307        10
325       336        11         3
11       338       327         1
158       335       177         4
29       337       308         2
31       330       299         9
148       326       178        13
335       338         3         1
335       338         3         1
331       334         3         5
328       333         5         6
17       335       318         4
333       334         1         5
331       333         2         6
331       336         5         3
317       325         8        14
334       336         2         3
323       331         8         8
324       334        10         5
328       330         2         9
17       323       306        16
327       336         9         3
152       335       183         4
305       333        28         6
336       338         2         1
323       338        15         1
335       337         2         2
333       338         5         1
328       338        10         1
7       332       325         7
314       337        23         2
223       326       103        13
331       336         5         3
326       331         5         8
329       338         9         1
223       327       104        12
332       335         3         4
327       335         8         4
337       338         1         1
335       337         2         2
327       332         5         7
327       338        11         1
25       338       313         1
318       324         6        15
329       331         2         8
3       330       327         9
331       336         5         3
325       334         9         5
318       336        18         3
336       338         2         1
330       335         5         4
158       175        17       164
333       336         3         3
325       332         7         7
12       338       326         1
20        29         9       310
156       332       176         7
331       338         7         1
186       335       149         4
326       328         2        11
31       330       299         9
27       327       300        12
316       327        11        12
30       173       143       166
326       334         8         5
30       337       307         2
314       330        16         9
30       327       297        12
324       337        13         2
332       334         2         5
336       337         1         2
27        31         4       308
326       328         2        11
332       338         6         1
334       337         3         2
21       336       315         3
317       330        13         9
323       326         3        13
332       337         5         2
301       317        16        22
329       331         2         8
331       332         1         7
330       331         1         8
296       320        24        19
28       330       302         9
330       335         5         4
335       338         3         1
336       337         1         2
24       338       314         1
30       333       303         6
332       337         5         2
321       336        15         3
334       337         3         2
212       334       122         5
328       336         8         3
321       333        12         6
327       332         5         7
316       330        14         9
185       334       149         5
321       335        14         4
220       326       106        13
22       331       309         8
333       335         2         4
336       338         2         1
184       219        35       120
328       331         3         8
317       338        21         1
16       338       322         1
316       327        11        12
335       337         2         2
332       336         4         3
157       327       170        12
153       338       185         1
311       337        26         2
330       337         7         2
318       338        20         1
182       325       143        14
329       331         2         8
332       333         1         6
329       337         8         2
334       337         3         2
332       335         3         4
335       337         2         2
334       337         3         2
317       334        17         5
27       335       308         4
327       332         5         7
17       338       321         1
180       332       152         7
336       338         2         1
333       335         2         4
30       336       306         3
328       333         5         6
317       329        12        10
337       338         1         1
29       328       299        11
330       337         7         2
19       338       319         1
337       338         1         1
331       334         3         5
157       337       180         2
311       338        27         1
315       325        10        14
322       335        13         4
330       336         6         3
331       338         7         1
28       323       295        16
332       336         4         3
308       331        23         8
30       337       307         2
26       333       307         6
319       337        18         2
29       338       309         1
334       338         4         1
13       332       319         7
336       337         1         2
327       328         1        11
335       336         1         3
325       328         3        11
333       335         2         4
327       333         6         6
332       334         2         5
337       338         1         1
335       336         1         3
335       338         3         1
29       337       308         2
331       337         6         2
181       335       154         4
329       338         9         1
320       333        13         6
336       337         1         2
331       335         4         4
319       335        16         4
322       330         8         9
332       337         5         2
332       334         2         5
326       328         2        11
17       337       320         2
25        31         6       308
330       338         8         1
325       335        10         4
332       334         2         5
314       335        21         4
320       334        14         5
307       334        27         5
331       332         1         7
333       337         4         2
322       336        14         3
311       328        17        11
333       334         1         5
336       338         2         1
321       332        11         7
323       335        12         4
305       334        29         5
327       338        11         1
310       338        28         1
156       335       179         4
333       337         4         2
328       333         5         6
323       333        10         6
330       335         5         4
321       325         4        14
328       337         9         2
324       337        13         2
320       329         9        10
326       332         6         7
333       335         2         4
314       325        11        14
330       336         6         3
331       332         1         7
333       337         4         2
330       336         6         3
222       329       107        10
328       338        10         1
332       335         3         4
332       335         3         4
286       334        48         5
328       332         4         7
313       336        23         3
336       338         2         1
336       337         1         2
333       336         3         3
157       338       181         1
328       329         1        10
322       336        14         3
157       321       164        18
327       336         9         3
148       324       176        15
305       333        28         6
333       334         1         5
325       335        10         4
327       331         4         8
29       332       303         7
333       335         2         4
330       338         8         1
337       338         1         1
324       334        10         5
331       335         4         4
323       338        15         1
324       336        12         3
14       337       323         2
325       332         7         7
333       335         2         4
187       336       149         3
327       332         5         7
332       333         1         6
330       334         4         5
323       338        15         1
29       335       306         4
31       324       293        15
335       338         3         1
323       335        12         4
311       323        12        16
24       337       313         2
30       190       160       149
157       326       169        13
323       335        12         4
222       323       101        16
329       336         7         3
321       332        11         7
329       332         3         7
31       320       289        19
158       336       178         3
323       336        13         3
320       335        15         4
14       335       321         4
333       335         2         4
337       338         1         1
336       338         2         1
325       334         9         5
191       332       141         7
331       338         7         1
221       334       113         5
323       338        15         1
331       335         4         4
330       336         6         3
165       337       172         2
332       333         1         6
23       327       304        12
335       337         2         2
317       338        21         1
31       336       305         3
327       334         7         5
183       337       154         2
315       338        23         1
321       334        13         5
323       331         8         8
322       331         9         8
336       338         2         1
326       332         6         7
335       336         1         3
336       337         1         2
27       218       191       121
317       333        16         6
329       338         9         1
335       336         1         3
15       154       139       185
329       336         7         3
327       330         3         9
319       336        17         3
219       333       114         6
155       328       173        11
332       337         5         2
331       337         6         2
318       324         6        15
331       335         4         4
326       332         6         7
312       313         1        26
326       333         7         6
333       338         5         1
334       335         1         4
334       335         1         4
312       332        20         7
210       338       128         1
332       336         4         3
303       337        34         2
312       331        19         8
331       335         4         4
220       323       103        16
325       338        13         1
324       332         8         7
327       337        10         2
329       338         9         1
30       337       307         2
287       326        39        13
336       337         1         2
10       338       328         1
182       322       140        17
297       330        33         9
311       330        19         9
317       337        20         2
148       323       175        16
28       332       304         7
319       328         9        11
318       324         6        15
303       333        30         6
320       334        14         5
322       338        16         1
17       337       320         2
335       336         1         3
29       332       303         7
320       336        16         3
328       332         4         7
326       338        12         1
326       337        11         2
337       338         1         1
321       338        17         1
304       329        25        10
315       337        22         2
332       333         1         6
31       320       289        19
331       333         2         6
329       333         4         6
20       338       318         1
329       338         9         1
335       336         1         3
315       337        22         2
173       332       159         7
158       331       173         8
222       337       115         2
159       333       174         6
317       334        17         5
331       335         4         4
178       333       155         6
154       332       178         7
325       332         7         7
333       337         4         2
332       333         1         6
335       338         3         1
329       330         1         9
190       320       130        19
332       335         3         4
325       331         6         8
323       331         8         8
157       335       178         4
19       325       306        14
28       335       307         4
332       334         2         5
327       334         7         5
8       330       322         9
327       334         7         5
308       337        29         2
318       336        18         3
321       333        12         6
320       337        17         2
31       337       306         2
13       334       321         5
26       338       312         1
319       333        14         6
334       337         3         2
328       329         1        10
335       336         1         3
322       338        16         1
294       324        30        15
332       338         6         1
175       309       134        30
147       171        24       168
335       338         3         1
155       335       180         4
334       336         2         3
320       338        18         1
333       336         3         3
191       336       145         3
331       338         7         1
313       334        21         5
332       338         6         1
331       337         6         2
309       336        27         3
323       335        12         4
328       338        10         1
326       338        12         1
333       335         2         4
332       338         6         1
16       321       305        18
25       329       304        10
175       337       162         2
3       327       324        12
333       336         3         3
21        29         8       310
337       338         1         1
321       338        17         1
326       336        10         3
324       325         1        14
319       338        19         1
333       338         5         1
314       338        24         1
331       336         5         3
28       338       310         1
307       328        21        11
31       332       301         7
222       331       109         8
148       324       176        15
331       336         5         3
325       336        11         3
333       334         1         5
327       328         1        11
310       330        20         9
189       324       135        15
323       337        14         2
311       338        27         1
331       336         5         3
155       326       171        13
218       330       112         9
334       335         1         4
187       287       100        52
336       338         2         1
321       334        13         5
156       336       180         3
175       337       162         2
13       334       321         5
328       329         1        10
27       325       298        14
321       323         2        16
218       325       107        14
337       338         1         1
331       336         5         3
331       332         1         7
331       333         2         6
325       335        10         4
336       338         2         1
303       310         7        29
211       327       116        12
331       332         1         7
328       329         1        10
28       303       275        36
327       337        10         2
327       338        11         1
305       313         8        26
331       337         6         2
331       333         2         6
320       335        15         4
328       330         2         9
216       330       114         9
334       335         1         4
320       336        16         3
299       331        32         8
336       338         2         1
323       330         7         9
332       337         5         2
336       337         1         2
330       336         6         3
327       328         1        11
325       337        12         2
200       320       120        19
21       338       317         1
318       336        18         3
311       316         5        23
311       313         2        26
336       338         2         1
328       336         8         3
302       337        35         2
184       336       152         3
321       335        14         4
316       336        20         3
335       338         3         1
323       333        10         6
321       327         6        12
221       338       117         1
320       338        18         1
325       337        12         2
311       336        25         3
323       332         9         7
321       325         4        14
336       337         1         2
333       334         1         5
329       331         2         8
307       327        20        12
333       338         5         1
327       334         7         5
217       330       113         9
334       336         2         3
316       337        21         2
313       330        17         9
330       336         6         3
334       335         1         4
321       328         7        11
326       336        10         3
323       331         8         8
313       327        14        12
327       333         6         6
311       336        25         3
326       328         2        11
31       320       289        19
326       333         7         6
333       336         3         3
24       183       159       156
323       327         4        12
333       337         4         2
331       338         7         1
328       331         3         8
28       320       292        19
209       338       129         1
327       328         1        11
335       336         1         3
335       336         1         3
4        29        25       310
14       336       322         3
332       338         6         1
335       336         1         3
323       336        13         3
314       338        24         1
323       334        11         5
329       335         6         4
336       337         1         2
310       333        23         6
326       336        10         3
321       336        15         3
333       336         3         3
333       338         5         1
186       338       152         1
324       325         1        14
334       336         2         3
312       336        24         3
312       329        17        10
287       330        43         9
337       338         1         1
332       333         1         6
324       338        14         1
31       332       301         7
336       337         1         2
223       338       115         1
329       333         4         6
332       337         5         2
26       329       303        10
158       337       179         2
332       335         3         4
320       327         7        12
300       326        26        13
331       334         3         5
330       338         8         1
306       319        13        20
324       335        11         4
324       328         4        11
333       338         5         1
335       336         1         3
28       185       157       154
219       334       115         5
317       331        14         8
334       336         2         3
188       325       137        14
306       335        29         4
330       331         1         8
328       329         1        10
333       334         1         5
324       325         1        14
311       319         8        20
330       332         2         7
321       328         7        11
312       337        25         2
331       333         2         6
22       161       139       178
329       338         9         1
333       337         4         2
334       338         4         1
336       338         2         1
337       338         1         1
333       334         1         5
328       331         3         8
317       327        10        12
327       330         3         9
301       318        17        21
331       336         5         3
319       324         5        15
315       326        11        13
30       336       306         3
336       338         2         1
31       336       305         3
331       332         1         7
316       329        13        10
336       337         1         2
330       337         7         2
328       332         4         7
333       338         5         1
150       333       183         6
313       324        11        15
321       337        16         2
326       335         9         4
328       337         9         2
22       336       314         3
18       334       316         5
222       336       114         3
323       326         3        13
326       334         8         5
29       334       305         5
328       338        10         1
331       338         7         1
325       333         8         6
217       330       113         9
334       336         2         3
19       336       317         3
319       327         8        12
28       335       307         4
321       332        11         7
322       330         8         9
304       329        25        10
314       337        23         2
1       330       329         9
319       323         4        16
327       331         4         8
25       338       313         1
2       321       319        18
332       335         3         4
329       333         4         6
336       338         2         1
334       335         1         4
327       333         6         6
186       338       152         1
331       335         4         4
335       336         1         3
31       328       297        11
335       336         1         3
311       337        26         2
176       336       160         3
318       338        20         1
213       338       125         1
321       337        16         2
305       337        32         2
326       336        10         3
28       329       301        10
30       337       307         2
217       332       115         7
333       338         5         1
333       337         4         2
334       338         4         1
332       333         1         6
330       335         5         4
333       336         3         3
329       337         8         2
328       330         2         9
324       330         6         9
25       338       313         1
332       334         2         5
333       336         3         3
323       332         9         7
327       331         4         8
325       326         1        13
6       337       331         2
336       337         1         2
322       336        14         3
329       331         2         8
323       337        14         2
331       335         4         4
154       334       180         5
334       338         4         1
24       329       305        10
189       331       142         8
25       338       313         1
302       328        26        11
327       334         7         5
332       333         1         6
311       334        23         5
30       322       292        17
302       334        32         5
330       337         7         2
322       324         2        15
304       335        31         4
27       336       309         3
335       338         3         1
332       337         5         2
19       334       315         5
332       337         5         2
22       338       316         1
325       334         9         5
313       323        10        16
327       337        10         2
211       335       124         4
331       334         3         5
331       332         1         7
31       329       298        10
328       338        10         1
328       332         4         7
170       210        40       129
20       335       315         4
332       337         5         2
333       338         5         1
316       323         7        16
151       335       184         4
336       338         2         1
156       326       170        13
333       337         4         2
323       327         4        12
326       330         4         9
176       315       139        24
335       337         2         2
322       337        15         2
334       337         3         2
223       338       115         1
148       337       189         2
327       330         3         9
337       338         1         1
329       335         6         4
328       333         5         6
325       334         9         5
329       337         8         2
328       338        10         1
159       334       175         5
328       335         7         4
223       322        99        17
313       333        20         6
329       333         4         6
327       333         6         6
20       317       297        22
223       336       113         3
332       338         6         1
148       338       190         1
322       323         1        16
324       334        10         5
322       337        15         2
296       334        38         5
337       338         1         1
316       338        22         1
327       333         6         6
302       331        29         8
335       336         1         3
162       318       156        21
333       338         5         1
331       334         3         5
22       338       316         1
332       338         6         1
154       336       182         3
326       336        10         3
172       337       165         2
334       336         2         3
30       323       293        16
325       337        12         2
315       328        13        11
327       335         8         4
27       337       310         2
334       338         4         1
30       337       307         2
324       336        12         3
217       332       115         7
334       335         1         4
336       338         2         1
31       334       303         5
311       320         9        19
314       334        20         5
319       334        15         5
313       335        22         4
331       338         7         1
336       338         2         1
335       338         3         1
318       321         3        18
29       335       306         4
326       331         5         8
323       335        12         4
327       335         8         4
327       336         9         3
331       336         5         3
166       334       168         5
320       335        15         4
329       336         7         3
333       338         5         1
331       337         6         2
333       336         3         3
320       328         8        11
334       338         4         1
308       334        26         5
335       338         3         1
23       331       308         8
331       336         5         3
22       337       315         2
323       328         5        11
333       334         1         5
334       338         4         1
316       322         6        17
324       338        14         1
330       331         1         8
318       337        19         2
329       335         6         4
297       329        32        10
324       326         2        13
336       338         2         1
332       334         2         5
315       337        22         2
333       338         5         1
31       338       307         1
306       327        21        12
333       337         4         2
331       336         5         3
30       326       296        13
181       335       154         4
329       336         7         3
181       331       150         8
151       337       186         2
328       338        10         1
327       328         1        11
329       334         5         5
150       336       186         3
330       338         8         1
313       320         7        19
324       336        12         3
310       319         9        20
303       331        28         8
329       338         9         1
216       336       120         3
330       336         6         3
334       338         4         1
29       317       288        22
23       206       183       133
321       335        14         4
318       328        10        11
30       337       307         2
219       333       114         6
328       338        10         1
31       159       128       180
321       336        15         3
322       334        12         5
328       336         8         3
329       335         6         4
335       338         3         1
332       335         3         4
308       338        30         1
330       331         1         8
327       332         5         7
329       337         8         2
334       335         1         4
324       331         7         8
215       334       119         5
337       338         1         1
323       330         7         9
324       335        11         4
336       338         2         1
329       330         1         9
328       334         6         5
310       334        24         5
26       333       307         6
329       337         8         2
310       329        19        10
312       319         7        20
327       332         5         7
307       327        20        12
296       324        28        15
320       332        12         7
337       338         1         1
330       335         5         4
302       335        33         4
328       330         2         9
155       312       157        27
212       333       121         6
159       336       177         3
321       326         5        13
24       336       312         3
24       329       305        10
331       335         4         4
18       336       318         3
25       323       298        16
331       338         7         1
320       324         4        15
327       334         7         5
187       331       144         8
323       337        14         2
331       338         7         1
331       333         2         6
329       335         6         4
336       338         2         1
330       337         7         2
328       330         2         9
321       330         9         9
18       313       295        26
324       330         6         9
333       338         5         1
29       335       306         4
326       332         6         7
328       338        10         1
331       336         5         3
329       335         6         4
327       338        11         1
323       331         8         8
316       318         2        21
327       335         8         4
298       338        40         1
335       338         3         1
334       335         1         4
335       338         3         1
331       332         1         7
331       337         6         2
331       338         7         1
319       328         9        11
331       338         7         1
335       337         2         2
317       334        17         5
325       338        13         1
322       335        13         4
330       331         1         8
188       319       131        20
331       336         5         3
13       336       323         3
327       336         9         3
332       334         2         5
186       337       151         2
334       337         3         2
331       334         3         5
332       338         6         1
