206       215         9         5
204       217        13         3
215       219         4         1
214       217         3         3
202       217        15         3
217       219         2         1
211       214         3         6
214       217         3         3
209       210         1        10
206       219        13         1
218       219         1         1
212       214         2         6
194       213        19         7
212       213         1         7
217       218         1         2
204       219        15         1
215       217         2         3
200       214        14         6
216       218         2         2
214       216         2         4
196       207        11        13
213       218         5         2
214       217         3         3
213       218         5         2
204       214        10         6
201       212        11         8
205       209         4        11
12       200       188        20
211       212         1         8
211       213         2         7
215       217         2         3
217       219         2         1
217       218         1         2
212       218         6         2
216       219         3         1
215       219         4         1
214       217         3         3
214       215         1         5
201       210         9        10
213       217         4         3
15       217       202         3
213       217         4         3
205       214         9         6
199       204         5        16
16       214       198         6
15       208       193        12
18       210       192        10
200       214        14         6
209       213         4         7
181       211        30         9
208       216         8         4
207       211         4         9
213       215         2         5
217       218         1         2
211       215         4         5
190       200        10        20
216       219         3         1
212       216         4         4
200       218        18         2
209       219        10         1
217       219         2         1
202       213        11         7
214       216         2         4
210       213         3         7
214       215         1         5
206       213         7         7
200       216        16         4
212       213         1         7
16       198       182        22
212       217         5         3
217       218         1         2
218       219         1         1
217       219         2         1
211       219         8         1
207       217        10         3
215       219         4         1
212       219         7         1
211       213         2         7
207       218        11         2
196       206        10        14
206       219        13         1
214       217         3         3
205       215        10         5
215       218         3         2
215       216         1         4
214       216         2         4
207       208         1        12
192       202        10        18
211       218         7         2
216       217         1         3
211       213         2         7
210       212         2         8
218       219         1         1
211       219         8         1
212       216         4         4
217       219         2         1
209       214         5         6
214       219         5         1
16       202       186        18
205       212         7         8
204       207         3        13
11       200       189        20
207       211         4         9
197       218        21         2
205       212         7         8
214       215         1         5
217       218         1         2
200       204         4        16
216       219         3         1
211       215         4         5
211       218         7         2
200       215        15         5
205       218        13         2
214       217         3         3
208       213         5         7
215       217         2         3
216       219         3         1
204       211         7         9
212       217         5         3
213       214         1         6
211       217         6         3
215       219         4         1
209       218         9         2
216       218         2         2
214       217         3         3
212       219         7         1
214       217         3         3
214       219         5         1
9       219       210         1
217       219         2         1
214       219         5         1
218       219         1         1
213       214         1         6
13       217       204         3
218       219         1         1
212       215         3         5
206       214         8         6
199       209        10        11
211       212         1         8
202       212        10         8
204       218        14         2
200       218        18         2
213       217         4         3
9       216       207         4
216       218         2         2
197       210        13        10
209       210         1        10
214       217         3         3
215       216         1         4
215       216         1         4
218       219         1         1
214       215         1         5
212       214         2         6
218       219         1         1
203       212         9         8
207       211         4         9
13       215       202         5
205       209         4        11
201       217        16         3
212       213         1         7
218       219         1         1
19       209       190        11
214       219         5         1
217       219         2         1
205       219        14         1
200       210        10        10
208       218        10         2
211       219         8         1
213       215         2         5
200       215        15         5
216       218         2         2
210       217         7         3
211       219         8         1
13       217       204         3
218       219         1         1
217       218         1         2
208       218        10         2
212       214         2         6
205       206         1        14
213       219         6         1
216       218         2         2
206       208         2        12
203       217        14         3
212       217         5         3
210       219         9         1
202       212        10         8
209       217         8         3
217       219         2         1
218       219         1         1
206       207         1        13
205       214         9         6
212       213         1         7
216       219         3         1
213       214         1         6
12       210       198        10
217       218         1         2
207       216         9         4
209       219        10         1
217       218         1         2
204       211         7         9
199       217        18         3
211       216         5         4
202       219        17         1
215       219         4         1
213       216         3         4
208       212         4         8
214       215         1         5
212       219         7         1
214       216         2         4
19       211       192         9
218       219         1         1
208       216         8         4
216       219         3         1
215       218         3         2
214       217         3         3
17       218       201         2
208       217         9         3
19       217       198         3
207       217        10         3
209       218         9         2
197       218        21         2
209       219        10         1
210       215         5         5
215       216         1         4
208       219        11         1
215       219         4         1
213       218         5         2
210       211         1         9
211       219         8         1
216       217         1         3
213       215         2         5
214       215         1         5
215       219         4         1
206       219        13         1
202       209         7        11
215       218         3         2
217       219         2         1
199       206         7        14
210       211         1         9
208       210         2        10
212       214         2         6
204       216        12         4
195       205        10        15
212       218         6         2
213       214         1         6
199       214        15         6
215       218         3         2
206       216        10         4
204       213         9         7
216       217         1         3
203       204         1        16
206       217        11         3
218       219         1         1
13       202       189        18
13       213       200         7
216       218         2         2
211       214         3         6
202       216        14         4
207       211         4         9
208       215         7         5
215       218         3         2
12       219       207         1
215       219         4         1
195       219        24         1
216       217         1         3
15       216       201         4
217       219         2         1
208       216         8         4
210       214         4         6
211       216         5         4
211       213         2         7
211       219         8         1
208       217         9         3
212       219         7         1
209       212         3         8
215       216         1         4
208       219        11         1
217       218         1         2
212       216         4         4
216       217         1         3
17       219       202         1
208       210         2        10
199       214        15         6
217       219         2         1
212       217         5         3
201       219        18         1
212       214         2         6
215       216         1         4
217       219         2         1
217       218         1         2
208       209         1        11
217       219         2         1
201       203         2        17
212       217         5         3
213       217         4         3
204       217        13         3
206       207         1        13
212       215         3         5
211       215         4         5
218       219         1         1
217       219         2         1
202       212        10         8
215       219         4         1
198       217        19         3
214       216         2         4
18       217       199         3
203       216        13         4
210       217         7         3
216       217         1         3
15       209       194        11
212       215         3         5
217       218         1         2
206       216        10         4
210       219         9         1
217       219         2         1
196       204         8        16
208       218        10         2
206       219        13         1
213       216         3         4
217       218         1         2
207       210         3        10
202       214        12         6
213       214         1         6
200       209         9        11
19       177       158        43
214       218         4         2
216       217         1         3
211       219         8         1
210       214         4         6
202       212        10         8
213       219         6         1
208       212         4         8
211       216         5         4
188       217        29         3
218       219         1         1
212       217         5         3
196       198         2        22
211       219         8         1
210       215         5         5
212       219         7         1
205       216        11         4
208       219        11         1
9       208       199        12
214       218         4         2
197       217        20         3
203       217        14         3
209       217         8         3
18       217       199         3
211       218         7         2
212       213         1         7
205       214         9         6
216       217         1         3
212       216         4         4
207       218        11         2
215       217         2         3
200       206         6        14
212       219         7         1
212       218         6         2
214       217         3         3
215       218         3         2
215       217         2         3
204       205         1        15
194       215        21         5
217       218         1         2
211       218         7         2
211       219         8         1
211       213         2         7
205       211         6         9
206       212         6         8
215       217         2         3
210       218         8         2
192       218        26         2
193       201         8        19
212       219         7         1
214       219         5         1
214       219         5         1
214       217         3         3
216       217         1         3
200       216        16         4
207       217        10         3
211       216         5         4
217       218         1         2
217       218         1         2
212       219         7         1
214       218         4         2
209       217         8         3
216       219         3         1
214       218         4         2
203       213        10         7
204       211         7         9
218       219         1         1
203       213        10         7
211       213         2         7
212       214         2         6
199       203         4        17
215       218         3         2
215       219         4         1
203       218        15         2
205       218        13         2
13       217       204         3
211       215         4         5
217       219         2         1
215       218         3         2
210       218         8         2
19       214       195         6
214       216         2         4
200       209         9        11
215       218         3         2
207       219        12         1
213       216         3         4
218       219         1         1
218       219         1         1
210       213         3         7
213       215         2         5
203       213        10         7
213       216         3         4
207       219        12         1
213       218         5         2
207       217        10         3
218       219         1         1
201       213        12         7
217       219         2         1
211       212         1         8
215       219         4         1
211       215         4         5
211       216         5         4
217       219         2         1
13       199       186        21
190       201        11        19
212       218         6         2
215       219         4         1
213       219         6         1
215       217         2         3
218       219         1         1
213       219         6         1
211       214         3         6
216       217         1         3
213       218         5         2
210       215         5         5
212       213         1         7
210       215         5         5
212       219         7         1
212       214         2         6
211       215         4         5
206       215         9         5
196       214        18         6
210       218         8         2
197       204         7        16
210       219         9         1
202       208         6        12
210       218         8         2
196       216        20         4
212       214         2         6
210       213         3         7
206       207         1        13
210       219         9         1
210       214         4         6
205       206         1        14
215       216         1         4
206       216        10         4
209       214         5         6
185       211        26         9
211       212         1         8
217       219         2         1
200       203         3        17
209       213         4         7
211       214         3         6
214       218         4         2
210       216         6         4
212       215         3         5
17       213       196         7
14       216       202         4
217       218         1         2
17       218       201         2
217       218         1         2
213       218         5         2
216       217         1         3
205       214         9         6
216       219         3         1
214       215         1         5
217       219         2         1
196       209        13        11
199       205         6        15
202       211         9         9
215       216         1         4
212       218         6         2
218       219         1         1
211       219         8         1
209       218         9         2
218       219         1         1
212       219         7         1
208       213         5         7
215       218         3         2
13       212       199         8
203       208         5        12
215       219         4         1
216       217         1         3
210       212         2         8
211       216         5         4
205       206         1        14
210       219         9         1
202       215        13         5
212       214         2         6
9       218       209         2
213       219         6         1
214       216         2         4
216       217         1         3
218       219         1         1
218       219         1         1
215       219         4         1
18       214       196         6
186       197        11        23
208       219        11         1
204       213         9         7
215       219         4         1
218       219         1         1
209       211         2         9
214       219         5         1
206       216        10         4
198       208        10        12
206       218        12         2
211       219         8         1
206       207         1        13
214       219         5         1
207       208         1        12
213       215         2         5
212       218         6         2
210       219         9         1
212       216         4         4
213       216         3         4
197       203         6        17
211       219         8         1
210       216         6         4
211       215         4         5
196       215        19         5
216       218         2         2
210       214         4         6
213       217         4         3
209       211         2         9
211       215         4         5
211       218         7         2
205       217        12         3
205       214         9         6
204       215        11         5
214       217         3         3
212       216         4         4
218       219         1         1
206       209         3        11
2       215       213         5
206       213         7         7
202       219        17         1
216       219         3         1
202       206         4        14
217       219         2         1
210       212         2         8
203       214        11         6
201       211        10         9
212       218         6         2
208       219        11         1
217       218         1         2
218       219         1         1
217       219         2         1
14       204       190        16
200       214        14         6
205       209         4        11
215       219         4         1
205       206         1        14
190       197         7        23
208       213         5         7
214       215         1         5
208       216         8         4
214       218         4         2
213       216         3         4
214       219         5         1
204       216        12         4
215       216         1         4
216       217         1         3
199       207         8        13
213       217         4         3
212       218         6         2
218       219         1         1
18       219       201         1
211       219         8         1
213       215         2         5
206       208         2        12
209       213         4         7
213       216         3         4
215       218         3         2
212       214         2         6
199       218        19         2
211       215         4         5
201       207         6        13
218       219         1         1
199       211        12         9
217       218         1         2
183       216        33         4
207       219        12         1
217       218         1         2
207       218        11         2
213       214         1         6
16       218       202         2
207       214         7         6
213       216         3         4
214       219         5         1
218       219         1         1
210       218         8         2
17       217       200         3
207       217        10         3
208       210         2        10
215       218         3         2
209       212         3         8
216       218         2         2
211       212         1         8
203       218        15         2
198       204         6        16
215       218         3         2
208       219        11         1
213       219         6         1
215       218         3         2
197       217        20         3
204       212         8         8
215       218         3         2
214       219         5         1
19       219       200         1
214       219         5         1
207       214         7         6
212       218         6         2
217       218         1         2
200       216        16         4
217       219         2         1
12       210       198        10
205       217        12         3
209       215         6         5
213       217         4         3
192       217        25         3
207       218        11         2
216       219         3         1
200       209         9        11
203       206         3        14
204       212         8         8
217       219         2         1
217       219         2         1
217       218         1         2
213       218         5         2
207       212         5         8
212       219         7         1
198       205         7        15
11       218       207         2
215       219         4         1
199       218        19         2
207       219        12         1
202       218        16         2
212       216         4         4
198       199         1        21
210       217         7         3
217       218         1         2
212       218         6         2
212       215         3         5
209       211         2         9
192       216        24         4
212       214         2         6
196       198         2        22
216       217         1         3
208       213         5         7
207       212         5         8
215       219         4         1
214       217         3         3
198       215        17         5
200       219        19         1
217       218         1         2
211       216         5         4
207       211         4         9
215       219         4         1
216       217         1         3
186       216        30         4
218       219         1         1
200       207         7        13
216       218         2         2
197       207        10        13
206       210         4        10
188       190         2        30
217       219         2         1
218       219         1         1
203       208         5        12
204       219        15         1
212       217         5         3
214       216         2         4
208       219        11         1
214       217         3         3
217       218         1         2
216       218         2         2
215       219         4         1
195       201         6        19
202       209         7        11
205       219        14         1
18       196       178        24
214       216         2         4
207       211         4         9
1       213       212         7
210       211         1         9
190       209        19        11
213       216         3         4
209       210         1        10
211       213         2         7
213       218         5         2
214       219         5         1
209       218         9         2
19       214       195         6
210       213         3         7
204       216        12         4
200       217        17         3
218       219         1         1
203       219        16         1
213       215         2         5
212       216         4         4
15       210       195        10
212       214         2         6
208       215         7         5
207       217        10         3
203       217        14         3
207       215         8         5
203       209         6        11
212       213         1         7
210       219         9         1
209       215         6         5
207       217        10         3
215       219         4         1
211       215         4         5
197       203         6        17
208       211         3         9
210       215         5         5
207       213         6         7
208       219        11         1
212       214         2         6
207       210         3        10
212       216         4         4
212       219         7         1
210       216         6         4
215       217         2         3
215       217         2         3
200       217        17         3
206       215         9         5
207       209         2        11
215       217         2         3
217       218         1         2
215       218         3         2
217       219         2         1
212       219         7         1
211       216         5         4
208       215         7         5
203       204         1        16
211       219         8         1
215       217         2         3
207       209         2        11
216       218         2         2
19       214       195         6
207       209         2        11
215       218         3         2
206       210         4        10
208       214         6         6
215       218         3         2
210       213         3         7
203       210         7        10
16       215       199         5
202       212        10         8
217       219         2         1
217       219         2         1
201       207         6        13
200       212        12         8
213       216         3         4
200       213        13         7
202       210         8        10
208       219        11         1
204       208         4        12
215       218         3         2
208       213         5         7
211       217         6         3
209       219        10         1
205       216        11         4
197       219        22         1
209       213         4         7
215       218         3         2
213       219         6         1
207       218        11         2
204       218        14         2
207       218        11         2
215       219         4         1
215       219         4         1
215       219         4         1
19       209       190        11
204       219        15         1
210       211         1         9
1       206       205        14
213       216         3         4
213       219         6         1
199       219        20         1
212       215         3         5
216       217         1         3
218       219         1         1
212       219         7         1
210       216         6         4
206       215         9         5
217       218         1         2
216       218         2         2
215       219         4         1
199       218        19         2
206       214         8         6
216       218         2         2
198       207         9        13
12       203       191        17
210       218         8         2
215       219         4         1
206       207         1        13
216       219         3         1
201       211        10         9
216       219         3         1
218       219         1         1
206       208         2        12
19       217       198         3
217       219         2         1
214       218         4         2
207       219        12         1
203       210         7        10
212       218         6         2
205       214         9         6
212       218         6         2
205       209         4        11
215       217         2         3
211       213         2         7
218       219         1         1
218       219         1         1
217       218         1         2
212       218         6         2
211       218         7         2
198       211        13         9
210       213         3         7
214       215         1         5
210       214         4         6
216       217         1         3
209       215         6         5
200       201         1        19
202       210         8        10
214       217         3         3
216       219         3         1
199       218        19         2
208       215         7         5
215       217         2         3
204       216        12         4
217       219         2         1
206       216        10         4
197       219        22         1
216       218         2         2
213       219         6         1
217       219         2         1
217       219         2         1
216       219         3         1
204       218        14         2
19       218       199         2
208       214         6         6
208       216         8         4
201       209         8        11
215       217         2         3
194       214        20         6
215       219         4         1
204       212         8         8
214       217         3         3
209       214         5         6
208       219        11         1
211       219         8         1
215       219         4         1
210       218         8         2
205       217        12         3
206       218        12         2
215       217         2         3
208       211         3         9
212       217         5         3
218       219         1         1
212       218         6         2
209       214         5         6
210       216         6         4
213       217         4         3
203       219        16         1
217       219         2         1
214       217         3         3
213       214         1         6
210       218         8         2
212       216         4         4
211       216         5         4
211       212         1         8
217       218         1         2
191       198         7        22
193       202         9        18
218       219         1         1
209       217         8         3
210       217         7         3
209       219        10         1
210       217         7         3
216       218         2         2
196       209        13        11
216       219         3         1
215       217         2         3
186       206        20        14
217       218         1         2
212       213         1         7
211       216         5         4
199       211        12         9
211       219         8         1
213       216         3         4
212       215         3         5
201       207         6        13
213       219         6         1
216       218         2         2
209       217         8         3
211       219         8         1
17       219       202         1
214       217         3         3
191       217        26         3
211       217         6         3
204       217        13         3
195       203         8        17
205       210         5        10
210       211         1         9
7       215       208         5
199       210        11        10
216       218         2         2
218       219         1         1
208       218        10         2
17       215       198         5
17       218       201         2
214       215         1         5
217       218         1         2
207       219        12         1
200       218        18         2
211       219         8         1
204       214        10         6
212       217         5         3
212       214         2         6
212       215         3         5
214       217         3         3
207       218        11         2
212       219         7         1
194       215        21         5
193       219        26         1
212       213         1         7
209       219        10         1
206       216        10         4
210       214         4         6
215       216         1         4
198       209        11        11
204       208         4        12
196       198         2        22
18       211       193         9
207       215         8         5
212       213         1         7
209       219        10         1
207       218        11         2
204       210         6        10
209       218         9         2
211       219         8         1
189       207        18        13
211       219         8         1
208       212         4         8
212       213         1         7
207       209         2        11
211       216         5         4
218       219         1         1
208       218        10         2
209       215         6         5
210       214         4         6
201       211        10         9
182       200        18        20
212       218         6         2
215       218         3         2
216       217         1         3
206       215         9         5
213       219         6         1
212       215         3         5
9       215       206         5
215       216         1         4
196       209        13        11
216       219         3         1
198       204         6        16
211       219         8         1
217       219         2         1
215       216         1         4
213       214         1         6
211       218         7         2
208       215         7         5
201       218        17         2
18       214       196         6
203       206         3        14
194       205        11        15
216       217         1         3
211       217         6         3
210       215         5         5
204       215        11         5
211       218         7         2
212       218         6         2
217       219         2         1
208       217         9         3
