214       359       145         1
23       359       336         1
355       357         2         3
163       356       193         4
334       344        10        16
349       358         9         2
353       358         5         2
358       359         1         1
29       358       329         2
357       359         2         1
342       353        11         7
20       359       339         1
339       356        17         4
345       353         8         7
350       352         2         8
24       167       143       193
344       347         3        13
339       359        20         1
189       355       166         5
320       356        36         4
354       357         3         3
20       352       332         8
18       354       336         6
340       352        12         8
349       352         3         8
343       357        14         3
355       358         3         2
348       354         6         6
341       347         6        13
356       359         3         1
353       359         6         1
345       352         7         8
330       348        18        12
169       357       188         3
351       355         4         5
348       349         1        11
358       359         1         1
340       349         9        11
33       358       325         2
338       342         4        18
346       359        13         1
33       357       324         3
202       358       156         2
31       358       327         2
30       348       318        12
350       358         8         2
33       230       197       130
353       359         6         1
356       357         1         3
22       351       329         9
353       357         4         3
351       353         2         7
323       354        31         6
32       351       319         9
345       358        13         2
335       344         9        16
163       349       186        11
352       356         4         4
351       359         8         1
178       356       178         4
341       351        10         9
160       352       192         8
354       359         5         1
167       359       192         1
348       350         2        10
349       358         9         2
229       347       118        13
356       359         3         1
348       354         6         6
357       358         1         2
32       359       327         1
344       355        11         5
354       356         2         4
25       359       334         1
351       353         2         7
350       353         3         7
351       356         5         4
351       353         2         7
227       355       128         5
352       359         7         1
348       358        10         2
328       358        30         2
356       357         1         3
338       357        19         3
341       356        15         4
342       358        16         2
183       356       173         4
228       357       129         3
348       354         6         6
33       353       320         7
354       359         5         1
352       354         2         6
230       357       127         3
342       349         7        11
349       359        10         1
25       201       176       159
351       359         8         1
236       359       123         1
340       357        17         3
322       349        27        11
355       356         1         4
352       355         3         5
159       350       191        10
352       359         7         1
349       355         6         5
349       355         6         5
32       359       327         1
343       344         1        16
349       354         5         6
352       353         1         7
351       352         1         8
19       348       329        12
12       347       335        13
356       357         1         3
358       359         1         1
351       354         3         6
354       357         3         3
346       355         9         5
338       346         8        14
347       357        10         3
326       353        27         7
353       356         3         4
357       359         2         1
355       356         1         4
340       356        16         4
355       358         3         2
352       359         7         1
201       358       157         2
348       349         1        11
353       355         2         5
347       353         6         7
222       348       126        12
354       355         1         5
351       358         7         2
336       352        16         8
349       351         2         9
353       358         5         2
349       357         8         3
358       359         1         1
353       357         4         3
332       348        16        12
345       358        13         2
355       356         1         4
348       354         6         6
33       356       323         4
195       353       158         7
33       345       312        15
328       355        27         5
18       358       340         2
348       355         7         5
33       355       322         5
355       358         3         2
160       353       193         7
334       355        21         5
165       357       192         3
355       358         3         2
353       355         2         5
346       359        13         1
350       358         8         2
316       341        25        19
333       356        23         4
23       356       333         4
338       359        21         1
358       359         1         1
353       355         2         5
344       358        14         2
348       357         9         3
354       357         3         3
354       357         3         3
343       358        15         2
349       355         6         5
348       353         5         7
223       359       136         1
337       347        10        13
350       357         7         3
344       359        15         1
169       353       184         7
199       354       155         6
236       354       118         6
351       354         3         6
328       352        24         8
327       353        26         7
345       357        12         3
27       355       328         5
355       357         2         3
332       347        15        13
344       358        14         2
338       359        21         1
328       358        30         2
342       356        14         4
32       345       313        15
23       343       320        17
342       353        11         7
346       356        10         4
355       357         2         3
331       336         5        24
352       359         7         1
351       356         5         4
166       338       172        22
325       332         7        28
350       358         8         2
339       355        16         5
347       358        11         2
349       356         7         4
354       359         5         1
325       356        31         4
330       354        24         6
350       355         5         5
347       357        10         3
229       357       128         3
350       358         8         2
356       359         3         1
341       357        16         3
357       359         2         1
334       359        25         1
356       358         2         2
352       354         2         6
331       351        20         9
330       336         6        24
329       352        23         8
348       354         6         6
330       357        27         3
342       345         3        15
233       358       125         2
351       355         4         5
18       356       338         4
345       355        10         5
355       356         1         4
337       355        18         5
352       354         2         6
358       359         1         1
349       358         9         2
318       342        24        18
354       356         2         4
164       359       195         1
355       358         3         2
339       353        14         7
348       359        11         1
329       356        27         4
341       354        13         6
355       358         3         2
340       355        15         5
339       352        13         8
354       355         1         5
349       354         5         6
355       359         4         1
338       354        16         6
346       347         1        13
345       358        13         2
357       359         2         1
353       356         3         4
318       351        33         9
348       351         3         9
193       348       155        12
341       355        14         5
340       346         6        14
352       358         6         2
187       359       172         1
354       359         5         1
333       355        22         5
354       359         5         1
347       358        11         2
349       359        10         1
158       359       201         1
353       359         6         1
167       352       185         8
31       353       322         7
167       359       192         1
348       353         5         7
341       351        10         9
10       359       349         1
353       357         4         3
339       355        16         5
30       333       303        27
27       341       314        19
33       359       326         1
344       345         1        15
199       359       160         1
343       348         5        12
348       351         3         9
351       359         8         1
358       359         1         1
336       345         9        15
327       348        21        12
354       357         3         3
302       357        55         3
348       350         2        10
354       355         1         5
348       357         9         3
354       356         2         4
358       359         1         1
25       348       323        12
25       355       330         5
342       351         9         9
343       358        15         2
353       359         6         1
354       359         5         1
352       359         7         1
340       352        12         8
195       349       154        11
348       355         7         5
349       352         3         8
348       357         9         3
349       354         5         6
344       359        15         1
160       356       196         4
352       356         4         4
351       354         3         6
343       349         6        11
342       359        17         1
344       352         8         8
351       359         8         1
351       354         3         6
358       359         1         1
358       359         1         1
346       357        11         3
356       357         1         3
351       354         3         6
354       359         5         1
340       349         9        11
355       357         2         3
237       353       116         7
332       353        21         7
350       359         9         1
345       352         7         8
33       359       326         1
22       359       337         1
321       358        37         2
357       359         2         1
344       348         4        12
338       343         5        17
355       357         2         3
30       340       310        20
344       357        13         3
12       356       344         4
350       358         8         2
356       357         1         3
27       358       331         2
355       358         3         2
235       359       124         1
354       359         5         1
342       359        17         1
345       353         8         7
354       356         2         4
202       346       144        14
341       350         9        10
32       348       316        12
345       359        14         1
21       359       338         1
337       342         5        18
24       357       333         3
30       358       328         2
346       359        13         1
340       358        18         2
358       359         1         1
342       351         9         9
351       354         3         6
340       353        13         7
235       359       124         1
342       357        15         3
349       359        10         1
354       359         5         1
355       358         3         2
162       359       197         1
357       358         1         2
192       358       166         2
25       350       325        10
356       358         2         2
350       359         9         1
24       359       335         1
25       353       328         7
231       358       127         2
354       355         1         5
349       357         8         3
352       356         4         4
314       334        20        26
333       352        19         8
346       359        13         1
341       349         8        11
353       355         2         5
356       357         1         3
343       354        11         6
347       350         3        10
355       358         3         2
343       355        12         5
327       331         4        29
164       347       183        13
2       356       354         4
354       358         4         2
341       348         7        12
334       347        13        13
352       355         3         5
196       352       156         8
29       354       325         6
25       355       330         5
336       352        16         8
352       357         5         3
346       350         4        10
340       351        11         9
187       310       123        50
356       358         2         2
29       358       329         2
343       358        15         2
353       358         5         2
28       342       314        18
351       352         1         8
345       358        13         2
341       348         7        12
342       344         2        16
314       348        34        12
33       359       326         1
350       353         3         7
340       351        11         9
356       359         3         1
352       354         2         6
348       357         9         3
356       358         2         2
347       352         5         8
356       358         2         2
344       354        10         6
237       356       119         4
340       349         9        11
356       359         3         1
348       351         3         9
352       355         3         5
350       351         1         9
335       350        15        10
329       358        29         2
345       355        10         5
15       357       342         3
350       353         3         7
24       347       323        13
334       346        12        14
355       356         1         4
1       355       354         5
353       355         2         5
168       354       186         6
352       354         2         6
194       351       157         9
358       359         1         1
222       343       121        17
353       356         3         4
30       356       326         4
353       354         1         6
334       354        20         6
356       359         3         1
336       359        23         1
351       357         6         3
349       353         4         7
19       359       340         1
339       347         8        13
343       349         6        11
350       359         9         1
166       324       158        36
346       357        11         3
344       356        12         4
341       354        13         6
354       357         3         3
31       339       308        21
354       357         3         3
353       354         1         6
349       359        10         1
232       359       127         1
230       349       119        11
354       356         2         4
22       356       334         4
346       348         2        12
352       359         7         1
357       358         1         2
344       356        12         4
342       346         4        14
354       357         3         3
354       356         2         4
354       359         5         1
355       356         1         4
349       357         8         3
349       358         9         2
343       355        12         5
235       357       122         3
183       351       168         9
343       353        10         7
235       355       120         5
343       349         6        11
341       355        14         5
319       359        40         1
354       355         1         5
338       359        21         1
334       359        25         1
353       356         3         4
237       351       114         9
203       345       142        15
349       356         7         4
29       358       329         2
350       358         8         2
314       346        32        14
30       354       324         6
346       353         7         7
346       359        13         1
352       356         4         4
349       351         2         9
32       336       304        24
342       352        10         8
352       359         7         1
28        30         2       330
33       352       319         8
18       359       341         1
351       359         8         1
197       359       162         1
20       357       337         3
338       350        12        10
355       359         4         1
346       347         1        13
340       343         3        17
348       358        10         2
233       355       122         5
30       358       328         2
342       351         9         9
353       359         6         1
338       355        17         5
26       358       332         2
350       352         2         8
342       345         3        15
343       358        15         2
197       340       143        20
351       358         7         2
349       358         9         2
345       349         4        11
344       355        11         5
349       357         8         3
350       359         9         1
354       355         1         5
346       354         8         6
218       358       140         2
357       358         1         2
353       355         2         5
15       354       339         6
357       358         1         2
346       348         2        12
164       347       183        13
351       358         7         2
26       351       325         9
338       357        19         3
25       351       326         9
348       352         4         8
326       354        28         6
352       353         1         7
19       356       337         4
358       359         1         1
29       355       326         5
352       355         3         5
342       359        17         1
201       353       152         7
343       353        10         7
207       353       146         7
344       352         8         8
357       359         2         1
346       359        13         1
343       358        15         2
353       355         2         5
17       356       339         4
356       359         3         1
335       357        22         3
203       346       143        14
330       356        26         4
27       349       322        11
343       352         9         8
351       354         3         6
349       359        10         1
350       353         3         7
358       359         1         1
341       349         8        11
349       356         7         4
350       357         7         3
328       359        31         1
31       350       319        10
351       359         8         1
228       354       126         6
158       351       193         9
352       353         1         7
356       358         2         2
327       356        29         4
353       356         3         4
330       354        24         6
354       359         5         1
332       357        25         3
346       353         7         7
23       358       335         2
353       359         6         1
334       335         1        25
27       350       323        10
353       358         5         2
345       356        11         4
350       353         3         7
348       354         6         6
232       343       111        17
351       359         8         1
354       355         1         5
341       357        16         3
351       359         8         1
226       347       121        13
301       347        46        13
343       346         3        14
349       350         1        10
350       357         7         3
356       359         3         1
163       357       194         3
349       353         4         7
355       357         2         3
165       347       182        13
32       357       325         3
353       359         6         1
350       352         2         8
338       358        20         2
318       356        38         4
349       359        10         1
351       354         3         6
353       359         6         1
199       357       158         3
32       354       322         6
353       355         2         5
352       355         3         5
357       359         2         1
165       352       187         8
20       351       331         9
355       358         3         2
350       351         1         9
351       356         5         4
206       352       146         8
335       347        12        13
334       356        22         4
343       356        13         4
33       351       318         9
330       357        27         3
30       356       326         4
352       356         4         4
13       346       333        14
23       355       332         5
343       356        13         4
323       359        36         1
164       353       189         7
28       357       329         3
348       357         9         3
317       355        38         5
353       355         2         5
351       353         2         7
353       358         5         2
348       355         7         5
30       358       328         2
347       353         6         7
350       352         2         8
352       359         7         1
356       359         3         1
357       359         2         1
356       359         3         1
354       358         4         2
313       357        44         3
349       355         6         5
324       338        14        22
358       359         1         1
342       354        12         6
352       355         3         5
339       354        15         6
347       359        12         1
24       359       335         1
31       338       307        22
344       359        15         1
354       355         1         5
25       358       333         2
236       330        94        30
354       359         5         1
357       358         1         2
31       355       324         5
26       354       328         6
351       357         6         3
347       359        12         1
350       355         5         5
356       358         2         2
344       347         3        13
347       348         1        12
358       359         1         1
348       355         7         5
28       232       204       128
219       336       117        24
352       359         7         1
350       359         9         1
353       358         5         2
33       340       307        20
334       349        15        11
355       359         4         1
202       219        17       141
343       348         5        12
341       359        18         1
354       359         5         1
33       359       326         1
342       357        15         3
351       358         7         2
355       359         4         1
348       352         4         8
348       357         9         3
356       358         2         2
355       358         3         2
169       352       183         8
329       353        24         7
341       351        10         9
352       357         5         3
184       357       173         3
338       359        21         1
351       355         4         5
348       349         1        11
351       355         4         5
324       354        30         6
354       358         4         2
357       358         1         2
13       358       345         2
349       359        10         1
349       352         3         8
354       359         5         1
355       359         4         1
348       357         9         3
334       337         3        23
349       356         7         4
341       354        13         6
329       359        30         1
349       354         5         6
345       349         4        11
348       349         1        11
354       358         4         2
354       358         4         2
330       333         3        27
333       358        25         2
349       350         1        10
5       355       350         5
358       359         1         1
212       336       124        24
351       353         2         7
355       357         2         3
33       352       319         8
354       358         4         2
347       359        12         1
345       356        11         4
354       356         2         4
339       353        14         7
224       355       131         5
344       352         8         8
192       356       164         4
352       353         1         7
326       355        29         5
352       359         7         1
350       353         3         7
354       355         1         5
329       335         6        25
355       357         2         3
353       354         1         6
346       354         8         6
349       353         4         7
347       359        12         1
354       359         5         1
347       351         4         9
343       355        12         5
340       358        18         2
344       358        14         2
356       358         2         2
352       359         7         1
28       358       330         2
352       355         3         5
332       359        27         1
26       355       329         5
331       358        27         2
347       353         6         7
344       359        15         1
236       349       113        11
352       358         6         2
344       354        10         6
346       359        13         1
310       351        41         9
342       357        15         3
348       352         4         8
346       359        13         1
354       359         5         1
354       358         4         2
352       354         2         6
352       357         5         3
203       316       113        44
336       344         8        16
355       357         2         3
357       359         2         1
201       337       136        23
349       355         6         5
328       349        21        11
341       342         1        18
352       355         3         5
30       359       329         1
348       353         5         7
351       353         2         7
356       358         2         2
342       344         2        16
167       359       192         1
344       346         2        14
337       353        16         7
356       359         3         1
336       359        23         1
350       354         4         6
235       329        94        31
346       347         1        13
347       357        10         3
358       359         1         1
347       349         2        11
354       357         3         3
352       355         3         5
330       353        23         7
207       349       142        11
338       356        18         4
356       359         3         1
358       359         1         1
27       359       332         1
353       358         5         2
31       228       197       132
33       359       326         1
351       359         8         1
358       359         1         1
357       359         2         1
235       350       115        10
340       346         6        14
14        24        10       336
334       352        18         8
338       358        20         2
22       235       213       125
336       339         3        21
356       358         2         2
340       351        11         9
347       348         1        12
353       355         2         5
355       357         2         3
346       359        13         1
25       354       329         6
355       358         3         2
333       357        24         3
358       359         1         1
353       357         4         3
348       352         4         8
355       358         3         2
348       358        10         2
318       321         3        39
346       354         8         6
340       348         8        12
198       356       158         4
354       359         5         1
348       357         9         3
350       351         1         9
355       359         4         1
355       359         4         1
349       358         9         2
342       350         8        10
195       322       127        38
350       357         7         3
352       355         3         5
355       356         1         4
328       352        24         8
345       352         7         8
336       337         1        23
335       358        23         2
22       359       337         1
165       348       183        12
319       358        39         2
356       358         2         2
350       357         7         3
346       348         2        12
352       355         3         5
355       359         4         1
26        32         6       328
232       353       121         7
356       359         3         1
333       359        26         1
345       359        14         1
354       356         2         4
237       358       121         2
337       348        11        12
346       354         8         6
351       358         7         2
358       359         1         1
33       359       326         1
351       356         5         4
343       353        10         7
324       344        20        16
336       351        15         9
200       344       144        16
350       358         8         2
342       359        17         1
156       358       202         2
356       358         2         2
340       353        13         7
356       357         1         3
29       355       326         5
346       348         2        12
32       357       325         3
346       354         8         6
29       352       323         8
334       359        25         1
331       354        23         6
27       359       332         1
346       351         5         9
353       359         6         1
330       350        20        10
344       351         7         9
354       355         1         5
353       359         6         1
356       358         2         2
340       359        19         1
330       355        25         5
339       351        12         9
351       355         4         5
356       357         1         3
355       359         4         1
169       355       186         5
339       359        20         1
342       359        17         1
350       355         5         5
351       357         6         3
349       351         2         9
354       359         5         1
18       334       316        26
192       355       163         5
349       358         9         2
356       357         1         3
201       357       156         3
169       351       182         9
348       357         9         3
31       344       313        16
352       356         4         4
349       358         9         2
330       351        21         9
357       358         1         2
30       342       312        18
351       358         7         2
354       358         4         2
343       357        14         3
353       359         6         1
344       358        14         2
340       358        18         2
329       352        23         8
349       355         6         5
342       351         9         9
340       354        14         6
32       357       325         3
20       351       331         9
323       357        34         3
33       197       164       163
350       357         7         3
358       359         1         1
236       357       121         3
355       357         2         3
353       358         5         2
344       357        13         3
356       359         3         1
348       353         5         7
27       359       332         1
237       352       115         8
342       356        14         4
349       352         3         8
354       359         5         1
353       357         4         3
341       354        13         6
347       354         7         6
347       351         4         9
33       335       302        25
353       358         5         2
32       353       321         7
163       327       164        33
350       351         1         9
348       353         5         7
350       353         3         7
351       356         5         4
340       357        17         3
338       354        16         6
354       358         4         2
353       354         1         6
351       355         4         5
32       342       310        18
342       344         2        16
355       357         2         3
356       359         3         1
348       358        10         2
164       356       192         4
17       358       341         2
354       355         1         5
349       357         8         3
338       358        20         2
337       344         7        16
351       357         6         3
357       359         2         1
31       359       328         1
353       355         2         5
201       355       154         5
356       357         1         3
314       355        41         5
303       359        56         1
343       357        14         3
235       358       123         2
21       358       337         2
31       356       325         4
