303       316        13         1
292       307        15        10
209       313       104         4
26       315       289         2
298       314        16         3
291       295         4        22
298       308        10         9
305       316        11         1
309       314         5         3
303       314        11         3
313       314         1         3
27       142       115       175
167       309       142         8
178       179         1       138
312       315         3         2
313       314         1         3
313       316         3         1
148       316       168         1
303       310         7         7
148       315       167         2
307       309         2         8
280       315        35         2
312       316         4         1
311       313         2         4
295       298         3        19
137       306       169        11
305       314         9         3
303       314        11         3
196       315       119         2
309       310         1         7
206       314       108         3
144       309       165         8
308       310         2         7
313       316         3         1
315       316         1         1
314       316         2         1
307       316         9         1
305       313         8         4
304       309         5         8
315       316         1         1
177       305       128        12
294       312        18         5
311       314         3         3
307       311         4         6
275       315        40         2
288       315        27         2
28       313       285         4
297       308        11         9
310       316         6         1
306       309         3         8
311       316         5         1
302       314        12         3
307       311         4         6
312       314         2         3
300       310        10         7
306       315         9         2
293       313        20         4
24       309       285         8
312       314         2         3
309       310         1         7
209       308        99         9
307       314         7         3
27       302       275        15
297       308        11         9
292       310        18         7
315       316         1         1
310       311         1         6
309       316         7         1
304       307         3        10
309       312         3         5
26       144       118       173
308       316         8         1
25       311       286         6
295       315        20         2
311       316         5         1
9       316       307         1
295       304         9        13
305       315        10         2
309       311         2         6
291       302        11        15
308       310         2         7
145       292       147        25
293       309        16         8
165       315       150         2
310       313         3         4
28       316       288         1
25       311       286         6
296       310        14         7
297       316        19         1
29       313       284         4
23       311       288         6
311       316         5         1
24       307       283        10
29       303       274        14
292       314        22         3
179       316       137         1
298       301         3        16
290       309        19         8
197       315       118         2
26       314       288         3
308       316         8         1
302       309         7         8
305       314         9         3
305       314         9         3
293       310        17         7
146       316       170         1
297       313        16         4
191       313       122         4
310       311         1         6
306       313         7         4
22       306       284        11
280       311        31         6
297       301         4        16
287       316        29         1
311       316         5         1
315       316         1         1
302       316        14         1
179       314       135         3
297       309        12         8
309       315         6         2
20       310       290         7
308       310         2         7
304       311         7         6
308       311         3         6
310       316         6         1
311       313         2         4
312       315         3         2
177       301       124        16
304       316        12         1
304       314        10         3
314       315         1         2
288       306        18        11
279       310        31         7
23       300       277        17
304       310         6         7
308       311         3         6
304       308         4         9
309       313         4         4
301       309         8         8
306       314         8         3
310       315         5         2
140       309       169         8
290       299         9        18
313       316         3         1
310       316         6         1
312       316         4         1
176       313       137         4
300       309         9         8
312       314         2         3
315       316         1         1
309       311         2         6
313       314         1         3
289       316        27         1
313       314         1         3
307       311         4         6
307       310         3         7
293       302         9        15
304       308         4         9
170       306       136        11
28       313       285         4
311       313         2         4
305       314         9         3
300       302         2        15
315       316         1         1
311       316         5         1
310       315         5         2
209       309       100         8
25       307       282        10
311       314         3         3
308       316         8         1
299       303         4        14
27       310       283         7
314       316         2         1
292       316        24         1
284       311        27         6
308       312         4         5
293       303        10        14
24       314       290         3
309       315         6         2
307       313         6         4
173       303       130        14
308       312         4         5
290       315        25         2
309       313         4         4
300       312        12         5
293       312        19         5
308       310         2         7
299       308         9         9
300       301         1        16
299       304         5        13
309       316         7         1
302       314        12         3
311       315         4         2
315       316         1         1
304       310         6         7
303       315        12         2
315       316         1         1
301       304         3        13
176       316       140         1
309       312         3         5
17       301       284        16
146       316       170         1
314       316         2         1
310       314         4         3
302       311         9         6
312       314         2         3
302       313        11         4
207       290        83        27
301       314        13         3
291       313        22         4
301       316        15         1
16       306       290        11
306       310         4         7
6       315       309         2
29       316       287         1
305       309         4         8
306       314         8         3
304       306         2        11
206       287        81        30
173       302       129        15
301       307         6        10
15       160       145       157
297       313        16         4
21       315       294         2
288       316        28         1
308       313         5         4
297       315        18         2
308       316         8         1
29       313       284         4
22       310       288         7
301       312        11         5
311       313         2         4
304       308         4         9
149       309       160         8
314       316         2         1
310       316         6         1
149       314       165         3
271       303        32        14
313       315         2         2
296       299         3        18
296       314        18         3
313       315         2         2
299       302         3        15
305       311         6         6
137       312       175         5
292       300         8        17
310       314         4         3
298       307         9        10
303       304         1        13
309       310         1         7
304       312         8         5
20       313       293         4
310       313         3         4
307       316         9         1
314       315         1         2
15       315       300         2
304       316        12         1
312       314         2         3
275       304        29        13
139       308       169         9
288       307        19        10
302       306         4        11
310       311         1         6
288       313        25         4
304       316        12         1
306       315         9         2
313       316         3         1
306       312         6         5
311       316         5         1
308       316         8         1
146       309       163         8
307       314         7         3
25       309       284         8
299       313        14         4
301       302         1        15
301       315        14         2
313       314         1         3
307       313         6         4
304       314        10         3
313       314         1         3
314       316         2         1
296       315        19         2
304       315        11         2
306       312         6         5
304       314        10         3
306       315         9         2
313       314         1         3
304       316        12         1
175       315       140         2
306       307         1        10
179       314       135         3
308       316         8         1
307       309         2         8
308       310         2         7
311       316         5         1
309       312         3         5
304       310         6         7
308       312         4         5
303       314        11         3
292       306        14        11
304       311         7         6
195       304       109        13
147       292       145        25
13       316       303         1
189       315       126         2
303       312         9         5
23       305       282        12
198       308       110         9
305       316        11         1
308       316         8         1
307       313         6         4
310       311         1         6
310       315         5         2
300       314        14         3
299       313        14         4
309       314         5         3
299       313        14         4
295       303         8        14
312       316         4         1
314       315         1         2
310       315         5         2
298       315        17         2
315       316         1         1
16       307       291        10
312       313         1         4
307       316         9         1
308       316         8         1
308       311         3         6
301       315        14         2
313       314         1         3
294       312        18         5
314       315         1         2
310       315         5         2
209       303        94        14
20       313       293         4
300       307         7        10
291       307        16        10
269       303        34        14
290       313        23         4
315       316         1         1
315       316         1         1
309       315         6         2
296       312        16         5
311       312         1         5
309       312         3         5
203       305       102        12
315       316         1         1
145       308       163         9
308       315         7         2
19       314       295         3
311       314         3         3
18       314       296         3
302       315        13         2
309       316         7         1
177       286       109        31
298       316        18         1
310       315         5         2
293       306        13        11
188       316       128         1
298       314        16         3
297       311        14         6
309       316         7         1
28       314       286         3
294       300         6        17
305       316        11         1
313       315         2         2
298       311        13         6
140       315       175         2
311       316         5         1
309       310         1         7
311       314         3         3
292       305        13        12
303       309         6         8
196       309       113         8
181       316       135         1
312       315         3         2
308       316         8         1
28       313       285         4
315       316         1         1
307       312         5         5
27       311       284         6
304       310         6         7
314       316         2         1
16       310       294         7
301       309         8         8
174       201        27       116
304       308         4         9
309       314         5         3
304       307         3        10
312       315         3         2
306       311         5         6
18       316       298         1
299       306         7        11
314       316         2         1
177       314       137         3
288       316        28         1
302       315        13         2
313       315         2         2
302       316        14         1
302       305         3        12
282       315        33         2
301       307         6        10
286       313        27         4
312       313         1         4
308       315         7         2
290       312        22         5
299       313        14         4
143       315       172         2
208       303        95        14
20       316       296         1
310       316         6         1
314       315         1         2
289       313        24         4
294       312        18         5
302       306         4        11
291       313        22         4
310       315         5         2
178       310       132         7
303       307         4        10
308       309         1         8
296       315        19         2
13       315       302         2
311       314         3         3
176       316       140         1
167       309       142         8
202       302       100        15
315       316         1         1
301       306         5        11
307       311         4         6
314       315         1         2
304       315        11         2
296       298         2        19
314       316         2         1
289       305        16        12
305       313         8         4
311       314         3         3
313       316         3         1
308       312         4         5
281       314        33         3
29       312       283         5
305       311         6         6
297       310        13         7
169       315       146         2
176       315       139         2
315       316         1         1
309       316         7         1
298       316        18         1
172       312       140         5
312       313         1         4
312       314         2         3
305       315        10         2
304       315        11         2
300       315        15         2
311       316         5         1
5       138       133       179
315       316         1         1
313       314         1         3
304       306         2        11
304       312         8         5
303       305         2        12
179       316       137         1
209       298        89        19
307       309         2         8
311       313         2         4
312       316         4         1
309       316         7         1
313       316         3         1
296       315        19         2
315       316         1         1
26       311       285         6
303       315        12         2
305       313         8         4
281       308        27         9
274       306        32        11
311       314         3         3
306       316        10         1
300       316        16         1
284       305        21        12
209       312       103         5
312       316         4         1
141       307       166        10
175       310       135         7
309       311         2         6
302       308         6         9
312       314         2         3
27       306       279        11
306       311         5         6
307       313         6         4
302       304         2        13
25       309       284         8
300       309         9         8
308       315         7         2
306       315         9         2
313       315         2         2
306       315         9         2
146       315       169         2
303       315        12         2
310       314         4         3
307       309         2         8
315       316         1         1
280       313        33         4
299       314        15         3
308       316         8         1
27       307       280        10
16       316       300         1
313       316         3         1
179       298       119        19
298       311        13         6
296       310        14         7
304       308         4         9
303       306         3        11
314       316         2         1
310       315         5         2
315       316         1         1
202       301        99        16
297       307        10        10
313       315         2         2
306       312         6         5
306       311         5         6
292       302        10        15
293       313        20         4
294       309        15         8
301       313        12         4
203       311       108         6
309       312         3         5
209       307        98        10
315       316         1         1
298       311        13         6
176       300       124        17
301       313        12         4
143       312       169         5
300       315        15         2
310       311         1         6
288       316        28         1
303       312         9         5
179       299       120        18
306       309         3         8
292       313        21         4
300       312        12         5
298       303         5        14
207       312       105         5
313       314         1         3
302       311         9         6
306       310         4         7
310       316         6         1
301       316        15         1
300       314        14         3
312       316         4         1
303       315        12         2
301       308         7         9
307       315         8         2
286       314        28         3
306       312         6         5
302       303         1        14
209       310       101         7
146       307       161        10
292       311        19         6
310       315         5         2
311       313         2         4
308       315         7         2
206       302        96        15
177       314       137         3
313       314         1         3
310       313         3         4
314       316         2         1
313       314         1         3
315       316         1         1
314       316         2         1
303       308         5         9
310       314         4         3
299       314        15         3
307       315         8         2
266       316        50         1
9       307       298        10
310       316         6         1
305       314         9         3
302       312        10         5
307       316         9         1
145       310       165         7
313       314         1         3
149       298       149        19
301       309         8         8
304       314        10         3
300       315        15         2
293       314        21         3
305       309         4         8
308       315         7         2
148       309       161         8
276       297        21        20
203       312       109         5
311       316         5         1
311       312         1         5
23       300       277        17
178       306       128        11
308       316         8         1
296       307        11        10
206       315       109         2
21        24         3       293
307       308         1         9
29       311       282         6
141       316       175         1
315       316         1         1
312       316         4         1
154       313       159         4
303       312         9         5
311       316         5         1
268       299        31        18
313       315         2         2
312       316         4         1
308       315         7         2
303       313        10         4
314       316         2         1
307       316         9         1
299       308         9         9
315       316         1         1
314       315         1         2
262       315        53         2
312       314         2         3
304       310         6         7
297       314        17         3
167       309       142         8
307       316         9         1
303       310         7         7
307       313         6         4
307       310         3         7
310       315         5         2
291       313        22         4
304       314        10         3
299       316        17         1
19       312       293         5
178       293       115        24
303       312         9         5
310       312         2         5
299       316        17         1
293       311        18         6
308       315         7         2
29       142       113       175
304       312         8         5
22       294       272        23
296       304         8        13
177       279       102        38
207       311       104         6
312       316         4         1
21       314       293         3
306       308         2         9
296       306        10        11
308       316         8         1
20       316       296         1
305       316        11         1
285       301        16        16
308       314         6         3
312       316         4         1
299       314        15         3
289       313        24         4
202       313       111         4
298       313        15         4
309       312         3         5
309       315         6         2
290       309        19         8
287       314        27         3
313       316         3         1
311       315         4         2
307       314         7         3
313       316         3         1
301       313        12         4
285       312        27         5
300       308         8         9
27       304       277        13
313       314         1         3
209       316       107         1
314       316         2         1
313       316         3         1
311       312         1         5
286       308        22         9
310       314         4         3
310       316         6         1
313       316         3         1
29       315       286         2
297       306         9        11
312       316         4         1
308       315         7         2
29       315       286         2
310       316         6         1
284       314        30         3
296       304         8        13
26       308       282         9
301       310         9         7
308       314         6         3
293       315        22         2
306       316        10         1
179       310       131         7
202       302       100        15
308       311         3         6
302       313        11         4
304       308         4         9
315       316         1         1
296       312        16         5
309       314         5         3
302       305         3        12
301       315        14         2
315       316         1         1
177       307       130        10
286       313        27         4
311       316         5         1
302       316        14         1
174       312       138         5
296       311        15         6
300       305         5        12
310       313         3         4
11       315       304         2
309       316         7         1
314       315         1         2
284       307        23        10
24       316       292         1
308       313         5         4
22       176       154       141
176       308       132         9
297       313        16         4
313       314         1         3
310       314         4         3
290       312        22         5
171       311       140         6
303       312         9         5
137       310       173         7
303       315        12         2
25       310       285         7
302       315        13         2
297       315        18         2
310       316         6         1
312       315         3         2
311       313         2         4
300       310        10         7
177       304       127        13
307       312         5         5
152       316       164         1
314       316         2         1
177       314       137         3
23       316       293         1
25       280       255        37
304       306         2        11
308       309         1         8
306       313         7         4
298       316        18         1
314       315         1         2
298       307         9        10
307       315         8         2
308       316         8         1
301       308         7         9
303       311         8         6
314       315         1         2
308       309         1         8
312       316         4         1
314       315         1         2
314       316         2         1
313       316         3         1
305       311         6         6
311       316         5         1
298       301         3        16
308       314         6         3
208       306        98        11
274       315        41         2
145       311       166         6
311       312         1         5
310       315         5         2
14       175       161       142
309       315         6         2
140       306       166        11
310       315         5         2
26       313       287         4
313       316         3         1
309       310         1         7
303       316        13         1
310       315         5         2
16       313       297         4
274       314        40         3
299       305         6        12
308       315         7         2
300       316        16         1
301       314        13         3
315       316         1         1
307       315         8         2
310       313         3         4
299       307         8        10
307       311         4         6
8       312       304         5
309       314         5         3
312       313         1         4
290       316        26         1
299       311        12         6
312       314         2         3
312       313         1         4
315       316         1         1
307       312         5         5
306       316        10         1
312       313         1         4
315       316         1         1
310       315         5         2
314       315         1         2
304       308         4         9
304       312         8         5
306       311         5         6
28       309       281         8
302       309         7         8
313       314         1         3
298       316        18         1
285       308        23         9
19       312       293         5
140       315       175         2
312       316         4         1
198       308       110         9
313       314         1         3
314       316         2         1
299       306         7        11
304       305         1        12
313       316         3         1
308       315         7         2
163       308       145         9
314       316         2         1
294       300         6        17
303       316        13         1
310       315         5         2
309       311         2         6
306       311         5         6
309       316         7         1
310       314         4         3
308       313         5         4
308       314         6         3
310       313         3         4
311       316         5         1
300       308         8         9
144       316       172         1
178       305       127        12
306       312         6         5
24       316       292         1
307       313         6         4
282       312        30         5
307       316         9         1
303       315        12         2
25       306       281        11
172       176         4       141
26       314       288         3
179       303       124        14
149       299       150        18
312       315         3         2
306       316        10         1
305       311         6         6
290       313        23         4
18       304       286        13
294       314        20         3
298       314        16         3
309       313         4         4
300       314        14         3
306       316        10         1
309       312         3         5
308       314         6         3
312       314         2         3
305       315        10         2
308       312         4         5
310       315         5         2
308       316         8         1
25       316       291         1
148       316       168         1
205       298        93        19
305       307         2        10
209       313       104         4
302       307         5        10
147       314       167         3
25       315       290         2
304       316        12         1
303       316        13         1
308       310         2         7
307       314         7         3
302       312        10         5
26       316       290         1
311       315         4         2
309       312         3         5
306       310         4         7
27       306       279        11
175       177         2       140
315       316         1         1
5       314       309         3
291       302        11        15
290       312        22         5
309       315         6         2
305       310         5         7
149       202        53       115
203       312       109         5
314       316         2         1
307       310         3         7
302       313        11         4
286       311        25         6
304       316        12         1
307       314         7         3
300       302         2        15
311       313         2         4
304       315        11         2
310       312         2         5
18       316       298         1
20       306       286        11
311       312         1         5
300       308         8         9
309       316         7         1
306       315         9         2
306       313         7         4
295       310        15         7
203       301        98        16
291       316        25         1
305       316        11         1
299       311        12         6
314       316         2         1
304       315        11         2
288       304        16        13
19       293       274        24
295       299         4        18
304       311         7         6
209       312       103         5
208       308       100         9
251       311        60         6
309       313         4         4
310       314         4         3
306       312         6         5
29       316       287         1
206       282        76        35
308       316         8         1
206       309       103         8
166       308       142         9
149       314       165         3
315       316         1         1
29       314       285         3
290       316        26         1
313       316         3         1
170       316       146         1
307       316         9         1
313       316         3         1
305       312         7         5
300       314        14         3
301       310         9         7
148       304       156        13
141       312       171         5
283       315        32         2
307       315         8         2
305       316        11         1
308       309         1         8
315       316         1         1
308       315         7         2
291       312        21         5
309       316         7         1
137       315       178         2
312       316         4         1
147       306       159        11
313       314         1         3
29       315       286         2
312       315         3         2
28       310       282         7
315       316         1         1
286       296        10        21
290       310        20         7
23       309       286         8
149       314       165         3
309       315         6         2
297       316        19         1
294       305        11        12
310       314         4         3
301       310         9         7
25       308       283         9
309       314         5         3
308       314         6         3
307       316         9         1
312       313         1         4
309       316         7         1
293       303        10        14
310       315         5         2
297       307        10        10
301       316        15         1
310       314         4         3
309       311         2         6
309       313         4         4
300       314        14         3
23       308       285         9
16        22         6       295
299       309        10         8
308       310         2         7
23       308       285         9
287       307        20        10
298       310        12         7
300       311        11         6
306       314         8         3
314       316         2         1
299       309        10         8
305       308         3         9
302       307         5        10
304       307         3        10
315       316         1         1
21       316       295         1
313       314         1         3
285       316        31         1
309       315         6         2
287       313        26         4
305       311         6         6
310       316         6         1
