282       288         6         6
280       287         7         7
288       291         3         3
281       292        11         2
272       288        16         6
288       289         1         5
286       290         4         4
275       277         2        17
262       285        23         9
286       293         7         1
276       293        17         1
266       288        22         6
271       274         3        20
25       283       258        11
278       280         2        14
268       288        20         6
266       291        25         3
287       290         3         4
278       290        12         4
278       282         4        12
284       293         9         1
265       277        12        17
289       292         3         2
284       293         9         1
172       293       121         1
271       291        20         3
275       289        14         5
285       286         1         8
277       288        11         6
17       286       269         8
285       288         3         6
282       293        11         1
262       265         3        29
278       290        12         4
285       290         5         4
289       292         3         2
280       286         6         8
26       288       262         6
277       283         6        11
263       286        23         8
289       291         2         3
274       290        16         4
274       278         4        16
268       269         1        25
276       284         8        10
276       287        11         7
277       287        10         7
28       287       259         7
282       292        10         2
273       283        10        11
276       283         7        11
292       293         1         1
287       288         1         6
255       285        30         9
283       287         4         7
256       284        28        10
282       291         9         3
165       280       115        14
282       288         6         6
291       293         2         1
279       290        11         4
279       282         3        12
268       293        25         1
286       289         3         5
283       289         6         5
278       281         3        13
283       291         8         3
172       292       120         2
282       290         8         4
11       289       278         5
279       291        12         3
281       292        11         2
283       292         9         2
290       291         1         3
291       292         1         2
283       287         4         7
259       274        15        20
289       292         3         2
290       293         3         1
284       291         7         3
289       292         3         2
23       292       269         2
288       291         3         3
278       291        13         3
278       289        11         5
277       293        16         1
286       289         3         5
278       291        13         3
284       290         6         4
276       286        10         8
281       292        11         2
292       293         1         1
291       293         2         1
276       288        12         6
166       293       127         1
268       284        16        10
160       281       121        13
164       268       104        26
277       293        16         1
283       292         9         2
280       291        11         3
282       287         5         7
26       292       266         2
278       284         6        10
278       288        10         6
277       285         8         9
279       284         5        10
289       293         4         1
288       290         2         4
288       290         2         4
283       288         5         6
275       280         5        14
21       288       267         6
277       293        16         1
289       293         4         1
286       288         2         6
10       275       265        19
277       293        16         1
287       292         5         2
281       289         8         5
282       285         3         9
281       292        11         2
275       282         7        12
283       288         5         6
262       273        11        21
271       291        20         3
289       293         4         1
271       285        14         9
270       271         1        23
284       293         9         1
273       290        17         4
278       285         7         9
290       292         2         2
292       293         1         1
289       292         3         2
289       292         3         2
283       289         6         5
273       292        19         2
288       292         4         2
267       289        22         5
281       291        10         3
289       291         2         3
285       292         7         2
279       286         7         8
281       292        11         2
276       291        15         3
26       257       231        37
287       288         1         6
262       271         9        23
287       290         3         4
285       291         6         3
290       292         2         2
155       293       138         1
291       293         2         1
283       293        10         1
285       292         7         2
172       274       102        20
286       290         4         4
286       290         4         4
286       288         2         6
173       283       110        11
278       284         6        10
289       290         1         4
276       281         5        13
272       290        18         4
273       284        11        10
270       284        14        10
291       293         2         1
272       283        11        11
290       293         3         1
27       272       245        22
288       290         2         4
23       279       256        15
28       290       262         4
292       293         1         1
291       293         2         1
282       292        10         2
269       292        23         2
25       292       267         2
287       291         4         3
16       292       276         2
279       286         7         8
264       291        27         3
164       268       104        26
288       291         3         3
288       291         3         3
261       270         9        24
28       292       264         2
276       293        17         1
172       291       119         3
280       283         3        11
272       289        17         5
27       287       260         7
27       289       262         5
279       292        13         2
271       290        19         4
290       291         1         3
279       285         6         9
279       290        11         4
27       279       252        15
259       262         3        32
273       274         1        20
288       292         4         2
284       288         4         6
290       293         3         1
289       293         4         1
172       293       121         1
285       292         7         2
19       291       272         3
272       291        19         3
26       291       265         3
28       281       253        13
277       288        11         6
275       286        11         8
266       279        13        15
268       281        13        13
266       286        20         8
285       293         8         1
254       280        26        14
28       292       264         2
282       290         8         4
288       289         1         5
15       282       267        12
25       285       260         9
23       287       264         7
278       285         7         9
274       291        17         3
281       282         1        12
289       292         3         2
284       285         1         9
272       283        11        11
284       286         2         8
285       290         5         4
276       279         3        15
285       286         1         8
275       292        17         2
26       292       266         2
289       293         4         1
287       291         4         3
276       293        17         1
277       292        15         2
292       293         1         1
276       291        15         3
289       292         3         2
281       288         7         6
278       289        11         5
266       281        15        13
281       291        10         3
289       291         2         3
274       282         8        12
284       287         3         7
172       284       112        10
253       280        27        14
283       289         6         5
272       273         1        21
272       288        16         6
282       291         9         3
279       284         5        10
291       293         2         1
287       293         6         1
283       290         7         4
269       287        18         7
268       292        24         2
287       292         5         2
287       292         5         2
279       288         9         6
278       291        13         3
287       293         6         1
283       292         9         2
277       291        14         3
284       286         2         8
272       282        10        12
25       293       268         1
290       292         2         2
283       292         9         2
289       292         3         2
281       286         5         8
273       291        18         3
272       285        13         9
289       291         2         3
276       277         1        17
282       292        10         2
290       292         2         2
290       292         2         2
280       290        10         4
5       291       286         3
279       289        10         5
285       290         5         4
171       293       122         1
23       272       249        22
289       291         2         3
264       291        27         3
282       293        11         1
279       293        14         1
271       283        12        11
289       291         2         3
286       287         1         7
290       293         3         1
277       284         7        10
278       279         1        15
28       275       247        19
268       279        11        15
290       293         3         1
16       291       275         3
287       291         4         3
285       290         5         4
291       292         1         2
284       288         4         6
284       290         6         4
269       288        19         6
289       290         1         4
282       291         9         3
266       284        18        10
288       291         3         3
282       291         9         3
275       290        15         4
264       292        28         2
278       288        10         6
285       286         1         8
273       287        14         7
275       293        18         1
284       291         7         3
285       291         6         3
282       291         9         3
275       290        15         4
167       276       109        18
265       282        17        12
289       290         1         4
283       284         1        10
277       282         5        12
168       286       118         8
269       276         7        18
283       284         1        10
264       288        24         6
282       287         5         7
288       289         1         5
279       291        12         3
273       279         6        15
289       292         3         2
22       293       271         1
173       274       101        20
266       284        18        10
280       292        12         2
287       293         6         1
282       288         6         6
289       291         2         3
282       293        11         1
289       290         1         4
286       293         7         1
289       293         4         1
272       279         7        15
275       278         3        16
290       293         3         1
284       289         5         5
289       293         4         1
262       292        30         2
279       292        13         2
22       270       248        24
279       291        12         3
285       291         6         3
23       286       263         8
287       291         4         3
272       286        14         8
265       293        28         1
270       293        23         1
284       293         9         1
289       290         1         4
274       280         6        14
277       288        11         6
291       292         1         2
292       293         1         1
271       289        18         5
275       285        10         9
283       293        10         1
284       293         9         1
264       289        25         5
285       289         4         5
285       293         8         1
289       291         2         3
285       293         8         1
276       282         6        12
170       289       119         5
284       290         6         4
285       293         8         1
287       292         5         2
287       288         1         6
279       280         1        14
22       281       259        13
277       285         8         9
283       290         7         4
276       288        12         6
269       284        15        10
288       292         4         2
271       292        21         2
286       292         6         2
289       290         1         4
267       278        11        16
291       293         2         1
269       293        24         1
283       292         9         2
261       286        25         8
282       285         3         9
282       291         9         3
263       285        22         9
278       282         4        12
284       293         9         1
21       280       259        14
283       292         9         2
28       282       254        12
277       282         5        12
22       276       254        18
279       287         8         7
261       279        18        15
168       293       125         1
289       293         4         1
283       293        10         1
278       285         7         9
288       291         3         3
269       283        14        11
284       285         1         9
28       293       265         1
290       291         1         3
284       291         7         3
287       288         1         6
289       293         4         1
271       283        12        11
158       291       133         3
288       292         4         2
264       290        26         4
282       286         4         8
289       292         3         2
277       290        13         4
279       286         7         8
289       292         3         2
23       285       262         9
24       172       148       122
286       293         7         1
288       290         2         4
277       287        10         7
166       293       127         1
278       285         7         9
23       282       259        12
268       283        15        11
24       293       269         1
270       280        10        14
266       272         6        22
28       285       257         9
24       288       264         6
165       292       127         2
281       288         7         6
287       293         6         1
12       293       281         1
286       289         3         5
283       291         8         3
284       292         8         2
268       276         8        18
10        26        16       268
271       278         7        16
291       292         1         2
283       293        10         1
285       289         4         5
287       291         4         3
285       290         5         4
285       288         3         6
285       291         6         3
284       289         5         5
288       293         5         1
279       286         7         8
24       293       269         1
279       293        14         1
271       273         2        21
285       286         1         8
280       288         8         6
281       291        10         3
285       286         1         8
288       292         4         2
18       285       267         9
288       293         5         1
271       284        13        10
256       277        21        17
291       292         1         2
262       293        31         1
282       287         5         7
287       288         1         6
278       282         4        12
286       292         6         2
24       163       139       131
291       293         2         1
263       278        15        16
285       292         7         2
281       284         3        10
284       292         8         2
287       290         3         4
291       292         1         2
285       293         8         1
290       291         1         3
292       293         1         1
276       286        10         8
283       291         8         3
291       293         2         1
271       274         3        20
284       288         4         6
285       286         1         8
268       278        10        16
274       275         1        19
272       282        10        12
283       291         8         3
19       284       265        10
276       285         9         9
286       290         4         4
282       286         4         8
26       264       238        30
15       293       278         1
281       285         4         9
285       292         7         2
291       293         2         1
281       293        12         1
254       290        36         4
166       286       120         8
285       292         7         2
280       281         1        13
285       288         3         6
284       293         9         1
28       249       221        45
290       293         3         1
282       286         4         8
290       292         2         2
280       284         4        10
284       291         7         3
276       293        17         1
284       292         8         2
283       288         5         6
275       277         2        17
24       289       265         5
173       285       112         9
277       293        16         1
280       293        13         1
276       287        11         7
257       293        36         1
263       284        21        10
285       287         2         7
280       293        13         1
288       290         2         4
290       291         1         3
252       271        19        23
287       291         4         3
283       293        10         1
280       282         2        12
269       279        10        15
281       290         9         4
166       288       122         6
289       291         2         3
276       287        11         7
273       292        19         2
287       291         4         3
289       293         4         1
279       288         9         6
255       274        19        20
292       293         1         1
263       292        29         2
268       281        13        13
270       279         9        15
286       293         7         1
274       292        18         2
291       292         1         2
262       281        19        13
260       274        14        20
274       290        16         4
25       285       260         9
277       292        15         2
286       292         6         2
281       284         3        10
24       291       267         3
271       291        20         3
21       282       261        12
287       290         3         4
286       292         6         2
274       290        16         4
287       292         5         2
280       293        13         1
272       293        21         1
291       293         2         1
286       289         3         5
249       280        31        14
285       293         8         1
283       293        10         1
283       290         7         4
161       288       127         6
290       293         3         1
291       292         1         2
291       293         2         1
17       287       270         7
289       290         1         4
282       286         4         8
22       292       270         2
289       292         3         2
286       288         2         6
269       291        22         3
289       291         2         3
283       291         8         3
290       292         2         2
280       287         7         7
278       283         5        11
289       291         2         3
287       292         5         2
289       290         1         4
273       285        12         9
23       293       270         1
19       273       254        21
259       289        30         5
285       288         3         6
267       272         5        22
284       287         3         7
255       265        10        29
260       276        16        18
272       286        14         8
275       287        12         7
265       290        25         4
265       286        21         8
288       290         2         4
22       252       230        42
264       293        29         1
171       288       117         6
284       285         1         9
286       292         6         2
285       286         1         8
27       293       266         1
276       291        15         3
282       293        11         1
285       291         6         3
288       290         2         4
289       291         2         3
163       288       125         6
285       292         7         2
289       293         4         1
278       283         5        11
289       292         3         2
13       287       274         7
263       283        20        11
26       292       266         2
292       293         1         1
286       293         7         1
284       291         7         3
291       293         2         1
262       278        16        16
28       272       244        22
273       275         2        19
239       280        41        14
292       293         1         1
280       292        12         2
284       290         6         4
263       268         5        26
288       291         3         3
284       293         9         1
287       293         6         1
283       291         8         3
276       292        16         2
285       288         3         6
285       293         8         1
270       293        23         1
279       284         5        10
284       288         4         6
285       291         6         3
268       284        16        10
256       258         2        36
289       292         3         2
280       285         5         9
292       293         1         1
272       273         1        21
281       282         1        12
290       292         2         2
273       292        19         2
290       293         3         1
27       292       265         2
282       291         9         3
278       293        15         1
264       278        14        16
286       291         5         3
264       278        14        16
26       289       263         5
287       293         6         1
267       284        17        10
271       290        19         4
286       293         7         1
292       293         1         1
282       290         8         4
28       266       238        28
26       260       234        34
285       293         8         1
279       280         1        14
289       291         2         3
271       286        15         8
268       283        15        11
284       289         5         5
173       281       108        13
279       291        12         3
278       291        13         3
291       293         2         1
278       291        13         3
272       281         9        13
283       291         8         3
261       284        23        10
290       293         3         1
289       293         4         1
286       287         1         7
27       280       253        14
288       289         1         5
282       288         6         6
23       293       270         1
286       293         7         1
277       279         2        15
280       285         5         9
285       291         6         3
256       283        27        11
292       293         1         1
280       289         9         5
272       277         5        17
275       280         5        14
266       293        27         1
19       286       267         8
277       284         7        10
280       287         7         7
288       290         2         4
292       293         1         1
275       284         9        10
285       293         8         1
279       289        10         5
288       292         4         2
265       271         6        23
290       292         2         2
166       291       125         3
276       279         3        15
260       275        15        19
173       279       106        15
284       292         8         2
276       283         7        11
287       292         5         2
275       284         9        10
292       293         1         1
281       282         1        12
283       292         9         2
274       280         6        14
24       288       264         6
269       280        11        14
25       276       251        18
277       292        15         2
250       280        30        14
292       293         1         1
290       293         3         1
289       291         2         3
278       287         9         7
276       292        16         2
281       293        12         1
284       288         4         6
287       292         5         2
171       276       105        18
277       285         8         9
282       283         1        11
270       277         7        17
273       281         8        13
273       293        20         1
283       293        10         1
241       291        50         3
255       287        32         7
273       285        12         9
272       289        17         5
173       289       116         5
285       292         7         2
279       291        12         3
276       287        11         7
281       293        12         1
289       290         1         4
170       285       115         9
261       279        18        15
269       283        14        11
289       292         3         2
276       279         3        15
285       287         2         7
271       277         6        17
171       285       114         9
277       282         5        12
287       292         5         2
292       293         1         1
287       292         5         2
289       292         3         2
288       291         3         3
165       292       127         2
290       293         3         1
290       293         3         1
273       279         6        15
287       292         5         2
285       292         7         2
282       284         2        10
276       288        12         6
168       291       123         3
16       287       271         7
23       265       242        29
171       277       106        17
280       287         7         7
280       288         8         6
285       288         3         6
275       288        13         6
268       286        18         8
284       287         3         7
288       289         1         5
292       293         1         1
16       291       275         3
276       284         8        10
172       283       111        11
271       278         7        16
271       292        21         2
286       288         2         6
25       271       246        23
267       285        18         9
282       287         5         7
279       289        10         5
274       286        12         8
265       283        18        11
251       266        15        28
281       284         3        10
274       293        19         1
274       277         3        17
278       280         2        14
290       291         1         3
292       293         1         1
287       293         6         1
261       288        27         6
291       292         1         2
16        22         6       272
267       287        20         7
281       283         2        11
275       283         8        11
288       290         2         4
269       291        22         3
285       288         3         6
164       267       103        27
279       288         9         6
289       293         4         1
250       289        39         5
287       293         6         1
170       291       121         3
12       293       281         1
286       290         4         4
270       272         2        22
259       286        27         8
268       289        21         5
263       287        24         7
281       292        11         2
288       289         1         5
291       293         2         1
277       278         1        16
286       290         4         4
268       293        25         1
276       291        15         3
276       277         1        17
267       289        22         5
270       291        21         3
18       287       269         7
276       279         3        15
278       292        14         2
282       292        10         2
290       291         1         3
291       293         2         1
23        26         3       268
291       292         1         2
280       290        10         4
286       288         2         6
282       293        11         1
278       290        12         4
288       293         5         1
245       283        38        11
277       286         9         8
278       282         4        12
285       292         7         2
278       291        13         3
257       290        33         4
281       291        10         3
287       292         5         2
278       293        15         1
21       292       271         2
270       291        21         3
25       284       259        10
271       279         8        15
6       270       264        24
292       293         1         1
277       286         9         8
4       271       267        23
265       289        24         5
284       291         7         3
281       282         1        12
27       284       257        10
19       293       274         1
286       288         2         6
15       283       268        11
284       292         8         2
288       289         1         5
268       275         7        19
282       288         6         6
282       285         3         9
283       285         2         9
281       288         7         6
284       292         8         2
287       288         1         6
291       292         1         2
262       270         8        24
286       291         5         3
288       293         5         1
275       292        17         2
290       292         2         2
267       278        11        16
279       292        13         2
276       287        11         7
283       285         2         9
286       289         3         5
255       287        32         7
292       293         1         1
286       293         7         1
287       288         1         6
283       285         2         9
283       286         3         8
275       282         7        12
23       282       259        12
285       287         2         7
282       290         8         4
271       273         2        21
285       290         5         4
289       291         2         3
22       278       256        16
289       291         2         3
282       287         5         7
280       293        13         1
155       291       136         3
168       293       125         1
283       292         9         2
286       291         5         3
291       293         2         1
284       293         9         1
170       290       120         4
17       292       275         2
166       273       107        21
288       289         1         5
282       284         2        10
284       290         6         4
280       293        13         1
278       281         3        13
266       269         3        25
269       290        21         4
282       290         8         4
21       290       269         4
290       291         1         3
286       287         1         7
283       289         6         5
287       291         4         3
259       260         1        34
284       286         2         8
267       282        15        12
283       290         7         4
284       286         2         8
261       288        27         6
285       290         5         4
289       292         3         2
279       284         5        10
287       288         1         6
274       286        12         8
258       293        35         1
275       284         9        10
275       278         3        16
172       292       120         2
284       286         2         8
289       292         3         2
287       291         4         3
284       292         8         2
286       287         1         7
270       277         7        17
25       289       264         5
168       292       124         2
22       282       260        12
285       288         3         6
264       289        25         5
269       277         8        17
275       291        16         3
257       289        32         5
269       279        10        15
287       292         5         2
290       291         1         3
280       287         7         7
274       282         8        12
281       292        11         2
289       290         1         4
247       290        43         4
163       293       130         1
289       290         1         4
286       291         5         3
277       290        13         4
291       292         1         2
262       285        23         9
283       288         5         6
287       289         2         5
286       291         5         3
268       292        24         2
