335       338         3         8
334       342         8         4
332       335         3        11
340       345         5         1
326       345        19         1
339       345         6         1
1       343       342         3
334       337         3         9
244       343        99         3
337       345         8         1
340       341         1         5
335       343         8         3
336       343         7         3
335       340         5         6
327       336         9        10
344       345         1         1
165       344       179         2
343       345         2         1
326       341        15         5
290       343        53         3
343       344         1         2
340       342         2         4
168       337       169         9
339       345         6         1
342       345         3         1
321       331        10        15
340       343         3         3
329       332         3        14
336       345         9         1
328       338        10         8
29       339       310         7
342       344         2         2
335       340         5         6
337       342         5         4
342       344         2         2
205       338       133         8
323       341        18         5
335       343         8         3
326       337        11         9
335       345        10         1
335       342         7         4
341       343         2         3
337       342         5         4
29       344       315         2
341       345         4         1
339       343         4         3
343       344         1         2
158       341       183         5
335       343         8         3
343       345         2         1
337       345         8         1
331       338         7         8
208       341       133         5
166       312       146        34
17       342       325         4
335       344         9         2
27       339       312         7
330       342        12         4
136       338       202         8
334       337         3         9
338       345         7         1
320       329         9        17
330       336         6        10
204       343       139         3
242       332        90        14
343       344         1         2
309       345        36         1
342       344         2         2
170       338       168         8
338       339         1         7
332       334         2        12
337       343         6         3
336       341         5         5
337       344         7         2
326       335         9        11
319       334        15        12
340       342         2         4
308       342        34         4
331       340         9         6
222       345       123         1
342       344         2         2
341       342         1         4
34       345       311         1
329       339        10         7
334       336         2        10
333       335         2        11
331       341        10         5
325       336        11        10
323       344        21         2
318       341        23         5
339       340         1         6
328       339        11         7
342       344         2         2
24       332       308        14
336       341         5         5
206       322       116        24
174       241        67       105
30       336       306        10
335       338         3         8
323       343        20         3
340       341         1         5
325       343        18         3
31       343       312         3
244       345       101         1
335       344         9         2
327       336         9        10
337       341         4         5
332       345        13         1
28       344       316         2
18       343       325         3
333       340         7         6
332       337         5         9
34       343       309         3
331       342        11         4
334       336         2        10
25       337       312         9
337       339         2         7
326       330         4        16
337       340         3         6
337       342         5         4
321       324         3        22
20       340       320         6
326       338        12         8
331       345        14         1
324       343        19         3
239       334        95        12
339       342         3         4
343       344         1         2
340       342         2         4
328       339        11         7
322       339        17         7
344       345         1         1
322       334        12        12
322       337        15         9
337       345         8         1
32       334       302        12
336       341         5         5
327       342        15         4
331       342        11         4
337       345         8         1
315       332        17        14
344       345         1         1
343       344         1         2
343       345         2         1
338       344         6         2
331       341        10         5
332       341         9         5
333       334         1        12
164       345       181         1
331       341        10         5
339       342         3         4
33       341       308         5
341       343         2         3
342       343         1         3
334       337         3         9
341       342         1         4
339       344         5         2
335       337         2         9
337       340         3         6
341       342         1         4
209       334       125        12
320       345        25         1
332       344        12         2
139       340       201         6
336       342         6         4
340       344         4         2
338       340         2         6
325       338        13         8
340       341         1         5
337       341         4         5
340       345         5         1
329       342        13         4
305       345        40         1
238       342       104         4
340       344         4         2
205       345       140         1
322       340        18         6
330       345        15         1
34       338       304         8
174       344       170         2
328       341        13         5
332       342        10         4
338       343         5         3
343       345         2         1
25       331       306        15
339       343         4         3
335       344         9         2
32       300       268        46
327       339        12         7
332       339         7         7
321       339        18         7
329       339        10         7
334       344        10         2
331       343        12         3
170       337       167         9
337       338         1         8
344       345         1         1
333       336         3        10
337       343         6         3
339       341         2         5
337       341         4         5
30       333       303        13
169       345       176         1
24       340       316         6
334       341         7         5
339       345         6         1
137       244       107       102
328       339        11         7
338       345         7         1
327       343        16         3
329       341        12         5
331       337         6         9
208       311       103        35
332       339         7         7
244       336        92        10
343       344         1         2
337       343         6         3
340       343         3         3
330       342        12         4
338       345         7         1
336       340         4         6
327       329         2        17
325       343        18         3
331       345        14         1
341       345         4         1
315       337        22         9
333       338         5         8
18       336       318        10
304       333        29        13
334       345        11         1
306       339        33         7
171       333       162        13
337       341         4         5
338       345         7         1
163       333       170        13
340       342         2         4
320       322         2        24
338       343         5         3
341       344         3         2
334       337         3         9
341       345         4         1
209       343       134         3
339       341         2         5
29       343       314         3
343       344         1         2
327       329         2        17
332       339         7         7
338       343         5         3
186       335       149        11
315       340        25         6
319       336        17        10
331       333         2        13
337       343         6         3
334       338         4         8
325       339        14         7
326       332         6        14
307       322        15        24
337       338         1         8
341       344         3         2
330       332         2        14
173       339       166         7
338       342         4         4
339       340         1         6
340       344         4         2
329       344        15         2
173       342       169         4
334       341         7         5
339       340         1         6
22       316       294        30
330       344        14         2
329       341        12         5
309       342        33         4
242       339        97         7
341       342         1         4
334       340         6         6
337       338         1         8
344       345         1         1
337       342         5         4
170       340       170         6
32       342       310         4
337       345         8         1
337       342         5         4
341       345         4         1
336       337         1         9
337       339         2         7
342       344         2         2
324       337        13         9
174       344       170         2
234       337       103         9
237       336        99        10
244       336        92        10
319       337        18         9
322       340        18         6
343       344         1         2
340       345         5         1
336       342         6         4
323       338        15         8
20       345       325         1
205       322       117        24
330       341        11         5
315       335        20        11
334       338         4         8
337       339         2         7
315       328        13        18
320       342        22         4
341       344         3         2
328       336         8        10
334       337         3         9
326       336        10        10
340       343         3         3
340       345         5         1
32       337       305         9
323       337        14         9
294       345        51         1
332       337         5         9
340       341         1         5
201       232        31       114
339       342         3         4
337       339         2         7
34       344       310         2
338       341         3         5
329       339        10         7
22       333       311        13
340       342         2         4
344       345         1         1
323       335        12        11
321       325         4        21
330       339         9         7
27       336       309        10
338       340         2         6
340       343         3         3
336       341         5         5
335       344         9         2
329       344        15         2
338       340         2         6
342       343         1         3
242       345       103         1
158       333       175        13
342       344         2         2
321       332        11        14
328       330         2        16
339       340         1         6
331       334         3        12
337       345         8         1
331       344        13         2
325       344        19         2
338       342         4         4
335       345        10         1
342       343         1         3
170       339       169         7
328       340        12         6
337       345         8         1
34       345       311         1
343       344         1         2
325       339        14         7
338       342         4         4
322       345        23         1
335       339         4         7
318       338        20         8
344       345         1         1
323       345        22         1
173       336       163        10
342       344         2         2
328       339        11         7
336       337         1         9
341       343         2         3
139       344       205         2
333       339         6         7
339       341         2         5
343       345         2         1
331       344        13         2
342       345         3         1
32       330       298        16
342       344         2         2
338       342         4         4
330       340        10         6
342       345         3         1
340       342         2         4
335       344         9         2
342       344         2         2
31       331       300        15
335       345        10         1
331       344        13         2
334       337         3         9
334       345        11         1
310       342        32         4
340       345         5         1
34       338       304         8
332       337         5         9
341       342         1         4
338       344         6         2
207       345       138         1
315       339        24         7
326       341        15         5
344       345         1         1
335       337         2         9
327       331         4        15
340       341         1         5
243       331        88        15
32       337       305         9
327       343        16         3
319       336        17        10
340       341         1         5
317       339        22         7
341       345         4         1
342       344         2         2
33       345       312         1
338       341         3         5
205       325       120        21
333       335         2        11
244       345       101         1
330       345        15         1
340       345         5         1
332       343        11         3
335       344         9         2
328       344        16         2
339       342         3         4
222       332       110        14
341       345         4         1
339       342         3         4
242       345       103         1
324       334        10        12
338       345         7         1
21       345       324         1
334       338         4         8
29        33         4       313
321       340        19         6
25       344       319         2
242       335        93        11
336       339         3         7
25       345       320         1
343       345         2         1
20       329       309        17
342       343         1         3
333       345        12         1
326       343        17         3
139       331       192        15
339       340         1         6
209       239        30       107
329       345        16         1
331       334         3        12
203       331       128        15
334       344        10         2
336       343         7         3
329       340        11         6
332       339         7         7
331       333         2        13
327       339        12         7
244       343        99         3
339       345         6         1
338       345         7         1
338       344         6         2
331       342        11         4
170       333       163        13
326       342        16         4
336       344         8         2
235       344       109         2
333       340         7         6
33       343       310         3
138       345       207         1
322       342        20         4
335       345        10         1
29       336       307        10
332       341         9         5
326       336        10        10
137       345       208         1
339       340         1         6
328       333         5        13
198       331       133        15
23       345       322         1
29       337       308         9
169       342       173         4
138       338       200         8
324       329         5        17
305       345        40         1
336       339         3         7
344       345         1         1
331       338         7         8
340       342         2         4
202       343       141         3
341       343         2         3
331       345        14         1
342       345         3         1
334       341         7         5
31       344       313         2
334       342         8         4
333       341         8         5
322       336        14        10
337       344         7         2
334       344        10         2
321       344        23         2
22       345       323         1
329       340        11         6
309       344        35         2
326       333         7        13
333       342         9         4
335       342         7         4
344       345         1         1
332       342        10         4
333       339         6         7
334       343         9         3
339       340         1         6
338       341         3         5
340       345         5         1
339       340         1         6
309       315         6        31
320       331        11        15
337       345         8         1
308       343        35         3
338       344         6         2
334       341         7         5
339       341         2         5
335       339         4         7
323       344        21         2
332       340         8         6
30       334       304        12
336       344         8         2
168       339       171         7
165       342       177         4
337       338         1         8
342       345         3         1
335       341         6         5
344       345         1         1
341       345         4         1
331       334         3        12
337       345         8         1
237       345       108         1
332       339         7         7
334       343         9         3
209       343       134         3
312       341        29         5
33       345       312         1
340       345         5         1
324       343        19         3
334       336         2        10
340       345         5         1
209       343       134         3
334       344        10         2
343       344         1         2
332       345        13         1
244       345       101         1
337       342         5         4
325       340        15         6
336       339         3         7
341       343         2         3
332       338         6         8
329       334         5        12
338       341         3         5
328       332         4        14
325       341        16         5
334       339         5         7
329       344        15         2
16       342       326         4
334       344        10         2
303       339        36         7
336       341         5         5
136       332       196        14
174       344       170         2
339       344         5         2
331       339         8         7
30       342       312         4
337       345         8         1
320       335        15        11
240       341       101         5
337       338         1         8
9       336       327        10
205       337       132         9
221       345       124         1
319       339        20         7
334       342         8         4
339       344         5         2
332       342        10         4
334       339         5         7
327       341        14         5
330       337         7         9
171       336       165        10
34       340       306         6
340       342         2         4
317       342        25         4
198       318       120        28
206       343       137         3
333       342         9         4
340       343         3         3
333       334         1        12
332       338         6         8
336       342         6         4
335       344         9         2
242       335        93        11
331       339         8         7
30       329       299        17
335       339         4         7
343       344         1         2
322       345        23         1
320       337        17         9
340       343         3         3
201       335       134        11
332       337         5         9
339       340         1         6
28       332       304        14
340       342         2         4
333       338         5         8
335       343         8         3
341       344         3         2
330       342        12         4
208       338       130         8
322       344        22         2
32       345       313         1
28        34         6       312
319       328         9        18
226       344       118         2
325       334         9        12
342       343         1         3
244       335        91        11
243       335        92        11
341       344         3         2
206       326       120        20
340       344         4         2
332       344        12         2
329       334         5        12
309       334        25        12
34       338       304         8
323       337        14         9
31       342       311         4
332       345        13         1
340       343         3         3
243       340        97         6
336       340         4         6
337       344         7         2
331       344        13         2
344       345         1         1
318       331        13        15
325       330         5        16
331       334         3        12
337       341         4         5
335       341         6         5
330       334         4        12
318       334        16        12
340       341         1         5
335       337         2         9
333       335         2        11
332       340         8         6
338       340         2         6
332       337         5         9
337       341         4         5
315       342        27         4
344       345         1         1
336       339         3         7
339       340         1         6
327       344        17         2
202       341       139         5
325       333         8        13
334       343         9         3
341       343         2         3
330       337         7         9
336       340         4         6
344       345         1         1
170       344       174         2
339       345         6         1
316       330        14        16
333       344        11         2
329       342        13         4
343       344         1         2
139       340       201         6
333       343        10         3
340       345         5         1
342       345         3         1
242       340        98         6
331       339         8         7
341       343         2         3
206       343       137         3
321       344        23         2
340       345         5         1
332       338         6         8
338       339         1         7
222       342       120         4
336       344         8         2
332       345        13         1
335       342         7         4
341       344         3         2
240       337        97         9
33       336       303        10
339       342         3         4
334       336         2        10
342       345         3         1
330       345        15         1
344       345         1         1
330       338         8         8
208       343       135         3
331       344        13         2
30       335       305        11
15       334       319        12
24       343       319         3
338       340         2         6
330       339         9         7
332       336         4        10
338       344         6         2
207       342       135         4
341       345         4         1
337       343         6         3
339       340         1         6
326       343        17         3
334       336         2        10
338       344         6         2
341       344         3         2
327       336         9        10
339       343         4         3
330       341        11         5
343       344         1         2
202       338       136         8
313       344        31         2
333       345        12         1
319       334        15        12
324       337        13         9
331       338         7         8
338       345         7         1
336       339         3         7
202       345       143         1
338       344         6         2
331       333         2        13
328       336         8        10
336       339         3         7
339       344         5         2
318       344        26         2
329       338         9         8
173       341       168         5
28       338       310         8
334       343         9         3
336       345         9         1
335       344         9         2
319       341        22         5
336       344         8         2
22       344       322         2
341       343         2         3
327       336         9        10
334       335         1        11
341       343         2         3
340       342         2         4
323       344        21         2
333       340         7         6
304       340        36         6
231       339       108         7
315       330        15        16
315       318         3        28
32       338       306         8
322       345        23         1
326       343        17         3
340       341         1         5
137       336       199        10
334       337         3         9
336       340         4         6
323       344        21         2
341       344         3         2
339       342         3         4
31       331       300        15
341       344         3         2
332       333         1        13
334       336         2        10
323       345        22         1
337       345         8         1
342       343         1         3
334       341         7         5
329       342        13         4
25       330       305        16
344       345         1         1
344       345         1         1
23       343       320         3
344       345         1         1
331       337         6         9
331       341        10         5
339       341         2         5
327       341        14         5
139       340       201         6
169       343       174         3
326       335         9        11
342       344         2         2
330       341        11         5
323       328         5        18
328       340        12         6
335       344         9         2
329       343        14         3
338       345         7         1
334       343         9         3
332       338         6         8
330       345        15         1
336       339         3         7
321       339        18         7
33       340       307         6
330       337         7         9
333       345        12         1
332       345        13         1
335       338         3         8
338       342         4         4
343       344         1         2
163       344       181         2
340       344         4         2
333       343        10         3
315       338        23         8
33       336       303        10
22       335       313        11
335       345        10         1
138       333       195        13
329       337         8         9
244       337        93         9
172       345       173         1
195       338       143         8
336       340         4         6
333       344        11         2
26       343       317         3
335       336         1        10
236       343       107         3
338       343         5         3
337       339         2         7
32       343       311         3
334       345        11         1
340       342         2         4
339       341         2         5
170       340       170         6
339       341         2         5
340       345         5         1
329       333         4        13
173       328       155        18
32       240       208       106
323       344        21         2
338       339         1         7
339       343         4         3
332       344        12         2
343       345         2         1
330       338         8         8
339       340         1         6
33       344       311         2
324       345        21         1
338       341         3         5
314       342        28         4
334       344        10         2
343       345         2         1
322       344        22         2
329       345        16         1
12       335       323        11
336       337         1         9
330       331         1        15
326       342        16         4
334       341         7         5
27       345       318         1
326       341        15         5
337       342         5         4
341       343         2         3
337       342         5         4
207       334       127        12
335       339         4         7
337       341         4         5
326       345        19         1
333       345        12         1
332       341         9         5
207       341       134         5
206       337       131         9
344       345         1         1
343       345         2         1
326       338        12         8
342       344         2         2
334       337         3         9
201       336       135        10
340       343         3         3
329       344        15         2
338       341         3         5
170       190        20       156
336       342         6         4
30       339       309         7
326       342        16         4
341       344         3         2
242       345       103         1
339       342         3         4
228       331       103        15
336       345         9         1
332       334         2        12
242       334        92        12
344       345         1         1
329       334         5        12
339       341         2         5
335       345        10         1
332       345        13         1
328       339        11         7
336       339         3         7
339       341         2         5
334       343         9         3
32       345       313         1
344       345         1         1
328       343        15         3
334       340         6         6
344       345         1         1
342       343         1         3
33       339       306         7
343       344         1         2
331       339         8         7
335       336         1        10
341       343         2         3
25       333       308        13
334       345        11         1
32       240       208       106
332       335         3        11
340       342         2         4
341       342         1         4
331       337         6         9
206       343       137         3
341       343         2         3
333       343        10         3
311       339        28         7
173       329       156        17
22       345       323         1
333       344        11         2
171       329       158        17
139       342       203         4
335       337         2         9
32       345       313         1
342       345         3         1
19       206       187       140
334       342         8         4
331       337         6         9
332       343        11         3
311       339        28         7
321       330         9        16
330       339         9         7
342       345         3         1
340       341         1         5
335       342         7         4
340       344         4         2
324       330         6        16
321       336        15        10
336       341         5         5
238       338       100         8
329       344        15         2
332       342        10         4
336       337         1         9
338       343         5         3
327       328         1        18
329       342        13         4
337       345         8         1
333       344        11         2
337       345         8         1
335       342         7         4
343       345         2         1
344       345         1         1
242       340        98         6
338       344         6         2
315       342        27         4
28       332       304        14
339       341         2         5
323       334        11        12
172       325       153        21
318       341        23         5
332       341         9         5
339       345         6         1
335       339         4         7
16       344       328         2
137       345       208         1
340       341         1         5
340       343         3         3
335       337         2         9
198       345       147         1
338       343         5         3
28       337       309         9
336       339         3         7
338       344         6         2
338       342         4         4
332       340         8         6
338       339         1         7
337       341         4         5
337       340         3         6
338       343         5         3
324       337        13         9
172       345       173         1
337       339         2         7
325       328         3        18
338       343         5         3
31       335       304        11
333       339         6         7
328       334         6        12
344       345         1         1
333       342         9         4
28       345       317         1
171       337       166         9
209       334       125        12
321       331        10        15
16       339       323         7
31        34         3       312
342       343         1         3
174       345       171         1
324       332         8        14
158       339       181         7
336       345         9         1
324       339        15         7
201       331       130        15
331       342        11         4
331       345        14         1
173       345       172         1
343       345         2         1
334       343         9         3
330       338         8         8
22       342       320         4
331       339         8         7
13       332       319        14
