300       313        13         1
301       305         4         9
301       305         4         9
300       301         1        13
303       309         6         5
283       310        27         4
21       300       279        14
310       311         1         3
302       306         4         8
299       304         5        10
311       312         1         2
302       312        10         2
305       307         2         7
295       307        12         7
307       310         3         4
308       313         5         1
309       310         1         4
295       301         6        13
20       309       289         5
311       313         2         1
294       305        11         9
309       312         3         2
288       304        16        10
286       291         5        23
296       310        14         4
293       297         4        17
311       313         2         1
23       311       288         3
28       306       278         8
291       298         7        16
309       311         2         3
289       306        17         8
296       310        14         4
305       308         3         6
292       312        20         2
269       301        32        13
307       311         4         3
28       302       274        12
292       304        12        10
312       313         1         1
306       308         2         6
296       310        14         4
306       311         5         3
307       309         2         5
301       310         9         4
22       312       290         2
308       310         2         4
309       312         3         2
304       308         4         6
282       299        17        15
307       309         2         5
297       311        14         3
301       312        11         2
306       312         6         2
294       309        15         5
28       312       284         2
297       305         8         9
298       307         9         7
304       313         9         1
284       303        19        11
309       312         3         2
305       307         2         7
295       313        18         1
27       301       274        13
20       313       293         1
306       309         3         5
297       313        16         1
309       313         4         1
285       295        10        19
26       310       284         4
306       308         2         6
26       312       286         2
24       313       289         1
278       293        15        21
289       311        22         3
308       310         2         4
308       312         4         2
301       312        11         2
301       306         5         8
306       309         3         5
293       301         8        13
277       301        24        13
298       303         5        11
284       310        26         4
304       308         4         6
274       294        20        20
293       300         7        14
299       309        10         5
16       308       292         6
311       313         2         1
307       311         4         3
309       313         4         1
173       307       134         7
307       308         1         6
312       313         1         1
303       313        10         1
286       306        20         8
303       309         6         5
290       309        19         5
311       312         1         2
290       310        20         4
299       303         4        11
300       309         9         5
283       292         9        22
304       312         8         2
279       305        26         9
301       309         8         5
304       308         4         6
282       313        31         1
25       303       278        11
311       312         1         2
294       297         3        17
302       309         7         5
299       311        12         3
289       305        16         9
291       308        17         6
292       304        12        10
300       310        10         4
298       302         4        12
284       301        17        13
303       312         9         2
281       311        30         3
292       304        12        10
299       305         6         9
311       312         1         2
303       311         8         3
300       310        10         4
11       303       292        11
28       309       281         5
312       313         1         1
307       308         1         6
300       313        13         1
298       308        10         6
301       311        10         3
294       311        17         3
312       313         1         1
309       311         2         3
300       313        13         1
304       307         3         7
284       313        29         1
292       309        17         5
311       313         2         1
277       286         9        28
296       311        15         3
308       313         5         1
294       305        11         9
27       293       266        21
292       302        10        12
303       313        10         1
300       310        10         4
22       307       285         7
291       299         8        15
311       312         1         2
282       310        28         4
295       300         5        14
17       311       294         3
302       305         3         9
300       306         6         8
302       305         3         9
301       310         9         4
310       311         1         3
282       310        28         4
307       313         6         1
274       312        38         2
296       304         8        10
303       312         9         2
267       270         3        44
296       308        12         6
308       312         4         2
309       313         4         1
299       308         9         6
304       313         9         1
303       310         7         4
304       311         7         3
291       313        22         1
288       304        16        10
290       295         5        19
310       311         1         3
305       311         6         3
294       305        11         9
306       313         7         1
15       308       293         6
26       305       279         9
19       300       281        14
279       313        34         1
279       298        19        16
295       306        11         8
22       298       276        16
281       286         5        28
299       307         8         7
26       311       285         3
304       305         1         9
310       313         3         1
298       300         2        14
28       311       283         3
310       313         3         1
285       311        26         3
310       312         2         2
305       311         6         3
311       313         2         1
308       313         5         1
25       297       272        17
310       313         3         1
305       306         1         8
296       311        15         3
300       310        10         4
302       307         5         7
298       304         6        10
28       300       272        14
295       309        14         5
310       312         2         2
307       310         3         4
306       313         7         1
286       308        22         6
297       306         9         8
305       307         2         7
289       313        24         1
300       306         6         8
27       296       269        18
310       312         2         2
301       311        10         3
292       309        17         5
309       310         1         4
285       313        28         1
308       309         1         5
311       312         1         2
300       307         7         7
293       295         2        19
293       312        19         2
286       312        26         2
292       312        20         2
305       313         8         1
307       312         5         2
292       299         7        15
307       310         3         4
298       300         2        14
20       308       288         6
307       313         6         1
303       312         9         2
300       310        10         4
289       294         5        20
294       312        18         2
303       307         4         7
283       298        15        16
254       311        57         3
306       311         5         3
295       297         2        17
292       294         2        20
297       313        16         1
295       303         8        11
307       312         5         2
307       310         3         4
309       311         2         3
306       308         2         6
282       289         7        25
305       311         6         3
302       304         2        10
295       299         4        15
302       304         2        10
300       310        10         4
306       307         1         7
289       305        16         9
17       309       292         5
307       310         3         4
301       308         7         6
300       301         1        13
302       306         4         8
11       302       291        12
15       301       286        13
305       312         7         2
271       299        28        15
307       309         2         5
297       301         4        13
299       302         3        12
172       310       138         4
306       312         6         2
6       309       303         5
308       310         2         4
285       299        14        15
306       307         1         7
304       309         5         5
298       304         6        10
170       303       133        11
312       313         1         1
297       304         7        10
307       313         6         1
305       308         3         6
294       311        17         3
300       310        10         4
296       311        15         3
25       288       263        26
311       312         1         2
301       304         3        10
287       310        23         4
297       300         3        14
301       308         7         6
295       310        15         4
294       301         7        13
307       312         5         2
309       310         1         4
288       307        19         7
172       312       140         2
279       301        22        13
311       313         2         1
305       311         6         3
302       308         6         6
312       313         1         1
22       311       289         3
279       310        31         4
289       309        20         5
298       305         7         9
302       312        10         2
286       303        17        11
289       292         3        22
26       312       286         2
306       312         6         2
307       313         6         1
305       312         7         2
303       306         3         8
290       300        10        14
263       308        45         6
304       307         3         7
309       311         2         3
303       309         6         5
13       298       285        16
312       313         1         1
295       313        18         1
300       308         8         6
284       313        29         1
292       307        15         7
23       313       290         1
304       313         9         1
291       307        16         7
311       312         1         2
302       311         9         3
311       312         1         2
306       313         7         1
301       309         8         5
309       310         1         4
171       304       133        10
311       313         2         1
25       302       277        12
311       312         1         2
292       299         7        15
309       311         2         3
309       312         3         2
301       304         3        10
294       307        13         7
301       304         3        10
302       313        11         1
286       301        15        13
292       295         3        19
299       310        11         4
289       311        22         3
290       300        10        14
172       305       133         9
309       312         3         2
24       313       289         1
306       312         6         2
288       312        24         2
300       310        10         4
309       312         3         2
303       310         7         4
20       307       287         7
26       309       283         5
295       306        11         8
301       313        12         1
290       301        11        13
299       310        11         4
28       310       282         4
299       303         4        11
290       299         9        15
21       288       267        26
300       303         3        11
295       296         1        18
295       306        11         8
303       311         8         3
306       311         5         3
284       309        25         5
299       308         9         6
303       308         5         6
304       308         4         6
290       306        16         8
295       305        10         9
298       313        15         1
302       306         4         8
290       313        23         1
280       300        20        14
279       311        32         3
291       296         5        18
311       313         2         1
306       308         2         6
28       304       276        10
283       297        14        17
291       300         9        14
301       313        12         1
288       310        22         4
311       312         1         2
301       312        11         2
25       301       276        13
280       313        33         1
292       295         3        19
302       306         4         8
293       297         4        17
300       308         8         6
296       300         4        14
23       311       288         3
312       313         1         1
304       308         4         6
293       304        11        10
307       312         5         2
266       300        34        14
291       300         9        14
301       312        11         2
282       312        30         2
300       312        12         2
304       309         5         5
310       311         1         3
309       311         2         3
266       281        15        33
26       312       286         2
308       309         1         5
302       311         9         3
288       289         1        25
304       306         2         8
304       313         9         1
271       301        30        13
312       313         1         1
20       311       291         3
173       310       137         4
303       311         8         3
301       306         5         8
308       311         3         3
289       311        22         3
299       303         4        11
307       309         2         5
305       307         2         7
304       308         4         6
303       310         7         4
295       312        17         2
306       308         2         6
307       313         6         1
301       304         3        10
304       305         1         9
301       310         9         4
287       298        11        16
307       313         6         1
298       310        12         4
292       305        13         9
309       310         1         4
294       313        19         1
307       310         3         4
301       305         4         9
305       308         3         6
308       313         5         1
298       299         1        15
307       313         6         1
300       310        10         4
285       310        25         4
310       313         3         1
28       311       283         3
307       313         6         1
310       313         3         1
306       308         2         6
28       298       270        16
295       312        17         2
284       307        23         7
290       292         2        22
25       291       266        23
312       313         1         1
308       313         5         1
302       312        10         2
312       313         1         1
26       304       278        10
306       308         2         6
294       297         3        17
312       313         1         1
311       312         1         2
310       311         1         3
306       311         5         3
310       312         2         2
302       307         5         7
309       312         3         2
306       307         1         7
22       301       279        13
171       293       122        21
294       313        19         1
289       308        19         6
300       304         4        10
301       307         6         7
300       302         2        12
298       300         2        14
300       313        13         1
278       308        30         6
307       312         5         2
289       302        13        12
297       308        11         6
292       299         7        15
307       311         4         3
304       309         5         5
309       313         4         1
303       311         8         3
295       311        16         3
300       307         7         7
297       311        14         3
300       306         6         8
170       306       136         8
308       312         4         2
289       304        15        10
302       309         7         5
277       306        29         8
290       298         8        16
307       311         4         3
300       301         1        13
310       312         2         2
282       311        29         3
306       313         7         1
299       311        12         3
300       313        13         1
277       303        26        11
307       311         4         3
308       313         5         1
302       303         1        11
297       309        12         5
260       313        53         1
309       311         2         3
18       312       294         2
287       293         6        21
298       307         9         7
301       309         8         5
303       308         5         6
299       312        13         2
294       310        16         4
303       305         2         9
286       289         3        25
297       303         6        11
296       300         4        14
5       313       308         1
292       307        15         7
295       301         6        13
308       309         1         5
306       311         5         3
269       293        24        21
310       313         3         1
305       308         3         6
293       309        16         5
307       308         1         6
309       311         2         3
274       311        37         3
297       299         2        15
310       313         3         1
274       290        16        24
295       310        15         4
307       311         4         3
308       310         2         4
270       287        17        27
27       297       270        17
309       310         1         4
290       302        12        12
310       311         1         3
304       312         8         2
302       307         5         7
293       308        15         6
307       310         3         4
307       313         6         1
292       310        18         4
306       313         7         1
304       307         3         7
298       303         5        11
302       306         4         8
280       287         7        27
301       304         3        10
5       313       308         1
297       310        13         4
311       313         2         1
302       313        11         1
294       299         5        15
310       313         3         1
295       301         6        13
311       312         1         2
290       299         9        15
169       307       138         7
310       311         1         3
311       312         1         2
301       309         8         5
298       307         9         7
288       311        23         3
312       313         1         1
305       307         2         7
300       307         7         7
290       305        15         9
296       304         8        10
298       299         1        15
299       311        12         3
304       305         1         9
307       313         6         1
27       304       277        10
307       312         5         2
308       309         1         5
311       312         1         2
302       311         9         3
310       313         3         1
304       309         5         5
305       309         4         5
299       313        14         1
284       303        19        11
302       308         6         6
28       313       285         1
302       304         2        10
304       311         7         3
289       295         6        19
296       307        11         7
10       306       296         8
305       307         2         7
287       309        22         5
307       311         4         3
307       313         6         1
308       313         5         1
302       313        11         1
300       306         6         8
298       299         1        15
294       296         2        18
309       311         2         3
305       308         3         6
295       307        12         7
302       312        10         2
21       310       289         4
22       312       290         2
306       308         2         6
284       308        24         6
309       312         3         2
307       313         6         1
171       297       126        17
302       312        10         2
305       311         6         3
16       299       283        15
303       310         7         4
306       310         4         4
303       307         4         7
308       311         3         3
269       279        10        35
292       300         8        14
302       311         9         3
282       309        27         5
296       312        16         2
307       313         6         1
307       310         3         4
277       298        21        16
26       305       279         9
27       308       281         6
311       313         2         1
308       310         2         4
301       311        10         3
304       311         7         3
308       311         3         3
288       301        13        13
297       301         4        13
310       311         1         3
311       313         2         1
306       312         6         2
24       308       284         6
310       311         1         3
24       307       283         7
277       303        26        11
23       304       281        10
287       296         9        18
289       303        14        11
269       280        11        34
297       302         5        12
290       313        23         1
309       310         1         4
302       308         6         6
280       292        12        22
266       302        36        12
308       311         3         3
288       306        18         8
286       312        26         2
295       307        12         7
287       306        19         8
311       313         2         1
297       300         3        14
298       302         4        12
303       306         3         8
27       310       283         4
310       311         1         3
297       308        11         6
302       309         7         5
301       313        12         1
292       305        13         9
286       288         2        26
310       312         2         2
312       313         1         1
282       301        19        13
301       306         5         8
304       310         6         4
309       310         1         4
17       297       280        17
171       310       139         4
27       312       285         2
310       311         1         3
296       307        11         7
307       308         1         6
282       300        18        14
20       310       290         4
24       304       280        10
287       295         8        19
287       307        20         7
289       311        22         3
297       313        16         1
303       308         5         6
24       309       285         5
300       311        11         3
311       313         2         1
301       307         6         7
292       306        14         8
307       310         3         4
272       291        19        23
22       303       281        11
298       308        10         6
302       313        11         1
299       301         2        13
28       304       276        10
25       300       275        14
306       311         5         3
287       313        26         1
294       309        15         5
307       313         6         1
308       310         2         4
307       312         5         2
311       312         1         2
281       298        17        16
308       310         2         4
304       310         6         4
307       309         2         5
285       299        14        15
303       311         8         3
301       305         4         9
299       301         2        13
301       308         7         6
307       312         5         2
289       297         8        17
297       309        12         5
303       308         5         6
312       313         1         1
299       301         2        13
310       313         3         1
309       313         4         1
18       311       293         3
295       300         5        14
307       312         5         2
312       313         1         1
265       307        42         7
297       311        14         3
294       309        15         5
302       312        10         2
303       309         6         5
301       310         9         4
282       313        31         1
304       312         8         2
298       300         2        14
21       313       292         1
307       313         6         1
290       312        22         2
311       312         1         2
312       313         1         1
302       311         9         3
307       313         6         1
309       312         3         2
298       310        12         4
311       313         2         1
277       282         5        32
24       304       280        10
298       311        13         3
300       301         1        13
295       311        16         3
298       302         4        12
305       308         3         6
292       305        13         9
311       312         1         2
312       313         1         1
312       313         1         1
296       312        16         2
311       313         2         1
312       313         1         1
290       313        23         1
293       312        19         2
300       307         7         7
12       299       287        15
301       308         7         6
299       305         6         9
298       303         5        11
311       313         2         1
307       312         5         2
301       309         8         5
294       305        11         9
294       309        15         5
310       311         1         3
293       295         2        19
290       313        23         1
304       311         7         3
302       308         6         6
295       311        16         3
303       306         3         8
305       311         6         3
306       310         4         4
296       305         9         9
305       311         6         3
301       313        12         1
297       308        11         6
309       313         4         1
309       312         3         2
303       312         9         2
300       303         3        11
171       304       133        10
305       312         7         2
300       313        13         1
308       312         4         2
310       312         2         2
308       310         2         4
290       309        19         5
296       313        17         1
265       290        25        24
304       308         4         6
305       313         8         1
298       302         4        12
306       312         6         2
297       304         7        10
285       308        23         6
308       309         1         5
307       310         3         4
301       313        12         1
289       293         4        21
296       312        16         2
309       312         3         2
298       304         6        10
303       312         9         2
170       273       103        41
278       284         6        30
308       312         4         2
293       300         7        14
297       312        15         2
306       309         3         5
308       313         5         1
23       263       240        51
291       306        15         8
307       310         3         4
299       303         4        11
310       311         1         3
289       304        15        10
312       313         1         1
301       303         2        11
299       308         9         6
300       310        10         4
16       171       155       143
300       313        13         1
299       313        14         1
280       286         6        28
18       305       287         9
268       281        13        33
297       311        14         3
304       313         9         1
6       309       303         5
312       313         1         1
294       311        17         3
299       305         6         9
297       313        16         1
15        25        10       289
285       302        17        12
286       309        23         5
23       311       288         3
290       308        18         6
308       310         2         4
311       312         1         2
278       307        29         7
299       304         5        10
304       312         8         2
9       313       304         1
306       313         7         1
299       309        10         5
294       304        10        10
308       311         3         3
307       309         2         5
305       311         6         3
309       313         4         1
312       313         1         1
304       305         1         9
296       300         4        14
299       307         8         7
297       308        11         6
302       307         5         7
303       307         4         7
15       309       294         5
306       307         1         7
298       301         3        13
298       303         5        11
298       299         1        15
300       308         8         6
297       309        12         5
306       310         4         4
307       309         2         5
293       304        11        10
303       310         7         4
302       313        11         1
311       312         1         2
284       286         2        28
289       298         9        16
307       313         6         1
173       292       119        22
305       310         5         4
308       310         2         4
284       288         4        26
308       311         3         3
308       310         2         4
304       305         1         9
302       308         6         6
301       312        11         2
296       310        14         4
288       291         3        23
292       311        19         3
307       308         1         6
306       311         5         3
307       308         1         6
308       310         2         4
308       309         1         5
306       308         2         6
297       298         1        16
301       309         8         5
171       306       135         8
26       296       270        18
272       274         2        40
291       294         3        20
304       310         6         4
310       312         2         2
280       284         4        30
257       300        43        14
311       313         2         1
302       305         3         9
307       311         4         3
172       309       137         5
309       313         4         1
263       293        30        21
19       311       292         3
304       307         3         7
300       313        13         1
26       304       278        10
299       308         9         6
311       312         1         2
293       298         5        16
308       311         3         3
310       311         1         3
305       310         5         4
296       305         9         9
305       312         7         2
289       309        20         5
310       313         3         1
307       313         6         1
305       309         4         5
290       294         4        20
303       309         6         5
309       310         1         4
299       308         9         6
297       307        10         7
294       304        10        10
296       297         1        17
300       305         5         9
302       312        10         2
24       303       279        11
26       293       267        21
305       306         1         8
309       310         1         4
172       294       122        20
301       313        12         1
303       310         7         4
312       313         1         1
297       304         7        10
297       307        10         7
301       309         8         5
299       301         2        13
288       292         4        22
302       311         9         3
305       311         6         3
297       300         3        14
12       302       290        12
26       292       266        22
309       312         3         2
297       307        10         7
21        28         7       286
305       313         8         1
291       305        14         9
308       313         5         1
310       313         3         1
299       311        12         3
289       302        13        12
295       305        10         9
302       309         7         5
280       288         8        26
312       313         1         1
292       307        15         7
308       310         2         4
306       311         5         3
