411       419         8         3
405       411         6        11
397       414        17         8
403       415        12         7
49       379       330        43
254       419       165         3
51       403       352        19
408       409         1        13
401       413        12         9
414       416         2         6
412       421         9         1
416       421         5         1
412       421         9         1
388       413        25         9
417       418         1         4
419       421         2         1
403       414        11         8
412       419         7         3
257       419       162         3
391       404        13        18
310       411       101        11
200       418       218         4
408       418        10         4
397       409        12        13
43       401       358        21
256       415       159         7
409       415         6         7
408       411         3        11
408       416         8         6
418       421         3         1
416       417         1         5
409       420        11         2
418       421         3         1
418       419         1         3
418       421         3         1
416       418         2         4
417       421         4         1
47       420       373         2
399       400         1        22
203       420       217         2
395       403         8        19
416       419         3         3
406       409         3        13
50       402       352        20
406       418        12         4
412       421         9         1
410       417         7         5
393       421        28         1
403       406         3        16
412       413         1         9
419       420         1         2
411       415         4         7
400       421        21         1
403       415        12         7
396       419        23         3
418       419         1         3
400       412        12        10
415       419         4         3
418       421         3         1
409       419        10         3
43       419       376         3
392       405        13        17
402       419        17         3
406       408         2        14
402       417        15         5
408       420        12         2
404       411         7        11
203       411       208        11
420       421         1         1
414       417         3         5
49       408       359        14
383       419        36         3
416       420         4         2
410       415         5         7
400       421        21         1
406       415         9         7
306       416       110         6
51       407       356        15
405       418        13         4
406       419        13         3
414       420         6         2
415       418         3         4
414       421         7         1
243       421       178         1
408       417         9         5
391       409        18        13
388       421        33         1
408       416         8         6
417       418         1         4
403       415        12         7
48       418       370         4
397       418        21         4
415       418         3         4
303       421       118         1
406       413         7         9
419       421         2         1
419       421         2         1
400       401         1        21
419       420         1         2
420       421         1         1
407       420        13         2
399       416        17         6
203       420       217         2
195       404       209        18
420       421         1         1
419       421         2         1
416       421         5         1
418       421         3         1
231       420       189         2
40       417       377         5
258       420       162         2
411       421        10         1
414       417         3         5
419       421         2         1
402       413        11         9
310       419       109         3
403       405         2        17
382       415        33         7
415       417         2         5
416       417         1         5
389       416        27         6
410       412         2        10
256       417       161         5
417       418         1         4
401       419        18         3
411       418         7         4
413       416         3         6
407       421        14         1
406       418        12         4
251       412       161        10
410       421        11         1
205       417       212         5
398       414        16         8
413       420         7         2
393       395         2        27
414       416         2         6
402       417        15         5
406       409         3        13
414       419         5         3
414       418         4         4
413       417         4         5
377       410        33        12
417       420         3         2
404       413         9         9
310       402        92        20
46       419       373         3
402       406         4        16
403       419        16         3
405       416        11         6
409       416         7         6
51       405       354        17
397       412        15        10
394       408        14        14
405       416        11         6
407       410         3        12
404       415        11         7
418       419         1         3
399       420        21         2
414       417         3         5
409       413         4         9
383       399        16        23
404       417        13         5
408       415         7         7
389       408        19        14
397       411        14        11
51       415       364         7
258       421       163         1
403       421        18         1
412       419         7         3
391       410        19        12
255       421       166         1
42       409       367        13
419       420         1         2
259       420       161         2
410       421        11         1
410       421        11         1
44       402       358        20
409       420        11         2
413       416         3         6
417       421         4         1
414       421         7         1
414       421         7         1
306       407       101        15
405       420        15         2
49       416       367         6
400       401         1        21
30       416       386         6
238       415       177         7
407       419        12         3
406       415         9         7
46       414       368         8
409       414         5         8
197       411       214        11
419       420         1         2
34       421       387         1
415       416         1         6
387       414        27         8
416       419         3         3
39       414       375         8
418       421         3         1
418       421         3         1
41       413       372         9
420       421         1         1
402       416        14         6
414       415         1         7
416       419         3         3
389       417        28         5
412       413         1         9
403       421        18         1
384       407        23        15
33       420       387         2
413       419         6         3
403       420        17         2
50       419       369         3
257       418       161         4
51       258       207       164
412       417         5         5
412       416         4         6
407       421        14         1
404       413         9         9
51       298       247       124
255       417       162         5
47       404       357        18
410       420        10         2
395       410        15        12
408       415         7         7
409       420        11         2
205       421       216         1
411       418         7         4
403       409         6        13
391       421        30         1
397       410        13        12
402       420        18         2
408       418        10         4
51       410       359        12
199       417       218         5
408       417         9         5
397       400         3        22
411       420         9         2
416       420         4         2
408       418        10         4
413       419         6         3
406       416        10         6
50       412       362        10
396       412        16        10
396       407        11        15
394       413        19         9
417       420         3         2
413       415         2         7
407       408         1        14
418       420         2         2
400       403         3        19
414       419         5         3
405       411         6        11
48       413       365         9
420       421         1         1
410       412         2        10
408       414         6         8
42       383       341        39
413       416         3         6
412       421         9         1
408       417         9         5
409       415         6         7
51       408       357        14
403       411         8        11
416       420         4         2
411       421        10         1
416       417         1         5
311       411       100        11
401       417        16         5
414       418         4         4
399       409        10        13
414       419         5         3
420       421         1         1
410       417         7         5
45       411       366        11
405       413         8         9
420       421         1         1
418       419         1         3
406       409         3        13
410       416         6         6
46       414       368         8
387       411        24        11
404       407         3        15
411       413         2         9
400       410        10        12
412       421         9         1
420       421         1         1
404       406         2        16
388       416        28         6
49       420       371         2
407       413         6         9
203       421       218         1
391       412        21        10
409       420        11         2
396       418        22         4
244       416       172         6
409       420        11         2
415       418         3         4
376       411        35        11
41       384       343        38
49       415       366         7
409       411         2        11
409       414         5         8
401       405         4        17
414       416         2         6
419       421         2         1
404       421        17         1
418       420         2         2
259       419       160         3
51       421       370         1
41       421       380         1
416       420         4         2
415       417         2         5
406       413         7         9
411       419         8         3
254       419       165         3
386       420        34         2
419       421         2         1
413       421         8         1
409       420        11         2
403       420        17         2
413       420         7         2
395       416        21         6
417       419         2         3
49       409       360        13
405       413         8         9
411       420         9         2
416       418         2         4
410       415         5         7
418       421         3         1
406       417        11         5
392       396         4        26
290       414       124         8
413       418         5         4
408       417         9         5
401       407         6        15
204       416       212         6
411       413         2         9
413       420         7         2
401       421        20         1
411       418         7         4
407       414         7         8
201       409       208        13
206       413       207         9
409       421        12         1
389       402        13        20
399       415        16         7
413       420         7         2
416       418         2         4
48       407       359        15
419       420         1         2
414       421         7         1
48       414       366         8
411       413         2         9
404       418        14         4
415       416         1         6
51       421       370         1
386       420        34         2
407       419        12         3
398       399         1        23
369       418        49         4
411       416         5         6
392       410        18        12
385       398        13        24
402       414        12         8
419       420         1         2
407       409         2        13
414       417         3         5
404       420        16         2
395       418        23         4
408       417         9         5
201       408       207        14
413       420         7         2
415       421         6         1
419       421         2         1
405       414         9         8
393       419        26         3
49       420       371         2
408       416         8         6
411       417         6         5
412       417         5         5
402       421        19         1
415       419         4         3
236       420       184         2
400       419        19         3
416       420         4         2
308       410       102        12
205       416       211         6
410       420        10         2
403       414        11         8
49       421       372         1
414       421         7         1
412       419         7         3
415       420         5         2
409       421        12         1
39       417       378         5
45       374       329        48
397       411        14        11
377       383         6        39
412       419         7         3
307       421       114         1
51       421       370         1
309       408        99        14
249       415       166         7
416       420         4         2
50       396       346        26
406       421        15         1
46       421       375         1
418       419         1         3
414       417         3         5
394       397         3        25
405       418        13         4
415       418         3         4
407       419        12         3
39       417       378         5
411       412         1        10
201       420       219         2
416       419         3         3
410       414         4         8
415       420         5         2
311       410        99        12
399       415        16         7
200       419       219         3
49       409       360        13
401       409         8        13
415       416         1         6
362       410        48        12
415       417         2         5
414       418         4         4
411       421        10         1
405       416        11         6
414       417         3         5
389       394         5        28
414       419         5         3
39       421       382         1
406       413         7         9
414       420         6         2
413       415         2         7
402       414        12         8
417       421         4         1
420       421         1         1
206       416       210         6
405       413         8         9
419       421         2         1
405       413         8         9
404       417        13         5
413       421         8         1
408       414         6         8
406       414         8         8
417       419         2         3
412       420         8         2
409       417         8         5
416       421         5         1
47       420       373         2
375       406        31        16
252       410       158        12
377       419        42         3
403       404         1        18
403       419        16         3
305       409       104        13
416       417         1         5
411       420         9         2
417       418         1         4
420       421         1         1
413       420         7         2
406       414         8         8
419       421         2         1
415       421         6         1
406       416        10         6
410       412         2        10
417       418         1         4
24       414       390         8
406       408         2        14
413       420         7         2
401       419        18         3
417       419         2         3
410       415         5         7
410       417         7         5
418       420         2         2
413       414         1         8
409       413         4         9
399       420        21         2
403       416        13         6
417       421         4         1
400       412        12        10
205       418       213         4
403       417        14         5
253       399       146        23
253       415       162         7
416       417         1         5
205       410       205        12
397       417        20         5
201       419       218         3
31       399       368        23
412       421         9         1
51       421       370         1
46       413       367         9
410       421        11         1
414       421         7         1
411       415         4         7
387       407        20        15
407       419        12         3
389       420        31         2
402       408         6        14
191       418       227         4
405       411         6        11
411       415         4         7
414       419         5         3
401       409         8        13
291       419       128         3
409       410         1        12
50       419       369         3
391       404        13        18
404       419        15         3
404       419        15         3
45       417       372         5
38       416       378         6
396       410        14        12
419       421         2         1
245       418       173         4
414       421         7         1
394       421        27         1
51       410       359        12
412       413         1         9
393       420        27         2
413       418         5         4
413       420         7         2
303       419       116         3
418       421         3         1
250       390       140        32
395       398         3        24
409       413         4         9
180       411       231        11
405       416        11         6
49       421       372         1
309       409       100        13
51       307       256       115
413       419         6         3
307       417       110         5
417       420         3         2
420       421         1         1
420       421         1         1
417       419         2         3
419       420         1         2
47       414       367         8
48       415       367         7
41       420       379         2
398       408        10        14
414       421         7         1
397       417        20         5
416       418         2         4
418       421         3         1
406       417        11         5
252       415       163         7
393       412        19        10
251       421       170         1
413       420         7         2
50       399       349        23
406       416        10         6
45       420       375         2
411       416         5         6
416       420         4         2
376       413        37         9
402       415        13         7
396       419        23         3
258       421       163         1
202       403       201        19
414       417         3         5
51       414       363         8
253       421       168         1
413       416         3         6
388       405        17        17
201       413       212         9
413       419         6         3
43       420       377         2
383       417        34         5
379       411        32        11
310       413       103         9
415       418         3         4
416       419         3         3
49       417       368         5
305       397        92        25
259       419       160         3
398       402         4        20
45       416       371         6
403       407         4        15
417       420         3         2
406       409         3        13
406       413         7         9
48       418       370         4
200       301       101       121
254       406       152        16
409       410         1        12
205       414       209         8
404       421        17         1
416       419         3         3
400       411        11        11
413       418         5         4
388       411        23        11
407       412         5        10
418       420         2         2
417       420         3         2
412       415         3         7
420       421         1         1
259       306        47       116
400       421        21         1
306       411       105        11
408       415         7         7
400       420        20         2
402       415        13         7
418       420         2         2
413       421         8         1
43       420       377         2
407       419        12         3
408       414         6         8
253       409       156        13
415       416         1         6
45       417       372         5
402       413        11         9
408       413         5         9
418       420         2         2
392       409        17        13
415       418         3         4
394       412        18        10
374       414        40         8
207       410       203        12
415       419         4         3
417       418         1         4
39       418       379         4
391       399         8        23
207       417       210         5
389       418        29         4
402       414        12         8
45       411       366        11
393       410        17        12
411       418         7         4
410       414         4         8
311       412       101        10
420       421         1         1
205       411       206        11
389       419        30         3
412       419         7         3
420       421         1         1
412       417         5         5
408       415         7         7
410       412         2        10
416       419         3         3
309       412       103        10
414       421         7         1
405       414         9         8
406       421        15         1
377       416        39         6
51       421       370         1
234       416       182         6
204       412       208        10
403       416        13         6
416       421         5         1
51       421       370         1
408       414         6         8
416       419         3         3
258       420       162         2
397       417        20         5
418       419         1         3
201       417       216         5
199       307       108       115
402       415        13         7
413       421         8         1
257       421       164         1
419       421         2         1
411       416         5         6
412       418         6         4
420       421         1         1
394       412        18        10
419       420         1         2
413       416         3         6
418       420         2         2
389       411        22        11
409       415         6         7
201       415       214         7
416       421         5         1
413       421         8         1
418       421         3         1
404       416        12         6
417       419         2         3
417       421         4         1
392       417        25         5
403       407         4        15
419       421         2         1
400       421        21         1
309       410       101        12
394       409        15        13
394       408        14        14
45       406       361        16
389       416        27         6
411       419         8         3
49       420       371         2
415       417         2         5
409       418         9         4
200       421       221         1
204       419       215         3
201       419       218         3
410       417         7         5
407       420        13         2
395       418        23         4
409       421        12         1
249       421       172         1
42       417       375         5
37       406       369        16
418       420         2         2
48       414       366         8
206       407       201        15
413       421         8         1
397       411        14        11
401       416        15         6
413       421         8         1
186       203        17       219
409       420        11         2
412       421         9         1
255       418       163         4
409       417         8         5
206       419       213         3
410       418         8         4
253       401       148        21
390       407        17        15
373       412        39        10
405       407         2        15
420       421         1         1
394       402         8        20
409       415         6         7
418       421         3         1
207       421       214         1
405       411         6        11
415       418         3         4
415       419         4         3
407       416         9         6
413       418         5         4
412       416         4         6
403       413        10         9
404       419        15         3
402       420        18         2
207       404       197        18
418       420         2         2
406       417        11         5
412       421         9         1
403       416        13         6
15       416       401         6
391       410        19        12
408       414         6         8
395       418        23         4
381       406        25        16
409       419        10         3
392       418        26         4
411       416         5         6
402       421        19         1
419       421         2         1
409       420        11         2
415       419         4         3
408       409         1        13
397       415        18         7
413       416         3         6
410       418         8         4
401       418        17         4
394       399         5        23
417       419         2         3
418       420         2         2
255       408       153        14
414       415         1         7
408       416         8         6
397       410        13        12
415       420         5         2
404       412         8        10
407       418        11         4
406       420        14         2
416       418         2         4
311       414       103         8
396       421        25         1
47       395       348        27
408       418        10         4
410       414         4         8
411       416         5         6
401       409         8        13
259       407       148        15
399       417        18         5
289       311        22       111
417       421         4         1
404       420        16         2
51       415       364         7
379       417        38         5
395       403         8        19
410       421        11         1
416       418         2         4
407       421        14         1
411       419         8         3
413       416         3         6
412       415         3         7
246       421       175         1
393       400         7        22
396       400         4        22
413       418         5         4
415       420         5         2
396       400         4        22
414       416         2         6
308       418       110         4
401       420        19         2
401       415        14         7
420       421         1         1
351       394        43        28
254       417       163         5
388       407        19        15
309       382        73        40
411       421        10         1
46       417       371         5
408       421        13         1
400       421        21         1
419       420         1         2
407       420        13         2
255       415       160         7
414       417         3         5
34       406       372        16
411       413         2         9
418       420         2         2
410       416         6         6
402       415        13         7
392       395         3        27
414       419         5         3
414       418         4         4
413       416         3         6
410       419         9         3
203       420       217         2
408       413         5         9
410       412         2        10
413       415         2         7
388       417        29         5
409       417         8         5
46       418       372         4
414       419         5         3
389       411        22        11
418       421         3         1
410       420        10         2
418       420         2         2
410       414         4         8
402       405         3        17
302       417       115         5
412       421         9         1
417       419         2         3
417       420         3         2
383       403        20        19
408       418        10         4
395       404         9        18
416       420         4         2
418       421         3         1
47       419       372         3
416       419         3         3
407       408         1        14
417       421         4         1
405       417        12         5
408       418        10         4
32       311       279       111
38       421       383         1
409       413         4         9
390       409        19        13
38       418       380         4
401       414        13         8
24       411       387        11
400       401         1        21
292       421       129         1
396       400         4        22
402       413        11         9
306       420       114         2
394       415        21         7
411       414         3         8
202       306       104       116
414       421         7         1
408       415         7         7
407       417        10         5
412       415         3         7
408       419        11         3
400       413        13         9
416       419         3         3
418       421         3         1
402       403         1        19
307       419       112         3
409       413         4         9
207       419       212         3
405       420        15         2
414       420         6         2
39       421       382         1
388       405        17        17
412       420         8         2
419       421         2         1
408       415         7         7
407       413         6         9
405       413         8         9
393       401         8        21
414       418         4         4
417       420         3         2
397       421        24         1
398       411        13        11
401       418        17         4
404       415        11         7
414       420         6         2
301       401       100        21
380       404        24        18
411       419         8         3
420       421         1         1
44       410       366        12
50       410       360        12
194       308       114       114
410       415         5         7
409       416         7         6
401       405         4        17
399       410        11        12
415       419         4         3
419       421         2         1
402       403         1        19
27       415       388         7
408       410         2        12
50       396       346        26
398       418        20         4
415       421         6         1
418       421         3         1
401       420        19         2
397       414        17         8
393       401         8        21
51       421       370         1
48       420       372         2
401       412        11        10
392       394         2        28
417       419         2         3
402       414        12         8
413       421         8         1
258       420       162         2
418       421         3         1
399       418        19         4
419       421         2         1
311       412       101        10
409       419        10         3
413       419         6         3
417       420         3         2
416       421         5         1
406       421        15         1
402       411         9        11
409       413         4         9
403       416        13         6
410       416         6         6
411       419         8         3
418       421         3         1
206       392       186        30
415       417         2         5
407       412         5        10
257       399       142        23
419       421         2         1
414       417         3         5
413       416         3         6
418       421         3         1
51       420       369         2
203       419       216         3
402       420        18         2
202       407       205        15
203       413       210         9
409       414         5         8
394       416        22         6
413       415         2         7
414       420         6         2
419       421         2         1
418       420         2         2
411       421        10         1
401       421        20         1
419       421         2         1
416       421         5         1
366       409        43        13
418       420         2         2
404       414        10         8
418       421         3         1
409       419        10         3
410       414         4         8
411       419         8         3
182       399       217        23
410       412         2        10
413       421         8         1
410       412         2        10
51       420       369         2
413       418         5         4
419       421         2         1
45       401       356        21
202       415       213         7
411       421        10         1
408       420        12         2
410       421        11         1
393       421        28         1
411       417         6         5
409       413         4         9
256       414       158         8
414       421         7         1
44       414       370         8
412       421         9         1
47       417       370         5
394       416        22         6
409       414         5         8
