258       387       129        20
41       406       365         1
397       402         5         5
386       403        17         4
388       395         7        12
206       405       199         2
207       401       194         6
400       402         2         5
390       402        12         5
394       400         6         7
394       406        12         1
402       403         1         4
401       403         2         4
48       381       333        26
257       404       147         3
400       404         4         3
387       399        12         8
362       383        21        24
401       404         3         3
206       406       200         1
308       398        90         9
302       392        90        15
395       402         7         5
401       404         3         3
404       406         2         1
384       403        19         4
378       404        26         3
397       405         8         2
405       406         1         1
399       402         3         5
198       393       195        14
403       404         1         3
203       399       196         8
24       404       380         3
403       406         3         1
203       392       189        15
403       405         2         2
149       405       256         2
402       405         3         2
257       405       148         2
207       405       198         2
311       403        92         4
189       398       209         9
397       403         6         4
399       402         3         5
390       406        16         1
398       406         8         1
32       404       372         3
399       400         1         7
392       399         7         8
27       383       356        24
399       402         3         5
399       403         4         4
398       402         4         5
384       401        17         6
387       405        18         2
259       404       145         3
399       403         4         4
153       396       243        11
398       406         8         1
399       406         7         1
392       397         5        10
394       400         6         7
401       406         5         1
152       191        39       216
395       406        11         1
401       405         4         2
401       404         3         3
395       404         9         3
395       398         3         9
254       396       142        11
242       400       158         7
155       405       250         2
405       406         1         1
394       406        12         1
46       398       352         9
403       405         2         2
393       394         1        13
154       397       243        10
379       397        18        10
28       405       377         2
404       406         2         1
402       403         1         4
403       405         2         2
385       391         6        16
249       395       146        12
386       387         1        20
395       405        10         2
379       381         2        26
392       404        12         3
392       405        13         2
399       405         6         2
397       401         4         6
389       392         3        15
404       405         1         2
400       404         4         3
308       403        95         4
399       405         6         2
258       403       145         4
50       404       354         3
311       406        95         1
387       404        17         3
405       406         1         1
402       406         4         1
387       400        13         7
402       406         4         1
400       405         5         2
392       399         7         8
50       405       355         2
398       399         1         8
402       405         3         2
259       402       143         5
397       404         7         3
147       404       257         3
388       406        18         1
387       404        17         3
301       399        98         8
399       403         4         4
390       401        11         6
400       406         6         1
401       406         5         1
390       398         8         9
51       399       348         8
403       406         3         1
394       405        11         2
400       406         6         1
200       404       204         3
404       406         2         1
403       404         1         3
394       402         8         5
385       398        13         9
49       399       350         8
393       403        10         4
404       406         2         1
396       404         8         3
29       370       341        37
252       397       145        10
51       405       354         2
391       394         3        13
400       406         6         1
149       402       253         5
48       404       356         3
148       400       252         7
399       404         5         3
381       393        12        14
377       406        29         1
393       401         8         6
399       400         1         7
397       406         9         1
383       406        23         1
405       406         1         1
372       396        24        11
401       405         4         2
386       401        15         6
371       403        32         4
394       406        12         1
309       405        96         2
399       401         2         6
404       406         2         1
379       404        25         3
390       406        16         1
404       406         2         1
401       404         3         3
255       401       146         6
46       397       351        10
395       396         1        11
395       405        10         2
400       405         5         2
391       404        13         3
401       405         4         2
382       402        20         5
309       374        65        33
399       400         1         7
305       406       101         1
254       405       151         2
28       404       376         3
398       401         3         6
396       404         8         3
282       386       104        21
383       405        22         2
386       398        12         9
382       404        22         3
248       400       152         7
394       404        10         3
398       399         1         8
400       406         6         1
45       397       352        10
396       406        10         1
394       396         2        11
403       406         3         1
259       406       147         1
403       406         3         1
391       404        13         3
259       402       143         5
51       391       340        16
384       388         4        19
403       404         1         3
400       402         2         5
385       389         4        18
395       398         3         9
393       400         7         7
396       403         7         4
400       403         3         4
151       404       253         3
399       402         3         5
402       403         1         4
387       405        18         2
393       406        13         1
43       393       350        14
403       404         1         3
402       403         1         4
401       405         4         2
397       406         9         1
251       405       154         2
399       403         4         4
373       405        32         2
401       403         2         4
387       405        18         2
374       378         4        29
204       400       196         7
392       405        13         2
402       406         4         1
397       399         2         8
398       406         8         1
401       405         4         2
393       395         2        12
383       392         9        15
401       402         1         5
398       400         2         7
395       396         1        11
401       403         2         4
378       401        23         6
402       406         4         1
397       404         7         3
400       401         1         6
399       401         2         6
400       403         3         4
151       399       248         8
403       404         1         3
197       398       201         9
384       402        18         5
259       391       132        16
395       406        11         1
380       404        24         3
396       404         8         3
388       399        11         8
400       405         5         2
397       398         1         9
403       406         3         1
381       404        23         3
49       405       356         2
51       404       353         3
396       406        10         1
382       401        19         6
396       401         5         6
47       405       358         2
152       406       254         1
50       404       354         3
152       395       243        12
302       400        98         7
401       404         3         3
39       401       362         6
396       401         5         6
390       405        15         2
393       397         4        10
399       403         4         4
385       390         5        17
207       402       195         5
389       400        11         7
400       405         5         2
383       404        21         3
394       401         7         6
47       402       355         5
395       405        10         2
391       393         2        14
395       401         6         6
251       404       153         3
401       406         5         1
400       404         4         3
393       405        12         2
392       402        10         5
401       402         1         5
402       405         3         2
401       405         4         2
152       403       251         4
252       397       145        10
398       406         8         1
393       400         7         7
398       404         6         3
401       404         3         3
395       400         5         7
382       404        22         3
384       403        19         4
390       404        14         3
259       405       146         2
393       397         4        10
257       406       149         1
51       406       355         1
42       406       364         1
401       405         4         2
50       399       349         8
396       400         4         7
388       396         8        11
402       403         1         4
398       405         7         2
398       399         1         8
401       405         4         2
399       400         1         7
400       401         1         6
393       401         8         6
404       405         1         2
388       396         8        11
390       400        10         7
378       404        26         3
48       406       358         1
402       404         2         3
402       403         1         4
398       406         8         1
398       405         7         2
198       395       197        12
390       397         7        10
401       403         2         4
400       403         3         4
50       404       354         3
397       401         4         6
398       402         4         5
203       401       198         6
188       406       218         1
394       398         4         9
404       406         2         1
401       405         4         2
397       405         8         2
393       402         9         5
205       404       199         3
403       404         1         3
385       405        20         2
392       395         3        12
390       402        12         5
383       404        21         3
402       406         4         1
388       399        11         8
395       399         4         8
403       404         1         3
401       402         1         5
396       404         8         3
368       392        24        15
404       405         1         2
404       406         2         1
396       405         9         2
395       403         8         4
205       402       197         5
401       406         5         1
391       396         5        11
382       404        22         3
202       404       202         3
392       395         3        12
387       392         5        15
400       403         3         4
399       401         2         6
399       403         4         4
401       406         5         1
392       405        13         2
392       397         5        10
155       399       244         8
154       404       250         3
400       405         5         2
204       396       192        11
400       404         4         3
390       400        10         7
399       404         5         3
390       403        13         4
401       402         1         5
393       406        13         1
205       399       194         8
391       402        11         5
404       405         1         2
256       401       145         6
381       405        24         2
155       307       152       100
45       406       361         1
398       401         3         6
191       405       214         2
43       406       363         1
397       403         6         4
380       406        26         1
393       402         9         5
387       403        16         4
392       406        14         1
311       404        93         3
259       402       143         5
402       404         2         3
400       401         1         6
255       380       125        27
248       398       150         9
392       399         7         8
402       406         4         1
380       403        23         4
37       406       369         1
397       405         8         2
206       404       198         3
380       396        16        11
154       405       251         2
401       405         4         2
304       397        93        10
399       402         3         5
206       406       200         1
392       399         7         8
50       405       355         2
396       399         3         8
206       387       181        20
397       401         4         6
43       406       363         1
402       405         3         2
398       406         8         1
401       403         2         4
401       405         4         2
390       403        13         4
402       405         3         2
402       404         2         3
405       406         1         1
391       404        13         3
37       406       369         1
393       401         8         6
396       402         6         5
400       401         1         6
50       204       154       203
404       406         2         1
381       390         9        17
387       393         6        14
206       402       196         5
398       404         6         3
396       403         7         4
49       401       352         6
398       401         3         6
252       406       154         1
309       402        93         5
399       401         2         6
393       398         5         9
395       404         9         3
393       399         6         8
297       402       105         5
392       401         9         6
206       400       194         7
47       405       358         2
396       398         2         9
153       405       252         2
27       405       378         2
400       401         1         6
403       404         1         3
37       388       351        19
393       406        13         1
392       399         7         8
396       404         8         3
147       406       259         1
401       406         5         1
207       397       190        10
386       389         3        18
397       398         1         9
397       405         8         2
398       403         5         4
310       405        95         2
369       401        32         6
182       404       222         3
257       391       134        16
50       398       348         9
404       406         2         1
395       397         2        10
384       403        19         4
402       403         1         4
47       383       336        24
149       399       250         8
388       393         5        14
371       405        34         2
389       401        12         6
397       405         8         2
386       403        17         4
400       406         6         1
385       405        20         2
385       397        12        10
405       406         1         1
372       405        33         2
246       398       152         9
401       402         1         5
382       405        23         2
201       311       110        96
394       406        12         1
386       403        17         4
378       393        15        14
400       405         5         2
396       400         4         7
36       386       350        21
402       403         1         4
44       405       361         2
394       396         2        11
404       406         2         1
398       402         4         5
404       406         2         1
401       404         3         3
400       405         5         2
397       404         7         3
51       379       328        28
403       404         1         3
399       401         2         6
149       405       256         2
392       400         8         7
51       401       350         6
256       398       142         9
51       397       346        10
400       402         2         5
385       397        12        10
399       404         5         3
48       404       356         3
401       405         4         2
380       399        19         8
398       399         1         8
401       405         4         2
396       404         8         3
405       406         1         1
403       406         3         1
392       397         5        10
403       405         2         2
399       402         3         5
402       404         2         3
405       406         1         1
371       398        27         9
391       403        12         4
397       406         9         1
48       394       346        13
379       401        22         6
402       403         1         4
381       400        19         7
397       406         9         1
45       376       331        31
403       405         2         2
387       394         7        13
381       406        25         1
243       393       150        14
396       406        10         1
399       406         7         1
45       256       211       151
397       404         7         3
399       406         7         1
396       398         2         9
405       406         1         1
206       398       192         9
200       396       196        11
405       406         1         1
382       393        11        14
398       403         5         4
392       397         5        10
391       406        15         1
395       403         8         4
395       403         8         4
394       402         8         5
51       401       350         6
392       403        11         4
401       405         4         2
403       406         3         1
385       402        17         5
400       404         4         3
394       405        11         2
303       406       103         1
394       404        10         3
258       405       147         2
309       405        96         2
397       404         7         3
381       404        23         3
394       406        12         1
393       403        10         4
394       400         6         7
400       404         4         3
395       405        10         2
402       405         3         2
399       401         2         6
384       404        20         3
402       403         1         4
396       406        10         1
396       404         8         3
48       400       352         7
307       384        77        23
384       385         1        22
402       405         3         2
382       405        23         2
49       393       344        14
197       402       205         5
251       406       155         1
307       405        98         2
385       401        16         6
400       403         3         4
304       390        86        17
397       403         6         4
43       405       362         2
400       401         1         6
393       399         6         8
150       406       256         1
148       393       245        14
394       398         4         9
378       393        15        14
400       402         2         5
392       394         2        13
401       404         3         3
360       400        40         7
200       389       189        18
401       404         3         3
400       406         6         1
403       406         3         1
397       402         5         5
305       405       100         2
403       406         3         1
310       397        87        10
399       401         2         6
396       405         9         2
396       399         3         8
389       403        14         4
50       398       348         9
400       404         4         3
398       405         7         2
401       406         5         1
383       406        23         1
392       401         9         6
392       405        13         2
404       406         2         1
393       404        11         3
394       401         7         6
153       368       215        39
395       404         9         3
396       402         6         5
50       403       353         4
405       406         1         1
395       406        11         1
149       398       249         9
401       404         3         3
397       398         1         9
154       398       244         9
392       403        11         4
385       396        11        11
403       404         1         3
403       404         1         3
152       396       244        11
404       405         1         2
387       399        12         8
49       406       357         1
394       404        10         3
404       405         1         2
49       153       104       254
393       402         9         5
398       404         6         3
48       406       358         1
303       400        97         7
393       399         6         8
376       405        29         2
202       403       201         4
395       400         5         7
384       406        22         1
256       405       149         2
236       393       157        14
48       392       344        15
390       404        14         3
257       405       148         2
399       404         5         3
404       405         1         2
151       406       255         1
310       405        95         2
390       404        14         3
400       406         6         1
399       403         4         4
396       406        10         1
255       384       129        23
50       386       336        21
385       406        21         1
403       404         1         3
46       391       345        16
393       405        12         2
253       403       150         4
400       402         2         5
398       404         6         3
384       396        12        11
392       402        10         5
399       400         1         7
50       398       348         9
50       401       351         6
394       401         7         6
390       404        14         3
401       404         3         3
207       382       175        25
389       404        15         3
154       391       237        16
402       405         3         2
402       406         4         1
254       404       150         3
394       397         3        10
50       399       349         8
403       404         1         3
393       403        10         4
396       400         4         7
392       396         4        11
155       392       237        15
29       402       373         5
398       403         5         4
199       406       207         1
405       406         1         1
403       406         3         1
386       402        16         5
397       406         9         1
389       392         3        15
393       405        12         2
251       400       149         7
254       400       146         7
398       403         5         4
400       405         5         2
44       406       362         1
398       406         8         1
380       393        13        14
382       392        10        15
370       401        31         6
394       401         7         6
397       403         6         4
403       406         3         1
47       405       358         2
390       406        16         1
391       405        14         2
402       406         4         1
258       399       141         8
395       404         9         3
393       402         9         5
397       399         2         8
399       404         5         3
203       399       196         8
34       402       368         5
204       406       202         1
43       402       359         5
48       405       357         2
392       395         3        12
394       396         2        11
398       406         8         1
401       406         5         1
390       399         9         8
400       402         2         5
405       406         1         1
398       403         5         4
403       404         1         3
394       404        10         3
153       400       247         7
393       406        13         1
386       404        18         3
252       405       153         2
256       403       147         4
404       406         2         1
397       403         6         4
46        51         5       356
394       405        11         2
402       404         2         3
379       391        12        16
252       401       149         6
151       402       251         5
200       254        54       153
403       404         1         3
196       402       206         5
392       406        14         1
390       405        15         2
195       391       196        16
200       399       199         8
398       399         1         8
38       404       366         3
285       406       121         1
203       390       187        17
396       399         3         8
388       405        17         2
50       404       354         3
383       393        10        14
399       401         2         6
35       405       370         2
403       404         1         3
396       399         3         8
390       406        16         1
375       390        15        17
394       406        12         1
51       404       353         3
390       401        11         6
397       403         6         4
393       396         3        11
310       399        89         8
46       405       359         2
397       404         7         3
257       406       149         1
398       399         1         8
392       404        12         3
147       403       256         4
50       390       340        17
384       395        11        12
393       400         7         7
404       406         2         1
389       405        16         2
37       403       366         4
48       405       357         2
402       406         4         1
399       401         2         6
385       394         9        13
207       390       183        17
395       406        11         1
206       405       199         2
393       399         6         8
384       405        21         2
405       406         1         1
391       392         1        15
404       406         2         1
399       404         5         3
398       402         4         5
398       399         1         8
393       403        10         4
393       398         5         9
387       395         8        12
399       405         6         2
397       406         9         1
405       406         1         1
400       401         1         6
391       406        15         1
399       404         5         3
389       400        11         7
308       406        98         1
384       395        11        12
378       395        17        12
404       405         1         2
398       401         3         6
151       399       248         8
396       404         8         3
404       405         1         2
243       404       161         3
399       406         7         1
397       398         1         9
384       405        21         2
394       400         6         7
199       382       183        25
391       405        14         2
404       406         2         1
387       402        15         5
399       400         1         7
308       405        97         2
399       404         5         3
392       404        12         3
155       396       241        11
399       401         2         6
387       404        17         3
396       398         2         9
366       401        35         6
50       406       356         1
396       405         9         2
367       405        38         2
155       405       250         2
405       406         1         1
394       401         7         6
403       406         3         1
207       406       199         1
202       406       204         1
398       399         1         8
387       397        10        10
396       400         4         7
376       396        20        11
398       403         5         4
50       258       208       149
399       402         3         5
155       387       232        20
401       403         2         4
392       406        14         1
196       406       210         1
398       401         3         6
398       403         5         4
196       399       203         8
401       406         5         1
400       404         4         3
375       403        28         4
384       391         7        16
251       400       149         7
398       401         3         6
400       405         5         2
377       395        18        12
398       403         5         4
402       405         3         2
394       405        11         2
374       406        32         1
151       406       255         1
387       399        12         8
388       405        17         2
252       404       152         3
401       404         3         3
384       404        20         3
390       396         6        11
395       402         7         5
297       397       100        10
47       398       351         9
404       406         2         1
402       403         1         4
351       404        53         3
403       404         1         3
398       402         4         5
150       404       254         3
389       399        10         8
403       405         2         2
405       406         1         1
383       399        16         8
383       396        13        11
402       403         1         4
400       406         6         1
49       253       204       154
388       404        16         3
41       403       362         4
404       406         2         1
36       406       370         1
381       406        25         1
397       403         6         4
384       389         5        18
396       398         2         9
375       395        20        12
402       406         4         1
402       403         1         4
376       402        26         5
386       399        13         8
378       395        17        12
394       399         5         8
44       403       359         4
395       399         4         8
386       405        19         2
403       404         1         3
399       406         7         1
383       400        17         7
398       406         8         1
392       401         9         6
386       404        18         3
398       404         6         3
402       406         4         1
147       406       259         1
402       404         2         3
404       405         1         2
402       403         1         4
44       402       358         5
48       151       103       256
153       405       252         2
392       402        10         5
153       384       231        23
404       406         2         1
47       403       356         4
257       375       118        32
256       405       149         2
393       405        12         2
398       405         7         2
399       400         1         7
256       401       145         6
391       406        15         1
399       401         2         6
389       397         8        10
391       403        12         4
256       390       134        17
387       392         5        15
154       406       252         1
396       404         8         3
381       395        14        12
397       402         5         5
394       397         3        10
400       401         1         6
397       399         2         8
395       400         5         7
399       405         6         2
404       405         1         2
195       406       211         1
393       405        12         2
400       402         2         5
405       406         1         1
399       405         6         2
386       399        13         8
40       393       353        14
400       403         3         4
152       399       247         8
378       405        27         2
389       403        14         4
392       394         2        13
387       402        15         5
397       405         8         2
401       402         1         5
395       405        10         2
398       401         3         6
394       406        12         1
391       399         8         8
402       406         4         1
403       406         3         1
393       401         8         6
404       405         1         2
396       397         1        10
396       405         9         2
403       404         1         3
402       405         3         2
387       400        13         7
153       401       248         6
363       397        34        10
397       406         9         1
400       403         3         4
202       406       204         1
50       403       353         4
378       402        24         5
402       405         3         2
51       404       353         3
