349       355         6         3
348       356         8         2
330       335         5        23
12       354       342         4
335       356        21         2
318       348        30        10
354       357         3         1
29       357       328         1
340       349         9         9
335       350        15         8
346       351         5         7
356       357         1         1
333       348        15        10
336       343         7        15
354       355         1         3
328       335         7        23
350       357         7         1
348       357         9         1
334       347        13        11
347       356         9         2
353       357         4         1
350       357         7         1
339       353        14         5
193       354       161         4
329       336         7        22
331       339         8        19
342       357        15         1
337       355        18         3
345       351         6         7
346       357        11         1
344       348         4        10
29       355       326         3
335       345        10        13
343       349         6         9
339       355        16         3
351       353         2         5
343       349         6         9
329       342        13        16
348       355         7         3
333       351        18         7
326       347        21        11
14       357       343         1
8       351       343         7
339       346         7        12
346       351         5         7
353       354         1         4
354       357         3         1
354       357         3         1
314       347        33        11
32       355       323         3
353       354         1         4
342       355        13         3
342       356        14         2
311       318         7        40
349       354         5         4
193       344       151        14
24       356       332         2
24       349       325         9
331       343        12        15
331       335         4        23
348       352         4         6
347       356         9         2
349       350         1         8
348       352         4         6
333       350        17         8
346       356        10         2
20       356       336         2
335       351        16         7
312       345        33        13
23       344       321        14
346       351         5         7
307       340        33        18
341       353        12         5
342       357        15         1
28       354       326         4
342       346         4        12
30       349       319         9
350       355         5         3
354       356         2         2
320       334        14        24
348       352         4         6
340       346         6        12
332       351        19         7
348       351         3         7
334       349        15         9
316       322         6        36
337       345         8        13
344       349         5         9
30       356       326         2
353       355         2         3
25       357       332         1
347       357        10         1
338       346         8        12
340       354        14         4
340       351        11         7
348       357         9         1
30       357       327         1
336       343         7        15
196       337       141        21
350       356         6         2
354       357         3         1
352       355         3         3
343       344         1        14
331       334         3        24
341       352        11         6
32       343       311        15
344       357        13         1
330       333         3        25
322       341        19        17
345       354         9         4
349       356         7         2
350       355         5         3
319       351        32         7
338       354        16         4
342       350         8         8
343       357        14         1
334       343         9        15
350       353         3         5
333       357        24         1
348       357         9         1
346       352         6         6
340       357        17         1
354       357         3         1
345       346         1        12
194       353       159         5
342       344         2        14
352       357         5         1
343       350         7         8
348       352         4         6
338       342         4        16
336       343         7        15
336       356        20         2
193       356       163         2
338       351        13         7
318       348        30        10
28       320       292        38
349       351         2         7
347       352         5         6
32       349       317         9
355       356         1         2
335       352        17         6
341       342         1        16
355       356         1         2
324       348        24        10
344       356        12         2
350       354         4         4
351       354         3         4
22       315       293        43
352       356         4         2
349       357         8         1
343       357        14         1
333       346        13        12
350       357         7         1
25       355       330         3
349       353         4         5
341       356        15         2
338       344         6        14
329       336         7        22
352       354         2         4
330       335         5        23
22       357       335         1
350       354         4         4
347       350         3         8
336       350        14         8
343       348         5        10
31       344       313        14
351       352         1         6
32       356       324         2
342       352        10         6
351       353         2         5
347       349         2         9
352       356         4         2
354       357         3         1
349       350         1         8
354       357         3         1
346       356        10         2
350       353         3         5
340       344         4        14
351       354         3         4
340       353        13         5
321       354        33         4
31       353       322         5
352       356         4         2
327       357        30         1
350       353         3         5
346       356        10         2
346       351         5         7
352       355         3         3
355       357         2         1
350       353         3         5
353       355         2         3
31       340       309        18
356       357         1         1
348       357         9         1
351       355         4         3
342       357        15         1
342       353        11         5
347       353         6         5
353       357         4         1
345       355        10         3
345       350         5         8
343       346         3        12
352       357         5         1
343       354        11         4
335       343         8        15
354       355         1         3
341       350         9         8
351       356         5         2
332       346        14        12
31       346       315        12
345       347         2        11
332       355        23         3
356       357         1         1
347       349         2         9
353       357         4         1
338       341         3        17
30       350       320         8
330       347        17        11
324       349        25         9
347       348         1        10
347       355         8         3
350       354         4         4
31       356       325         2
353       357         4         1
354       355         1         3
326       338        12        20
330       357        27         1
336       355        19         3
346       347         1        11
315       357        42         1
333       340         7        18
349       351         2         7
333       355        22         3
344       356        12         2
349       351         2         7
317       330        13        28
318       334        16        24
332       337         5        21
354       356         2         2
340       347         7        11
325       348        23        10
331       353        22         5
355       357         2         1
354       356         2         2
347       355         8         3
4       344       340        14
354       356         2         2
328       357        29         1
330       356        26         2
350       354         4         4
337       354        17         4
350       356         6         2
332       352        20         6
323       346        23        12
348       353         5         5
29       356       327         2
339       357        18         1
348       353         5         5
355       357         2         1
356       357         1         1
343       350         7         8
348       356         8         2
347       357        10         1
335       343         8        15
349       351         2         7
356       357         1         1
345       357        12         1
333       346        13        12
12       356       344         2
354       356         2         2
345       350         5         8
351       356         5         2
21       346       325        12
350       356         6         2
197       356       159         2
351       353         2         5
351       354         3         4
355       356         1         2
346       349         3         9
31       355       324         3
349       357         8         1
194       356       162         2
336       357        21         1
354       357         3         1
354       356         2         2
343       353        10         5
349       353         4         5
325       333         8        25
349       352         3         6
351       352         1         6
351       353         2         5
349       353         4         5
345       350         5         8
348       352         4         6
354       356         2         2
329       350        21         8
18       351       333         7
339       348         9        10
353       357         4         1
352       356         4         2
339       357        18         1
343       353        10         5
351       355         4         3
337       355        18         3
356       357         1         1
347       355         8         3
353       357         4         1
328       356        28         2
336       339         3        19
337       345         8        13
347       355         8         3
336       346        10        12
324       325         1        33
352       356         4         2
330       355        25         3
346       357        11         1
352       353         1         5
196       357       161         1
21       357       336         1
355       357         2         1
340       346         6        12
334       352        18         6
324       350        26         8
338       357        19         1
323       348        25        10
310       351        41         7
345       357        12         1
340       355        15         3
328       354        26         4
354       357         3         1
326       345        19        13
296       349        53         9
347       349         2         9
339       357        18         1
338       348        10        10
345       347         2        11
351       352         1         6
196       356       160         2
356       357         1         1
310       337        27        21
351       357         6         1
322       326         4        32
355       356         1         2
354       356         2         2
335       336         1        22
353       357         4         1
300       351        51         7
351       356         5         2
336       343         7        15
326       354        28         4
335       354        19         4
350       357         7         1
328       343        15        15
348       355         7         3
22       355       333         3
343       350         7         8
347       349         2         9
344       352         8         6
354       357         3         1
349       357         8         1
325       339        14        19
346       355         9         3
335       341         6        17
29       354       325         4
330       345        15        13
24       313       289        45
348       357         9         1
332       352        20         6
342       356        14         2
31       347       316        11
341       347         6        11
331       357        26         1
337       353        16         5
340       351        11         7
331       338         7        20
352       356         4         2
343       348         5        10
28       353       325         5
349       350         1         8
196       346       150        12
341       344         3        14
342       355        13         3
351       357         6         1
342       348         6        10
29       345       316        13
344       357        13         1
341       344         3        14
354       357         3         1
342       346         4        12
342       350         8         8
354       356         2         2
336       350        14         8
327       352        25         6
350       355         5         3
30       356       326         2
337       341         4        17
339       348         9        10
348       351         3         7
354       357         3         1
355       357         2         1
339       355        16         3
347       351         4         7
26       351       325         7
353       355         2         3
346       355         9         3
337       345         8        13
345       357        12         1
349       352         3         6
343       356        13         2
351       353         2         5
22       349       327         9
347       354         7         4
348       354         6         4
330       354        24         4
351       356         5         2
341       345         4        13
17       357       340         1
352       357         5         1
351       355         4         3
354       355         1         3
350       355         5         3
348       351         3         7
317       345        28        13
351       356         5         2
346       351         5         7
349       355         6         3
32       353       321         5
315       343        28        15
18       355       337         3
340       357        17         1
340       354        14         4
303       326        23        32
330       355        25         3
328       356        28         2
351       352         1         6
347       357        10         1
339       341         2        17
345       346         1        12
349       357         8         1
354       356         2         2
353       355         2         3
342       356        14         2
317       325         8        33
347       356         9         2
348       351         3         7
353       356         3         2
349       353         4         5
348       354         6         4
340       342         2        16
347       350         3         8
348       357         9         1
347       357        10         1
324       337        13        21
32       356       324         2
350       356         6         2
339       354        15         4
1       352       351         6
346       352         6         6
354       356         2         2
334       351        17         7
24       350       326         8
346       353         7         5
333       339         6        19
354       357         3         1
348       357         9         1
353       356         3         2
334       356        22         2
197       356       159         2
345       354         9         4
333       346        13        12
26       355       329         3
352       356         4         2
337       350        13         8
333       344        11        14
354       357         3         1
355       357         2         1
356       357         1         1
332       341         9        17
318       331        13        27
318       346        28        12
347       357        10         1
353       357         4         1
314       345        31        13
350       357         7         1
30       338       308        20
344       357        13         1
331       351        20         7
342       357        15         1
338       347         9        11
352       354         2         4
351       352         1         6
355       357         2         1
22       354       332         4
345       357        12         1
338       356        18         2
328       336         8        22
343       356        13         2
346       348         2        10
18       349       331         9
351       352         1         6
347       355         8         3
31       309       278        49
347       348         1        10
315       356        41         2
340       350        10         8
343       353        10         5
327       356        29         2
346       356        10         2
15       343       328        15
330       357        27         1
338       353        15         5
339       351        12         7
335       346        11        12
317       357        40         1
328       342        14        16
338       354        16         4
353       355         2         3
346       356        10         2
350       352         2         6
338       351        13         7
339       356        17         2
353       355         2         3
340       353        13         5
348       351         3         7
354       356         2         2
355       357         2         1
347       351         4         7
318       333        15        25
350       353         3         5
32       355       323         3
29       353       324         5
310       342        32        16
344       350         6         8
333       334         1        24
353       357         4         1
350       356         6         2
347       352         5         6
299       355        56         3
354       356         2         2
352       357         5         1
344       345         1        13
348       352         4         6
333       355        22         3
341       355        14         3
346       351         5         7
349       357         8         1
30       352       322         6
354       355         1         3
28       321       293        37
353       354         1         4
329       349        20         9
349       354         5         4
352       353         1         5
352       357         5         1
353       355         2         3
329       336         7        22
356       357         1         1
25       341       316        17
337       353        16         5
344       357        13         1
351       356         5         2
28       346       318        12
329       354        25         4
29       354       325         4
353       357         4         1
340       346         6        12
350       352         2         6
349       356         7         2
347       354         7         4
349       356         7         2
25       354       329         4
347       356         9         2
324       338        14        20
340       343         3        15
351       357         6         1
353       354         1         4
194       353       159         5
344       351         7         7
353       357         4         1
310       354        44         4
31       352       321         6
346       355         9         3
335       342         7        16
337       353        16         5
332       333         1        25
349       352         3         6
332       334         2        24
349       353         4         5
352       356         4         2
337       347        10        11
30       357       327         1
343       353        10         5
344       352         8         6
352       357         5         1
27       357       330         1
352       353         1         5
18       352       334         6
354       355         1         3
31       353       322         5
347       350         3         8
353       356         3         2
339       345         6        13
25       357       332         1
344       350         6         8
344       349         5         9
350       355         5         3
304       334        30        24
338       355        17         3
341       348         7        10
343       349         6         9
339       342         3        16
346       352         6         6
340       344         4        14
26       316       290        42
354       357         3         1
341       354        13         4
348       352         4         6
325       326         1        32
347       352         5         6
321       333        12        25
345       355        10         3
332       335         3        23
355       356         1         2
13       353       340         5
335       354        19         4
193       345       152        13
327       350        23         8
352       353         1         5
313       339        26        19
335       340         5        18
356       357         1         1
344       352         8         6
329       345        16        13
344       353         9         5
334       357        23         1
30       356       326         2
30       353       323         5
348       350         2         8
342       350         8         8
338       350        12         8
350       354         4         4
354       355         1         3
347       357        10         1
21       344       323        14
325       353        28         5
341       344         3        14
345       356        11         2
319       340        21        18
344       349         5         9
21       348       327        10
341       354        13         4
350       355         5         3
317       355        38         3
350       357         7         1
196       344       148        14
352       355         3         3
337       349        12         9
352       356         4         2
355       357         2         1
347       350         3         8
334       343         9        15
350       354         4         4
334       338         4        20
341       356        15         2
353       355         2         3
350       351         1         7
347       348         1        10
283       354        71         4
22        29         7       329
348       357         9         1
320       356        36         2
353       356         3         2
338       343         5        15
348       356         8         2
331       343        12        15
346       355         9         3
344       346         2        12
334       335         1        23
346       357        11         1
324       357        33         1
354       357         3         1
349       356         7         2
348       353         5         5
323       355        32         3
25       355       330         3
28       334       306        24
338       355        17         3
344       350         6         8
339       355        16         3
355       357         2         1
346       347         1        11
351       357         6         1
333       350        17         8
319       355        36         3
317       344        27        14
197       355       158         3
344       356        12         2
316       321         5        37
336       344         8        14
25       357       332         1
336       341         5        17
341       345         4        13
356       357         1         1
353       355         2         3
350       357         7         1
352       357         5         1
342       348         6        10
341       343         2        15
331       348        17        10
325       357        32         1
343       351         8         7
300       354        54         4
353       357         4         1
344       346         2        12
352       353         1         5
346       352         6         6
336       347        11        11
28       352       324         6
346       357        11         1
348       357         9         1
329       336         7        22
350       354         4         4
348       355         7         3
347       357        10         1
317       350        33         8
29       346       317        12
347       354         7         4
350       352         2         6
342       353        11         5
339       356        17         2
344       346         2        12
333       341         8        17
196       349       153         9
19       354       335         4
328       346        18        12
28       344       316        14
338       346         8        12
15       354       339         4
356       357         1         1
351       356         5         2
348       355         7         3
334       345        11        13
30       354       324         4
19       336       317        22
342       354        12         4
349       356         7         2
339       343         4        15
332       334         2        24
339       342         3        16
345       357        12         1
350       353         3         5
347       354         7         4
348       355         7         3
28       353       325         5
322       328         6        30
352       357         5         1
350       352         2         6
354       357         3         1
30       343       313        15
336       350        14         8
28       338       310        20
349       355         6         3
327       346        19        12
355       356         1         2
328       351        23         7
348       355         7         3
347       349         2         9
337       357        20         1
352       356         4         2
352       353         1         5
352       357         5         1
346       357        11         1
352       354         2         4
335       357        22         1
321       348        27        10
342       357        15         1
338       339         1        19
337       355        18         3
326       354        28         4
353       355         2         3
348       354         6         4
332       343        11        15
342       355        13         3
23       356       333         2
328       343        15        15
330       345        15        13
29       357       328         1
352       357         5         1
332       351        19         7
340       357        17         1
349       357         8         1
353       356         3         2
333       346        13        12
350       351         1         7
340       352        12         6
335       352        17         6
31       348       317        10
344       356        12         2
346       351         5         7
348       357         9         1
338       355        17         3
333       355        22         3
331       356        25         2
333       334         1        24
344       351         7         7
331       343        12        15
333       351        18         7
345       355        10         3
336       345         9        13
331       348        17        10
21       346       325        12
341       343         2        15
311       346        35        12
355       357         2         1
352       353         1         5
334       342         8        16
339       353        14         5
1       357       356         1
340       353        13         5
349       352         3         6
348       357         9         1
351       354         3         4
335       342         7        16
346       348         2        10
346       355         9         3
28       354       326         4
307       319        12        39
349       353         4         5
20       357       337         1
29       339       310        19
334       357        23         1
25       357       332         1
340       346         6        12
346       349         3         9
340       355        15         3
335       341         6        17
330       357        27         1
335       347        12        11
348       355         7         3
356       357         1         1
341       350         9         8
333       343        10        15
347       351         4         7
32       356       324         2
326       338        12        20
323       346        23        12
354       355         1         3
339       355        16         3
31       357       326         1
355       357         2         1
345       347         2        11
197       356       159         2
321       354        33         4
352       357         5         1
336       356        20         2
194       348       154        10
317       329        12        29
341       349         8         9
354       355         1         3
356       357         1         1
342       357        15         1
352       355         3         3
345       357        12         1
342       355        13         3
334       336         2        22
322       338        16        20
345       349         4         9
195       336       141        22
348       356         8         2
345       357        12         1
343       350         7         8
333       351        18         7
348       354         6         4
15       349       334         9
353       356         3         2
340       349         9         9
12       193       181       165
193       350       157         8
338       346         8        12
352       356         4         2
31       355       324         3
355       357         2         1
350       352         2         6
349       351         2         7
348       351         3         7
344       352         8         6
348       356         8         2
350       352         2         6
323       340        17        18
24       357       333         1
29       353       324         5
338       356        18         2
329       339        10        19
320       335        15        23
351       356         5         2
317       345        28        13
340       343         3        15
308       331        23        27
332       334         2        24
340       351        11         7
350       354         4         4
346       349         3         9
335       340         5        18
343       353        10         5
351       356         5         2
331       348        17        10
336       337         1        21
29       345       316        13
194       352       158         6
354       356         2         2
339       357        18         1
353       354         1         4
351       355         4         3
353       357         4         1
354       356         2         2
340       352        12         6
340       356        16         2
303       352        49         6
338       353        15         5
332       353        21         5
339       341         2        17
348       354         6         4
346       357        11         1
341       345         4        13
332       334         2        24
28       352       324         6
335       347        12        11
344       357        13         1
351       357         6         1
355       356         1         2
354       356         2         2
16       338       322        20
26       356       330         2
346       353         7         5
344       356        12         2
26       357       331         1
342       349         7         9
343       346         3        12
345       354         9         4
346       348         2        10
341       352        11         6
340       349         9         9
29       343       314        15
324       338        14        20
24       341       317        17
337       346         9        12
27       345       318        13
351       355         4         3
28       351       323         7
342       352        10         6
324       356        32         2
352       356         4         2
332       342        10        16
338       345         7        13
353       357         4         1
325       348        23        10
355       356         1         2
348       352         4         6
316       355        39         3
18       352       334         6
346       357        11         1
335       336         1        22
350       354         4         4
333       355        22         3
356       357         1         1
342       346         4        12
196       357       161         1
334       344        10        14
351       353         2         5
356       357         1         1
355       357         2         1
354       356         2         2
355       356         1         2
193       335       142        23
27       356       329         2
347       349         2         9
328       337         9        21
354       356         2         2
330       354        24         4
26       346       320        12
341       350         9         8
323       357        34         1
351       357         6         1
355       356         1         2
342       354        12         4
32       357       325         1
354       355         1         3
341       352        11         6
341       350         9         8
353       357         4         1
352       355         3         3
335       347        12        11
333       355        22         3
352       357         5         1
334       356        22         2
330       347        17        11
353       357         4         1
349       353         4         5
349       356         7         2
327       357        30         1
