400       409         9         4
268       412       144         1
410       412         2         1
32       209       177       204
380       410        30         3
25       412       387         1
382       410        28         3
27       405       378         8
24       412       388         1
406       411         5         2
410       412         2         1
400       402         2        11
44       401       357        12
397       402         5        11
370       412        42         1
402       404         2         9
407       410         3         3
408       409         1         4
400       410        10         3
39       398       359        15
405       406         1         7
401       406         5         7
397       412        15         1
377       406        29         7
396       411        15         2
399       409        10         4
396       399         3        14
404       410         6         3
402       409         7         4
403       408         5         5
396       408        12         5
43       412       369         1
384       410        26         3
408       411         3         2
402       407         5         6
402       405         3         8
392       405        13         8
375       410        35         3
267       370       103        43
400       408         8         5
26       405       379         8
387       405        18         8
387       408        21         5
354       401        47        12
219       405       186         8
405       409         4         4
396       399         3        14
405       409         4         4
251       410       159         3
264       392       128        21
407       411         4         2
376       405        29         8
396       408        12         5
400       405         5         8
408       409         1         4
388       394         6        19
11       409       398         4
374       404        30         9
391       397         6        16
384       394        10        19
373       409        36         4
397       410        13         3
397       408        11         5
407       408         1         5
267       410       143         3
403       410         7         3
400       410        10         3
375       405        30         8
26       397       371        16
411       412         1         1
392       409        17         4
410       412         2         1
410       411         1         2
390       404        14         9
398       411        13         2
360       396        36        17
398       410        12         3
29       380       351        33
43       409       366         4
32       411       379         2
409       411         2         2
29       408       379         5
40       404       364         9
411       412         1         1
409       412         3         1
410       411         1         2
409       410         1         3
395       397         2        16
410       412         2         1
394       404        10         9
408       412         4         1
403       404         1         9
393       406        13         7
394       411        17         2
391       405        14         8
407       408         1         5
386       411        25         2
410       411         1         2
409       411         2         2
31       409       378         4
411       412         1         1
36       403       367        10
395       405        10         8
381       387         6        26
380       406        26         7
36       406       370         7
397       399         2        14
394       399         5        14
221       402       181        11
409       411         2         2
407       410         3         3
22       400       378        13
44       411       367         2
401       407         6         6
400       404         4         9
394       411        17         2
189       411       222         2
42       412       370         1
396       401         5        12
200       405       205         8
399       401         2        12
396       399         3        14
409       410         1         3
398       412        14         1
399       400         1        13
218       396       178        17
406       412         6         1
389       408        19         5
39       408       369         5
404       410         6         3
404       405         1         8
27       410       383         3
34       409       375         4
267       408       141         5
392       409        17         4
372       400        28        13
213       397       184        16
393       403        10        10
398       406         8         7
405       406         1         7
40       407       367         6
389       390         1        23
30       405       375         8
397       412        15         1
409       411         2         2
406       407         1         6
408       412         4         1
35       411       376         2
395       412        17         1
408       410         2         3
398       411        13         2
397       405         8         8
39       411       372         2
405       412         7         1
39       401       362        12
221       412       191         1
382       405        23         8
262       408       146         5
15       409       394         4
400       409         9         4
223       412       189         1
402       408         6         5
394       410        16         3
33       268       235       145
397       411        14         2
398       411        13         2
403       408         5         5
399       401         2        12
395       406        11         7
34       389       355        24
400       409         9         4
402       411         9         2
42       395       353        18
395       409        14         4
404       409         5         4
404       410         6         3
409       410         1         3
399       410        11         3
400       407         7         6
28       403       375        10
391       392         1        21
403       410         7         3
408       409         1         4
36       397       361        16
36       392       356        21
257       411       154         2
406       410         4         3
263       412       149         1
394       411        17         2
369       409        40         4
374       393        19        20
380       391        11        22
264       395       131        18
408       410         2         3
406       407         1         6
389       401        12        12
393       407        14         6
407       412         5         1
392       409        17         4
376       412        36         1
373       412        39         1
405       406         1         7
394       403         9        10
397       412        15         1
42       411       369         2
394       407        13         6
268       407       139         6
242       409       167         4
370       408        38         5
222       405       183         8
408       411         3         2
404       412         8         1
399       405         6         8
393       407        14         6
403       412         9         1
381       410        29         3
23       412       389         1
410       411         1         2
411       412         1         1
403       412         9         1
397       405         8         8
411       412         1         1
393       404        11         9
407       412         5         1
219       408       189         5
399       406         7         7
403       409         6         4
403       411         8         2
392       412        20         1
410       412         2         1
406       408         2         5
44       406       362         7
404       405         1         8
43       407       364         6
387       412        25         1
410       412         2         1
391       395         4        18
384       411        27         2
385       411        26         2
404       412         8         1
377       406        29         7
404       410         6         3
27       410       383         3
402       405         3         8
400       405         5         8
36       412       376         1
44       395       351        18
402       407         5         6
403       408         5         5
33       397       364        16
22       407       385         6
34       412       378         1
407       412         5         1
395       410        15         3
407       410         3         3
404       409         5         4
375       399        24        14
410       412         2         1
393       404        11         9
387       411        24         2
407       409         2         4
385       408        23         5
407       408         1         5
397       403         6        10
394       398         4        15
409       412         3         1
387       395         8        18
408       411         3         2
398       400         2        13
411       412         1         1
404       410         6         3
392       394         2        19
29       393       364        20
393       412        19         1
376       403        27        10
410       412         2         1
407       409         2         4
23       405       382         8
410       411         1         2
378       405        27         8
398       412        14         1
381       409        28         4
396       400         4        13
252       409       157         4
392       409        17         4
37       412       375         1
39       264       225       149
407       410         3         3
402       409         7         4
406       411         5         2
407       410         3         3
411       412         1         1
44       381       337        32
395       404         9         9
410       411         1         2
364       408        44         5
398       404         6         9
401       410         9         3
395       412        17         1
389       401        12        12
405       407         2         6
370       403        33        10
24       399       375        14
402       410         8         3
363       410        47         3
398       412        14         1
407       409         2         4
404       406         2         7
373       410        37         3
263       403       140        10
393       395         2        18
42       407       365         6
397       401         4        12
405       406         1         7
395       405        10         8
408       410         2         3
36       410       374         3
406       407         1         6
387       403        16        10
398       411        13         2
44       412       368         1
43       402       359        11
356       400        44        13
385       405        20         8
399       412        13         1
388       404        16         9
7       379       372        34
405       406         1         7
40       394       354        19
411       412         1         1
403       405         2         8
375       409        34         4
388       412        24         1
403       410         7         3
405       408         3         5
409       412         3         1
35       409       374         4
43       374       331        39
379       411        32         2
214       408       194         5
404       407         3         6
407       410         3         3
377       397        20        16
6       399       393        14
408       410         2         3
405       407         2         6
392       400         8        13
398       403         5        10
409       410         1         3
388       399        11        14
400       410        10         3
409       410         1         3
401       412        11         1
404       409         5         4
403       412         9         1
375       408        33         5
407       409         2         4
405       409         4         4
387       411        24         2
399       400         1        13
398       410        12         3
364       396        32        17
390       407        17         6
194       409       215         4
398       403         5        10
408       409         1         4
39       412       373         1
407       409         2         4
216       388       172        25
380       408        28         5
401       411        10         2
264       412       148         1
392       408        16         5
380       391        11        22
223       409       186         4
385       406        21         7
395       411        16         2
405       408         3         5
397       412        15         1
371       410        39         3
408       411         3         2
40       412       372         1
39       406       367         7
395       409        14         4
42       408       366         5
40       408       368         5
204       373       169        40
407       408         1         5
385       399        14        14
393       411        18         2
394       412        18         1
403       412         9         1
401       405         4         8
387       401        14        12
403       412         9         1
405       407         2         6
405       411         6         2
403       407         4         6
398       399         1        14
387       402        15        11
395       406        11         7
398       412        14         1
397       410        13         3
365       394        29        19
394       408        14         5
407       410         3         3
392       397         5        16
396       404         8         9
249       411       162         2
402       412        10         1
396       405         9         8
404       409         5         4
42       408       366         5
28       411       383         2
34       403       369        10
377       408        31         5
392       398         6        15
406       409         3         4
407       410         3         3
391       410        19         3
409       410         1         3
407       411         4         2
408       411         3         2
363       412        49         1
39       405       366         8
385       398        13        15
409       411         2         2
386       408        22         5
391       399         8        14
404       411         7         2
411       412         1         1
409       410         1         3
403       408         5         5
39       406       367         7
394       404        10         9
401       411        10         2
408       409         1         4
35       406       371         7
401       407         6         6
407       411         4         2
393       405        12         8
411       412         1         1
405       412         7         1
14       404       390         9
399       402         3        11
387       412        25         1
411       412         1         1
409       411         2         2
398       411        13         2
43       402       359        11
405       406         1         7
402       409         7         4
394       407        13         6
210       216         6       197
406       409         3         4
407       411         4         2
382       411        29         2
255       412       157         1
392       411        19         2
401       410         9         3
396       397         1        16
44       392       348        21
391       412        21         1
405       406         1         7
398       402         4        11
404       406         2         7
407       408         1         5
381       387         6        26
255       412       157         1
405       408         3         5
394       401         7        12
408       410         2         3
387       402        15        11
379       408        29         5
403       405         2         8
395       406        11         7
34       410       376         3
38       411       373         2
410       412         2         1
389       392         3        21
398       405         7         8
36       407       371         6
40       407       367         6
27       405       378         8
399       401         2        12
38       403       365        10
391       408        17         5
367       398        31        15
397       410        13         3
268       411       143         2
403       410         7         3
410       412         2         1
404       408         4         5
400       409         9         4
410       412         2         1
394       412        18         1
407       411         4         2
393       407        14         6
409       411         2         2
394       405        11         8
27       406       379         7
403       412         9         1
403       406         3         7
42       405       363         8
354       397        43        16
383       408        25         5
43       411       368         2
392       401         9        12
6       411       405         2
403       412         9         1
266       400       134        13
382       407        25         6
407       409         2         4
389       406        17         7
411       412         1         1
34       373       339        40
392       408        16         5
392       403        11        10
404       412         8         1
399       401         2        12
409       412         3         1
386       401        15        12
399       406         7         7
411       412         1         1
400       411        11         2
411       412         1         1
373       410        37         3
402       412        10         1
33       411       378         2
393       402         9        11
40       405       365         8
390       405        15         8
403       405         2         8
405       408         3         5
389       391         2        22
403       405         2         8
403       407         4         6
374       403        29        10
409       412         3         1
33       411       378         2
263       376       113        37
396       412        16         1
405       407         2         6
410       411         1         2
403       406         3         7
408       411         3         2
410       411         1         2
388       389         1        24
402       409         7         4
252       404       152         9
41       399       358        14
388       409        21         4
405       406         1         7
397       410        13         3
396       412        16         1
221       401       180        12
389       406        17         7
403       406         3         7
349       409        60         4
411       412         1         1
408       411         3         2
42       405       363         8
408       409         1         4
409       411         2         2
43       408       365         5
407       410         3         3
387       408        21         5
194       402       208        11
399       401         2        12
39       408       369         5
383       408        25         5
340       411        71         2
387       396         9        17
401       410         9         3
410       412         2         1
408       412         4         1
42       391       349        22
407       409         2         4
410       411         1         2
31       411       380         2
400       406         6         7
398       411        13         2
31       401       370        12
25       395       370        18
410       412         2         1
410       411         1         2
398       407         9         6
39       406       367         7
212       409       197         4
408       411         3         2
393       411        18         2
406       409         3         4
397       400         3        13
392       395         3        18
399       409        10         4
257       411       154         2
406       408         2         5
384       406        22         7
392       405        13         8
24       410       386         3
402       412        10         1
402       405         3         8
404       411         7         2
408       411         3         2
383       400        17        13
398       401         3        12
407       409         2         4
406       409         3         4
399       401         2        12
411       412         1         1
404       409         5         4
43       401       358        12
43       409       366         4
405       406         1         7
34       407       373         6
402       410         8         3
389       409        20         4
379       404        25         9
408       412         4         1
406       412         6         1
391       406        15         7
43       412       369         1
40       393       353        20
369       399        30        14
396       412        16         1
410       411         1         2
399       407         8         6
40       404       364         9
404       410         6         3
384       401        17        12
386       410        24         3
405       410         5         3
12       392       380        21
394       409        15         4
379       410        31         3
397       412        15         1
23       404       381         9
358       410        52         3
408       411         3         2
375       386        11        27
398       412        14         1
362       403        41        10
404       406         2         7
411       412         1         1
404       405         1         8
404       410         6         3
391       408        17         5
410       412         2         1
392       406        14         7
213       405       192         8
404       405         1         8
215       388       173        25
397       410        13         3
399       407         8         6
24       224       200       189
396       403         7        10
405       409         4         4
404       412         8         1
393       412        19         1
407       409         2         4
35       401       366        12
402       408         6         5
410       412         2         1
403       409         6         4
222       409       187         4
400       409         9         4
395       399         4        14
224       412       188         1
409       412         3         1
405       410         5         3
222       409       187         4
340       410        70         3
23       411       388         2
39       377       338        36
389       405        16         8
404       412         8         1
410       411         1         2
406       412         6         1
35       411       376         2
40       398       358        15
384       411        27         2
393       406        13         7
40       374       334        39
406       409         3         4
398       406         8         7
407       411         4         2
404       407         3         6
221       406       185         7
404       408         4         5
367       398        31        15
44       396       352        17
406       411         5         2
398       411        13         2
42       395       353        18
404       408         4         5
391       406        15         7
396       403         7        10
385       411        26         2
387       392         5        21
411       412         1         1
393       412        19         1
36       410       374         3
408       411         3         2
411       412         1         1
383       398        15        15
395       410        15         3
393       396         3        17
395       410        15         3
406       411         5         2
381       411        30         2
403       407         4         6
395       399         4        14
392       403        11        10
389       393         4        20
390       409        19         4
410       411         1         2
400       406         6         7
399       409        10         4
42       412       370         1
380       404        24         9
38       402       364        11
27       410       383         3
381       404        23         9
361       409        48         4
406       407         1         6
408       411         3         2
266       410       144         3
395       408        13         5
42       396       354        17
388       403        15        10
408       412         4         1
406       409         3         4
405       408         3         5
406       411         5         2
409       411         2         2
205       399       194        14
12        39        27       374
391       397         6        16
400       410        10         3
24       407       383         6
43       395       352        18
408       412         4         1
222       410       188         3
404       407         3         6
44       406       362         7
390       396         6        17
243       402       159        11
401       410         9         3
44       216       172       197
401       405         4         8
410       412         2         1
395       405        10         8
198       392       194        21
396       411        15         2
411       412         1         1
400       410        10         3
397       407        10         6
399       410        11         3
396       410        14         3
393       408        15         5
408       409         1         4
395       412        17         1
405       407         2         6
407       411         4         2
406       411         5         2
398       399         1        14
410       412         2         1
390       410        20         3
402       409         7         4
397       403         6        10
408       412         4         1
383       408        25         5
393       400         7        13
407       408         1         5
215       408       193         5
375       378         3        35
44       412       368         1
366       409        43         4
393       405        12         8
399       405         6         8
407       410         3         3
257       410       153         3
402       409         7         4
224       410       186         3
398       399         1        14
409       411         2         2
399       410        11         3
383       398        15        15
390       405        15         8
217       410       193         3
224       410       186         3
395       411        16         2
368       412        44         1
404       407         3         6
361       385        24        28
407       408         1         5
395       412        17         1
37       405       368         8
406       412         6         1
219       397       178        16
400       404         4         9
19       404       385         9
406       407         1         6
405       408         3         5
35       397       362        16
223       366       143        47
394       412        18         1
249       393       144        20
401       406         5         7
391       411        20         2
405       411         6         2
397       411        14         2
389       409        20         4
43       408       365         5
409       411         2         2
223       266        43       147
376       408        32         5
406       410         4         3
406       409         3         4
372       407        35         6
391       401        10        12
402       409         7         4
406       409         3         4
410       412         2         1
401       412        11         1
401       406         5         7
396       408        12         5
33        40         7       373
406       411         5         2
408       410         2         3
374       393        19        20
405       409         4         4
407       408         1         5
400       412        12         1
397       403         6        10
21       412       391         1
8       404       396         9
409       412         3         1
387       407        20         6
41       410       369         3
380       407        27         6
39       412       373         1
208       410       202         3
409       412         3         1
409       410         1         3
382       409        27         4
309       410       101         3
407       408         1         5
399       405         6         8
223       408       185         5
396       411        15         2
399       412        13         1
38       399       361        14
390       398         8        15
393       411        18         2
405       411         6         2
267       411       144         2
405       412         7         1
373       399        26        14
400       405         5         8
364       412        48         1
224       389       165        24
402       404         2         9
268       411       143         2
389       411        22         2
401       410         9         3
410       412         2         1
400       401         1        12
387       408        21         5
261       402       141        11
13       408       395         5
395       408        13         5
410       412         2         1
360       405        45         8
390       409        19         4
403       412         9         1
29       372       343        41
401       412        11         1
382       400        18        13
407       411         4         2
42       388       346        25
407       411         4         2
373       403        30        10
396       408        12         5
203       404       201         9
410       411         1         2
405       408         3         5
395       402         7        11
407       410         3         3
218       411       193         2
220       392       172        21
389       391         2        22
404       411         7         2
394       409        15         4
38       412       374         1
404       408         4         5
213       411       198         2
25       411       386         2
407       412         5         1
387       392         5        21
39       405       366         8
384       408        24         5
37       411       374         2
405       411         6         2
410       412         2         1
402       412        10         1
404       412         8         1
403       411         8         2
406       408         2         5
394       403         9        10
400       409         9         4
404       405         1         8
405       407         2         6
256       406       150         7
398       410        12         3
388       410        22         3
408       409         1         4
403       406         3         7
39       412       373         1
223       409       186         4
390       392         2        21
373       378         5        35
404       412         8         1
407       410         3         3
405       412         7         1
29       410       381         3
402       412        10         1
36       403       367        10
389       406        17         7
362       386        24        27
387       406        19         7
405       407         2         6
204       402       198        11
399       403         4        10
404       409         5         4
404       410         6         3
222       409       187         4
23       412       389         1
397       410        13         3
409       412         3         1
393       410        17         3
220       402       182        11
27       375       348        38
27       406       379         7
403       404         1         9
395       397         2        16
387       410        23         3
391       411        20         2
403       411         8         2
393       412        19         1
402       408         6         5
265       397       132        16
401       412        11         1
398       411        13         2
388       393         5        20
402       410         8         3
38       404       366         9
407       412         5         1
379       400        21        13
389       391         2        22
398       408        10         5
402       404         2         9
380       391        11        22
396       411        15         2
389       408        19         5
405       408         3         5
394       406        12         7
395       401         6        12
401       404         3         9
404       412         8         1
411       412         1         1
406       411         5         2
12       385       373        28
401       409         8         4
217       409       192         4
402       411         9         2
407       412         5         1
33       397       364        16
406       411         5         2
402       410         8         3
393       403        10        10
33       394       361        19
30       399       369        14
407       412         5         1
391       408        17         5
400       405         5         8
206       411       205         2
405       408         3         5
396       411        15         2
403       409         6         4
387       410        23         3
396       406        10         7
383       393        10        20
390       397         7        16
407       411         4         2
209       397       188        16
13       408       395         5
402       403         1        10
382       404        22         9
406       407         1         6
