334       337         3         5
337       341         4         1
338       339         1         3
338       341         3         1
329       337         8         5
333       336         3         6
137       328       191        14
142       338       196         4
330       341        11         1
240       338        98         4
134       340       206         2
245       333        88         9
340       341         1         1
331       340         9         2
335       336         1         6
336       340         4         2
333       335         2         7
339       341         2         1
211       333       122         9
338       341         3         1
328       335         7         7
215       327       112        15
178       341       163         1
327       333         6         9
329       340        11         2
28       327       299        15
337       340         3         2
331       335         4         7
333       340         7         2
340       341         1         1
32       236       204       106
337       340         3         2
333       341         8         1
332       341         9         1
34       334       300         8
330       331         1        11
338       340         2         2
247       341        94         1
238       341       103         1
335       338         3         4
330       341        11         1
331       334         3         8
333       338         5         4
332       335         3         7
325       331         6        11
338       339         1         3
143       326       183        16
340       341         1         1
326       341        15         1
339       340         1         2
340       341         1         1
338       341         3         1
334       341         7         1
174       338       164         4
319       341        22         1
330       339         9         3
326       337        11         5
24       341       317         1
242       323        81        19
330       333         3         9
170       339       169         3
329       332         3        10
340       341         1         1
172       340       168         2
328       333         5         9
330       332         2        10
340       341         1         1
175       207        32       135
312       330        18        12
339       341         2         1
328       341        13         1
179       339       160         3
27       338       311         4
243       341        98         1
248       341        93         1
299       338        39         4
325       327         2        15
330       334         4         8
326       331         5        11
336       340         4         2
215       336       121         6
333       335         2         7
336       341         5         1
325       338        13         4
333       338         5         4
339       341         2         1
318       331        13        11
143       341       198         1
337       338         1         4
334       337         3         5
339       341         2         1
336       341         5         1
140       340       200         2
330       334         4         8
338       340         2         2
340       341         1         1
332       340         8         2
33       341       308         1
139       319       180        23
142       337       195         5
335       339         4         3
175       339       164         3
330       337         7         5
318       335        17         7
327       341        14         1
322       334        12         8
322       328         6        14
32       335       303         7
35       325       290        17
325       336        11         6
176       340       164         2
162       335       173         7
334       338         4         4
320       330        10        12
339       341         2         1
330       341        11         1
35       339       304         3
330       334         4         8
336       337         1         5
127       341       214         1
334       336         2         6
334       341         7         1
340       341         1         1
331       333         2         9
334       337         3         5
324       340        16         2
332       339         7         3
327       336         9         6
339       341         2         1
305       337        32         5
139       341       202         1
27       135       108       207
327       340        13         2
33       341       308         1
35       329       294        13
337       339         2         3
316       340        24         2
337       339         2         3
336       338         2         4
32       337       305         5
249       339        90         3
30       340       310         2
250       339        89         3
141       334       193         8
320       334        14         8
26        31         5       311
340       341         1         1
30       205       175       137
340       341         1         1
171       340       169         2
143       339       196         3
328       334         6         8
324       325         1        17
249       339        90         3
8       341       333         1
24       339       315         3
329       340        11         2
328       339        11         3
337       339         2         3
134       329       195        13
338       340         2         2
173       213        40       129
177       330       153        12
135       341       206         1
251       339        88         3
330       338         8         4
177       210        33       132
336       341         5         1
331       337         6         5
337       338         1         4
339       341         2         1
333       341         8         1
321       329         8        13
330       341        11         1
337       341         4         1
317       326         9        16
136       325       189        17
331       333         2         9
326       330         4        12
332       334         2         8
22       331       309        11
31       340       309         2
339       341         2         1
208       339       131         3
29       337       308         5
332       334         2         8
318       332        14        10
321       335        14         7
33       341       308         1
331       335         4         7
337       338         1         4
319       333        14         9
132       340       208         2
246       327        81        15
333       336         3         6
326       337        11         5
338       341         3         1
330       332         2        10
337       340         3         2
317       325         8        17
301       341        40         1
332       336         4         6
317       335        18         7
34       340       306         2
335       337         2         5
317       318         1        24
35       333       298         9
308       341        33         1
206       338       132         4
242       334        92         8
326       340        14         2
16       334       318         8
244       341        97         1
322       331         9        11
135       341       206         1
321       327         6        15
329       336         7         6
331       335         4         7
317       333        16         9
334       335         1         7
317       335        18         7
325       335        10         7
332       336         4         6
143       330       187        12
335       339         4         3
210       340       130         2
340       341         1         1
210       335       125         7
338       341         3         1
224       317        93        25
321       332        11        10
338       341         3         1
330       340        10         2
28       328       300        14
337       338         1         4
331       340         9         2
140       338       198         4
336       341         5         1
214       329       115        13
205       338       133         4
339       340         1         2
339       340         1         2
333       340         7         2
34       322       288        20
34       337       303         5
305       337        32         5
178       215        37       127
142       339       197         3
175       336       161         6
340       341         1         1
337       341         4         1
336       337         1         5
312       335        23         7
333       337         4         5
137       320       183        22
250       338        88         4
334       337         3         5
327       335         8         7
335       336         1         6
329       337         8         5
35       340       305         2
242       326        84        16
339       340         1         2
313       341        28         1
340       341         1         1
335       338         3         4
338       340         2         2
321       333        12         9
324       338        14         4
336       337         1         5
319       334        15         8
307       341        34         1
33       175       142       167
328       338        10         4
326       341        15         1
329       334         5         8
338       340         2         2
329       337         8         5
328       336         8         6
337       339         2         3
327       339        12         3
330       341        11         1
331       341        10         1
331       336         5         6
330       339         9         3
331       339         8         3
336       339         3         3
335       337         2         5
330       334         4         8
333       337         4         5
335       336         1         6
143       338       195         4
329       332         3        10
333       341         8         1
334       340         6         2
338       340         2         2
328       331         3        11
329       331         2        11
325       334         9         8
330       336         6         6
319       339        20         3
322       328         6        14
251       335        84         7
324       333         9         9
214       336       122         6
334       338         4         4
332       340         8         2
324       335        11         7
139       340       201         2
334       339         5         3
338       339         1         3
334       335         1         7
335       338         3         4
333       339         6         3
335       338         3         4
330       341        11         1
171       341       170         1
248       334        86         8
34       332       298        10
177       334       157         8
339       341         2         1
319       337        18         5
335       341         6         1
329       336         7         6
331       333         2         9
339       341         2         1
214       338       124         4
32       324       292        18
334       341         7         1
329       340        11         2
307       324        17        18
335       340         5         2
329       331         2        11
314       341        27         1
337       340         3         2
215       321       106        21
334       341         7         1
319       338        19         4
330       331         1        11
205       340       135         2
333       335         2         7
335       339         4         3
328       339        11         3
322       340        18         2
337       338         1         4
334       336         2         6
26       335       309         7
336       339         3         3
336       340         4         2
330       335         5         7
321       340        19         2
340       341         1         1
317       331        14        11
32       340       308         2
335       337         2         5
333       339         6         3
250       335        85         7
340       341         1         1
215       341       126         1
24       316       292        26
321       340        19         2
31       340       309         2
339       341         2         1
34       326       292        16
337       338         1         4
328       341        13         1
322       338        16         4
28        35         7       307
321       341        20         1
331       334         3         8
313       337        24         5
331       335         4         7
329       336         7         6
330       337         7         5
241       333        92         9
132       331       199        11
337       339         2         3
321       331        10        11
332       341         9         1
27       334       307         8
31       341       310         1
338       340         2         2
27       338       311         4
338       340         2         2
306       337        31         5
320       328         8        14
207       341       134         1
214       340       126         2
327       332         5        10
327       340        13         2
328       330         2        12
323       338        15         4
327       339        12         3
334       338         4         4
330       338         8         4
179       329       150        13
330       336         6         6
332       335         3         7
339       340         1         2
333       339         6         3
34       340       306         2
331       341        10         1
211       334       123         8
34       341       307         1
297       337        40         5
335       336         1         6
331       333         2         9
331       333         2         9
332       340         8         2
336       340         4         2
327       328         1        14
178       322       144        20
35       207       172       135
335       338         3         4
331       334         3         8
339       341         2         1
327       335         8         7
337       341         4         1
205       333       128         9
338       341         3         1
338       340         2         2
328       341        13         1
323       337        14         5
333       338         5         4
326       333         7         9
336       337         1         5
329       338         9         4
171       341       170         1
333       341         8         1
33       250       217        92
315       328        13        14
325       335        10         7
332       341         9         1
324       339        15         3
334       341         7         1
250       338        88         4
338       340         2         2
32       332       300        10
335       340         5         2
333       334         1         8
316       341        25         1
339       340         1         2
334       341         7         1
32       336       304         6
332       334         2         8
176       337       161         5
142       314       172        28
319       338        19         4
339       341         2         1
338       339         1         3
139       338       199         4
333       334         1         8
328       340        12         2
319       336        17         6
337       341         4         1
336       340         4         2
333       341         8         1
248       318        70        24
330       336         6         6
215       325       110        17
35       243       208        99
251       320        69        22
316       327        11        15
32       333       301         9
336       337         1         5
331       333         2         9
179       336       157         6
325       335        10         7
245       332        87        10
134       340       206         2
324       340        16         2
332       334         2         8
174       331       157        11
334       337         3         5
24       329       305        13
336       338         2         4
323       329         6        13
32       324       292        18
324       341        17         1
323       341        18         1
178       195        17       147
35       336       301         6
338       341         3         1
339       341         2         1
132       143        11       199
22       333       311         9
33       336       303         6
329       332         3        10
338       341         3         1
333       338         5         4
320       337        17         5
322       341        19         1
334       337         3         5
322       329         7        13
2       333       331         9
130       339       209         3
324       330         6        12
323       333        10         9
315       333        18         9
336       337         1         5
326       339        13         3
326       341        15         1
327       337        10         5
251       341        90         1
215       324       109        18
332       341         9         1
28       332       304        10
323       335        12         7
239       332        93        10
328       335         7         7
338       340         2         2
332       341         9         1
320       332        12        10
337       341         4         1
336       340         4         2
339       341         2         1
340       341         1         1
328       335         7         7
209       319       110        23
323       338        15         4
326       328         2        14
34       331       297        11
338       340         2         2
320       340        20         2
242       337        95         5
339       341         2         1
339       341         2         1
321       341        20         1
311       317         6        25
321       340        19         2
329       337         8         5
35       324       289        18
332       338         6         4
336       341         5         1
327       338        11         4
330       334         4         8
323       334        11         8
340       341         1         1
326       336        10         6
332       336         4         6
140       324       184        18
142       333       191         9
328       339        11         3
325       330         5        12
339       341         2         1
327       328         1        14
305       331        26        11
335       341         6         1
32       337       305         5
331       341        10         1
203       335       132         7
319       326         7        16
304       336        32         6
338       341         3         1
160       340       180         2
325       336        11         6
334       340         6         2
320       325         5        17
324       334        10         8
325       340        15         2
330       336         6         6
334       338         4         4
336       337         1         5
336       341         5         1
142       338       196         4
311       340        29         2
333       341         8         1
324       341        17         1
333       340         7         2
329       330         1        12
195       327       132        15
331       336         5         6
174       339       165         3
328       339        11         3
338       341         3         1
300       327        27        15
29       341       312         1
337       340         3         2
331       338         7         4
325       341        16         1
214       339       125         3
198       338       140         4
31       329       298        13
333       335         2         7
319       341        22         1
330       340        10         2
317       340        23         2
246       330        84        12
324       338        14         4
250       329        79        13
167       330       163        12
312       334        22         8
329       330         1        12
316       334        18         8
168       330       162        12
322       341        19         1
339       340         1         2
319       333        14         9
333       335         2         7
333       334         1         8
248       337        89         5
335       337         2         5
334       340         6         2
326       340        14         2
335       341         6         1
328       334         6         8
296       340        44         2
333       338         5         4
337       341         4         1
327       341        14         1
340       341         1         1
334       340         6         2
32       339       307         3
27       340       313         2
31       333       302         9
179       332       153        10
34       142       108       200
332       341         9         1
331       337         6         5
335       340         5         2
336       341         5         1
33       340       307         2
331       338         7         4
338       339         1         3
249       338        89         4
136       340       204         2
335       340         5         2
332       333         1         9
32       341       309         1
325       335        10         7
340       341         1         1
305       332        27        10
329       330         1        12
333       341         8         1
333       335         2         7
308       328        20        14
329       339        10         3
336       341         5         1
327       338        11         4
29       337       308         5
307       334        27         8
307       341        34         1
339       340         1         2
321       339        18         3
333       339         6         3
310       326        16        16
325       337        12         5
35       340       305         2
143       335       192         7
328       339        11         3
229       340       111         2
135       335       200         7
126       329       203        13
331       334         3         8
338       339         1         3
179       341       162         1
334       336         2         6
323       341        18         1
250       331        81        11
26       341       315         1
142       302       160        40
338       341         3         1
331       340         9         2
29       336       307         6
321       324         3        18
323       340        17         2
138       330       192        12
315       341        26         1
143       323       180        19
340       341         1         1
205       330       125        12
329       330         1        12
249       341        92         1
331       340         9         2
339       341         2         1
324       340        16         2
239       337        98         5
326       337        11         5
337       339         2         3
325       337        12         5
339       341         2         1
215       332       117        10
158       328       170        14
32       341       309         1
332       333         1         9
214       337       123         5
327       339        12         3
309       341        32         1
319       340        21         2
338       341         3         1
333       341         8         1
325       339        14         3
322       339        17         3
338       340         2         2
33       335       302         7
248       330        82        12
329       338         9         4
327       338        11         4
339       340         1         2
335       337         2         5
334       335         1         7
137       340       203         2
248       341        93         1
325       339        14         3
140       324       184        18
326       331         5        11
316       340        24         2
338       340         2         2
339       341         2         1
325       339        14         3
31       341       310         1
327       341        14         1
30       337       307         5
334       335         1         7
34       323       289        19
35       174       139       168
337       340         3         2
339       341         2         1
334       337         3         5
320       341        21         1
239       341       102         1
332       341         9         1
336       340         4         2
336       340         4         2
35       337       302         5
335       339         4         3
28       328       300        14
336       340         4         2
339       340         1         2
319       331        12        11
338       339         1         3
336       341         5         1
140       340       200         2
339       341         2         1
319       328         9        14
336       341         5         1
329       336         7         6
27       336       309         6
19       337       318         5
176       330       154        12
168       339       171         3
325       332         7        10
337       338         1         4
161       313       152        29
177       341       164         1
140       318       178        24
338       340         2         2
326       327         1        15
326       331         5        11
338       340         2         2
31       338       307         4
330       341        11         1
161       331       170        11
332       337         5         5
177       341       164         1
335       339         4         3
322       332        10        10
329       334         5         8
332       333         1         9
337       339         2         3
328       334         6         8
334       338         4         4
32       136       104       206
323       339        16         3
2       331       329        11
330       335         5         7
325       337        12         5
314       339        25         3
332       340         8         2
311       332        21        10
333       336         3         6
245       337        92         5
340       341         1         1
333       339         6         3
330       332         2        10
334       336         2         6
327       338        11         4
337       341         4         1
330       332         2        10
248       331        83        11
327       340        13         2
334       339         5         3
338       340         2         2
330       341        11         1
338       341         3         1
339       341         2         1
33       340       307         2
321       334        13         8
340       341         1         1
175       335       160         7
335       337         2         5
334       341         7         1
335       340         5         2
332       341         9         1
338       340         2         2
336       339         3         3
335       336         1         6
325       337        12         5
313       328        15        14
336       337         1         5
318       338        20         4
320       336        16         6
330       339         9         3
333       341         8         1
339       341         2         1
331       336         5         6
337       340         3         2
332       337         5         5
215       338       123         4
314       330        16        12
334       341         7         1
246       335        89         7
340       341         1         1
176       326       150        16
329       330         1        12
333       341         8         1
335       338         3         4
249       316        67        26
330       334         4         8
330       334         4         8
312       339        27         3
339       341         2         1
328       333         5         9
214       341       127         1
338       340         2         2
338       341         3         1
335       336         1         6
31       141       110       201
337       341         4         1
334       338         4         4
323       334        11         8
330       341        11         1
324       332         8        10
337       340         3         2
327       338        11         4
320       332        12        10
334       341         7         1
335       339         4         3
312       337        25         5
324       327         3        15
31       333       302         9
318       336        18         6
336       339         3         3
330       334         4         8
328       340        12         2
335       341         6         1
34       341       307         1
179       337       158         5
327       331         4        11
138       335       197         7
338       340         2         2
326       337        11         5
329       337         8         5
331       334         3         8
334       337         3         5
335       336         1         6
336       341         5         1
14       340       326         2
32       324       292        18
327       330         3        12
339       341         2         1
143       341       198         1
332       339         7         3
212       333       121         9
334       337         3         5
334       339         5         3
31       331       300        11
206       341       135         1
35       337       302         5
215       341       126         1
28       334       306         8
333       335         2         7
334       335         1         7
248       333        85         9
215       340       125         2
327       339        12         3
22       341       319         1
332       337         5         5
330       338         8         4
334       339         5         3
338       339         1         3
326       330         4        12
321       324         3        18
4       327       323        15
330       331         1        11
336       341         5         1
336       339         3         3
142       337       195         5
318       333        15         9
137       341       204         1
336       340         4         2
139       341       202         1
331       341        10         1
331       339         8         3
245       331        86        11
331       335         4         7
337       340         3         2
133       340       207         2
338       340         2         2
339       341         2         1
322       339        17         3
35       335       300         7
20       337       317         5
318       335        17         7
336       340         4         2
135       339       204         3
336       341         5         1
334       336         2         6
334       339         5         3
340       341         1         1
340       341         1         1
334       337         3         5
337       340         3         2
338       339         1         3
334       338         4         4
333       334         1         8
339       340         1         2
30       324       294        18
326       341        15         1
328       330         2        12
138       338       200         4
336       339         3         3
335       341         6         1
330       331         1        11
212       340       128         2
332       334         2         8
329       337         8         5
333       340         7         2
200       331       131        11
330       333         3         9
319       338        19         4
28       340       312         2
333       335         2         7
334       337         3         5
335       338         3         4
324       333         9         9
327       341        14         1
332       337         5         5
321       339        18         3
325       328         3        14
143       327       184        15
324       329         5        13
338       341         3         1
336       341         5         1
334       339         5         3
201       339       138         3
313       340        27         2
326       329         3        13
331       335         4         7
333       341         8         1
339       341         2         1
33       330       297        12
327       338        11         4
329       336         7         6
336       341         5         1
138       330       192        12
340       341         1         1
332       337         5         5
332       339         7         3
321       336        15         6
334       337         3         5
140       333       193         9
326       341        15         1
334       336         2         6
332       336         4         6
331       336         5         6
176       340       164         2
333       339         6         3
317       319         2        23
340       341         1         1
215       338       123         4
326       339        13         3
208       335       127         7
325       339        14         3
319       337        18         5
332       339         7         3
214       338       124         4
336       339         3         3
332       333         1         9
332       336         4         6
316       339        23         3
326       334         8         8
336       341         5         1
212       338       126         4
333       335         2         7
210       338       128         4
331       336         5         6
339       340         1         2
312       339        27         3
328       330         2        12
28       338       310         4
336       341         5         1
175       333       158         9
304       328        24        14
337       340         3         2
333       335         2         7
334       341         7         1
251       330        79        12
331       335         4         7
329       337         8         5
