335       347        12         1
29       343       314         5
346       347         1         1
345       347         2         1
30       332       302        16
192       346       154         2
339       341         2         7
320       345        25         3
335       343         8         5
332       344        12         4
339       347         8         1
314       317         3        31
192       330       138        18
336       339         3         9
26       345       319         3
333       346        13         2
323       328         5        20
305       318        13        30
344       345         1         3
317       330        13        18
328       346        18         2
335       346        11         2
336       347        11         1
332       346        14         2
342       343         1         5
307       345        38         3
329       346        17         2
325       345        20         3
345       346         1         2
335       336         1        12
344       346         2         2
341       345         4         3
318       335        17        13
30       341       311         7
339       343         4         5
193       337       144        11
335       338         3        10
345       347         2         1
342       346         4         2
336       343         7         5
344       345         1         3
344       346         2         2
330       333         3        15
331       347        16         1
334       345        11         3
329       345        16         3
336       340         4         8
336       345         9         3
341       344         3         4
196       332       136        16
32       337       305        11
342       344         2         4
190       345       155         3
334       345        11         3
322       340        18         8
344       346         2         2
341       346         5         2
339       342         3         6
324       347        23         1
32       344       312         4
327       332         5        16
195       337       142        11
337       344         7         4
334       335         1        13
334       347        13         1
194       327       133        21
338       339         1         9
324       345        21         3
335       347        12         1
341       347         6         1
337       340         3         8
337       344         7         4
315       341        26         7
331       343        12         5
343       346         3         2
335       347        12         1
320       345        25         3
318       335        17        13
343       344         1         4
334       340         6         8
326       339        13         9
332       339         7         9
18       335       317        13
345       347         2         1
23       332       309        16
190       342       152         6
337       341         4         7
339       340         1         8
328       332         4        16
334       339         5         9
318       343        25         5
323       347        24         1
321       340        19         8
305       337        32        11
328       343        15         5
308       316         8        32
346       347         1         1
318       326         8        22
342       343         1         5
342       347         5         1
305       327        22        21
331       341        10         7
337       346         9         2
338       343         5         5
341       345         4         3
341       344         3         4
337       346         9         2
321       322         1        26
319       340        21         8
342       343         1         5
343       347         4         1
29       347       318         1
306       334        28        14
341       343         2         5
319       333        14        15
327       346        19         2
322       333        11        15
345       346         1         2
312       320         8        28
343       347         4         1
332       345        13         3
337       339         2         9
193       345       152         3
325       329         4        19
333       345        12         3
310       321        11        27
27       337       310        11
331       341        10         7
340       342         2         6
341       342         1         6
322       341        19         7
340       343         3         5
344       346         2         2
343       347         4         1
328       341        13         7
338       343         5         5
344       345         1         3
311       337        26        11
343       347         4         1
310       328        18        20
24       347       323         1
329       345        16         3
197       331       134        17
311       343        32         5
17       335       318        13
335       347        12         1
337       343         6         5
340       343         3         5
329       343        14         5
332       345        13         3
330       346        16         2
335       342         7         6
337       340         3         8
340       347         7         1
334       335         1        13
345       346         1         2
32       346       314         2
346       347         1         1
29       345       316         3
333       344        11         4
339       347         8         1
319       322         3        26
335       345        10         3
345       346         1         2
337       342         5         6
338       347         9         1
329       339        10         9
338       345         7         3
331       344        13         4
326       336        10        12
332       342        10         6
28       341       313         7
317       327        10        21
323       330         7        18
333       343        10         5
318       327         9        21
339       343         4         5
292       316        24        32
31       347       316         1
31       347       316         1
342       347         5         1
20       342       322         6
329       339        10         9
345       346         1         2
333       346        13         2
328       345        17         3
335       346        11         2
312       326        14        22
342       346         4         2
329       344        15         4
343       344         1         4
343       345         2         3
339       340         1         8
333       340         7         8
335       339         4         9
330       338         8        10
337       345         8         3
319       328         9        20
331       332         1        16
335       343         8         5
342       343         1         5
304       341        37         7
338       339         1         9
192       341       149         7
301       336        35        12
324       326         2        22
317       343        26         5
341       344         3         4
329       345        16         3
25       345       320         3
13       312       299        36
338       344         6         4
331       334         3        14
304       337        33        11
317       338        21        10
5       343       338         5
330       335         5        13
327       335         8        13
333       337         4        11
331       347        16         1
315       319         4        29
337       344         7         4
342       344         2         4
345       347         2         1
335       336         1        12
343       345         2         3
333       345        12         3
299       334        35        14
345       347         2         1
335       347        12         1
336       343         7         5
188       346       158         2
346       347         1         1
340       341         1         7
338       339         1         9
296       342        46         6
344       347         3         1
340       345         5         3
324       345        21         3
338       344         6         4
321       330         9        18
339       347         8         1
328       340        12         8
31       335       304        13
339       344         5         4
326       345        19         3
332       335         3        13
331       342        11         6
328       339        11         9
26       331       305        17
330       338         8        10
325       329         4        19
30       340       310         8
337       338         1        10
326       347        21         1
192       345       153         3
32       338       306        10
333       344        11         4
335       336         1        12
343       345         2         3
333       335         2        13
342       344         2         4
337       343         6         5
21       327       306        21
307       327        20        21
334       342         8         6
340       344         4         4
329       346        17         2
338       343         5         5
302       323        21        25
343       347         4         1
335       344         9         4
328       338        10        10
194       331       137        17
336       343         7         5
343       347         4         1
327       344        17         4
343       346         3         2
334       339         5         9
342       345         3         3
341       347         6         1
334       347        13         1
184       345       161         3
326       330         4        18
313       326        13        22
323       333        10        15
318       338        20        10
333       347        14         1
320       325         5        23
280       305        25        43
30       344       314         4
333       342         9         6
334       343         9         5
328       340        12         8
341       346         5         2
305       313         8        35
338       339         1         9
322       344        22         4
316       326        10        22
336       345         9         3
318       345        27         3
313       317         4        31
334       338         4        10
28       347       319         1
344       345         1         3
32       337       305        11
337       339         2         9
329       337         8        11
345       346         1         2
338       345         7         3
336       343         7         5
336       346        10         2
344       345         1         3
339       342         3         6
345       347         2         1
320       343        23         5
331       342        11         6
329       343        14         5
321       334        13        14
322       344        22         4
340       345         5         3
190       194         4       154
344       346         2         2
307       341        34         7
333       342         9         6
344       345         1         3
330       337         7        11
14       345       331         3
345       347         2         1
329       339        10         9
322       333        11        15
340       344         4         4
329       331         2        17
334       336         2        12
26       344       318         4
340       344         4         4
332       339         7         9
309       327        18        21
343       347         4         1
332       336         4        12
318       344        26         4
339       340         1         8
308       344        36         4
331       340         9         8
26       345       319         3
323       330         7        18
317       343        26         5
335       344         9         4
346       347         1         1
334       346        12         2
322       334        12        14
344       345         1         3
27       343       316         5
346       347         1         1
335       346        11         2
314       327        13        21
342       343         1         5
343       347         4         1
31       340       309         8
336       347        11         1
192       346       154         2
329       347        18         1
316       333        17        15
332       342        10         6
338       343         5         5
32       344       312         4
338       345         7         3
335       343         8         5
334       336         2        12
342       347         5         1
340       341         1         7
9       343       334         5
197       346       149         2
327       347        20         1
338       343         5         5
345       347         2         1
333       347        14         1
321       326         5        22
29       327       298        21
344       345         1         3
336       337         1        11
317       346        29         2
308       330        22        18
26       345       319         3
342       346         4         2
331       340         9         8
337       342         5         6
341       346         5         2
344       345         1         3
319       337        18        11
32       346       314         2
325       341        16         7
342       347         5         1
341       346         5         2
345       346         1         2
322       327         5        21
309       339        30         9
331       344        13         4
346       347         1         1
334       340         6         8
330       345        15         3
341       343         2         5
309       326        17        22
341       345         4         3
337       343         6         5
342       345         3         3
336       347        11         1
333       342         9         6
30       346       316         2
340       343         3         5
343       344         1         4
25       311       286        37
328       337         9        11
335       340         5         8
316       343        27         5
331       344        13         4
326       341        15         7
346       347         1         1
326       345        19         3
330       347        17         1
310       329        19        19
23       326       303        22
339       344         5         4
336       339         3         9
341       342         1         6
328       347        19         1
30       332       302        16
340       345         5         3
336       340         4         8
332       341         9         7
5       338       333        10
335       347        12         1
29       326       297        22
325       344        19         4
18       341       323         7
337       344         7         4
338       347         9         1
344       346         2         2
341       344         3         4
331       343        12         5
311       334        23        14
333       346        13         2
343       344         1         4
327       343        16         5
317       323         6        25
26       197       171       151
323       347        24         1
310       342        32         6
334       338         4        10
341       345         4         3
331       346        15         2
342       346         4         2
334       338         4        10
13       347       334         1
301       307         6        41
345       346         1         2
339       343         4         5
330       339         9         9
31       347       316         1
25       340       315         8
25       347       322         1
330       346        16         2
321       331        10        17
30       347       317         1
321       347        26         1
338       342         4         6
343       344         1         4
327       345        18         3
317       321         4        27
345       346         1         2
345       347         2         1
192       339       147         9
319       328         9        20
336       339         3         9
25       333       308        15
27       313       286        35
192       346       154         2
341       345         4         3
336       344         8         4
306       343        37         5
189       342       153         6
338       344         6         4
344       347         3         1
325       347        22         1
325       343        18         5
346       347         1         1
338       342         4         6
12       191       179       157
11       316       305        32
306       332        26        16
329       346        17         2
286       331        45        17
329       344        15         4
337       341         4         7
321       340        19         8
344       345         1         3
334       341         7         7
31       333       302        15
328       347        19         1
319       321         2        27
345       347         2         1
341       343         2         5
320       345        25         3
315       320         5        28
320       339        19         9
311       345        34         3
22       327       305        21
342       345         3         3
337       346         9         2
328       345        17         3
334       347        13         1
330       336         6        12
338       345         7         3
29       337       308        11
29       343       314         5
299       311        12        37
320       341        21         7
334       345        11         3
328       341        13         7
334       345        11         3
330       345        15         3
339       345         6         3
315       316         1        32
342       347         5         1
324       341        17         7
336       338         2        10
340       341         1         7
342       346         4         2
327       341        14         7
338       339         1         9
337       344         7         4
346       347         1         1
320       342        22         6
335       345        10         3
314       325        11        23
337       342         5         6
340       347         7         1
309       333        24        15
345       346         1         2
344       345         1         3
344       345         1         3
330       338         8        10
195       332       137        16
330       343        13         5
29       341       312         7
344       345         1         3
331       347        16         1
194       197         3       151
315       335        20        13
339       341         2         7
339       343         4         5
325       341        16         7
329       347        18         1
342       346         4         2
28       343       315         5
346       347         1         1
334       342         8         6
326       339        13         9
337       343         6         5
192       316       124        32
317       323         6        25
343       347         4         1
31       327       296        21
339       344         5         4
343       346         3         2
336       345         9         3
337       343         6         5
344       345         1         3
21       343       322         5
314       345        31         3
339       345         6         3
322       334        12        14
342       344         2         4
340       344         4         4
319       325         6        23
32       328       296        20
344       345         1         3
24       342       318         6
311       312         1        36
332       342        10         6
336       342         6         6
342       344         2         4
19       341       322         7
344       345         1         3
346       347         1         1
334       342         8         6
337       339         2         9
334       335         1        13
346       347         1         1
333       343        10         5
324       335        11        13
306       339        33         9
346       347         1         1
341       347         6         1
333       347        14         1
193       338       145        10
330       340        10         8
337       345         8         3
333       337         4        11
335       342         7         6
341       346         5         2
336       338         2        10
343       347         4         1
337       338         1        10
331       334         3        14
343       345         2         3
188       344       156         4
337       346         9         2
325       330         5        18
193       347       154         1
341       346         5         2
345       346         1         2
332       344        12         4
327       338        11        10
314       335        21        13
337       339         2         9
324       345        21         3
336       346        10         2
28       345       317         3
338       344         6         4
346       347         1         1
327       344        17         4
332       345        13         3
331       340         9         8
341       344         3         4
343       347         4         1
339       347         8         1
320       337        17        11
341       344         3         4
17       329       312        19
340       341         1         7
337       340         3         8
294       306        12        42
333       344        11         4
320       342        22         6
327       347        20         1
301       345        44         3
337       340         3         8
341       347         6         1
344       345         1         3
311       341        30         7
341       342         1         6
346       347         1         1
327       347        20         1
331       347        16         1
333       337         4        11
333       341         8         7
293       311        18        37
318       339        21         9
339       347         8         1
344       346         2         2
312       321         9        27
329       337         8        11
325       328         3        20
27       344       317         4
345       346         1         2
334       342         8         6
345       347         2         1
334       347        13         1
305       343        38         5
340       347         7         1
32       347       315         1
343       344         1         4
345       347         2         1
339       342         3         6
345       346         1         2
23       341       318         7
341       346         5         2
330       343        13         5
333       345        12         3
346       347         1         1
324       335        11        13
28       333       305        15
336       339         3         9
331       336         5        12
343       344         1         4
335       345        10         3
342       343         1         5
289       340        51         8
344       346         2         2
328       346        18         2
337       347        10         1
335       338         3        10
339       346         7         2
188       346       158         2
20       347       327         1
341       345         4         3
327       336         9        12
331       347        16         1
326       345        19         3
330       342        12         6
323       347        24         1
334       340         6         8
341       345         4         3
342       347         5         1
332       341         9         7
329       338         9        10
331       343        12         5
333       334         1        14
343       347         4         1
333       345        12         3
338       340         2         8
325       333         8        15
333       336         3        12
331       335         4        13
342       346         4         2
339       340         1         8
331       339         8         9
342       345         3         3
326       333         7        15
345       347         2         1
335       342         7         6
333       347        14         1
315       333        18        15
24       333       309        15
342       344         2         4
331       347        16         1
314       341        27         7
340       344         4         4
334       335         1        13
341       343         2         5
338       341         3         7
344       347         3         1
28       331       303        17
346       347         1         1
335       341         6         7
340       344         4         4
195       332       137        16
318       343        25         5
344       345         1         3
332       336         4        12
325       334         9        14
324       347        23         1
332       346        14         2
336       346        10         2
340       347         7         1
189       319       130        29
336       341         5         7
197       346       149         2
321       333        12        15
322       337        15        11
342       344         2         4
339       345         6         3
325       343        18         5
22       339       317         9
341       345         4         3
318       325         7        23
341       347         6         1
337       345         8         3
342       345         3         3
286       345        59         3
32       304       272        44
343       346         3         2
332       339         7         9
25       195       170       153
341       346         5         2
328       344        16         4
335       338         3        10
343       345         2         3
338       343         5         5
22       319       297        29
323       344        21         4
334       335         1        13
335       336         1        12
316       330        14        18
312       324        12        24
339       343         4         5
345       347         2         1
336       347        11         1
337       341         4         7
21       341       320         7
333       341         8         7
331       344        13         4
330       344        14         4
344       347         3         1
315       347        32         1
341       344         3         4
332       345        13         3
335       343         8         5
190       331       141        17
325       343        18         5
336       346        10         2
337       342         5         6
344       346         2         2
328       335         7        13
192       341       149         7
343       347         4         1
325       341        16         7
338       346         8         2
333       340         7         8
332       336         4        12
332       339         7         9
325       329         4        19
330       346        16         2
334       335         1        13
322       343        21         5
334       347        13         1
318       342        24         6
335       336         1        12
344       346         2         2
30       345       315         3
317       330        13        18
24       343       319         5
346       347         1         1
327       330         3        18
28       344       316         4
337       347        10         1
340       347         7         1
31       347       316         1
328       334         6        14
325       347        22         1
346       347         1         1
340       343         3         5
344       345         1         3
341       345         4         3
332       334         2        14
345       346         1         2
332       346        14         2
342       345         3         3
321       347        26         1
191       344       153         4
327       338        11        10
344       346         2         2
338       342         4         6
339       340         1         8
27       336       309        12
318       344        26         4
345       346         1         2
333       346        13         2
342       345         3         3
325       337        12        11
330       337         7        11
332       343        11         5
337       345         8         3
341       342         1         6
338       339         1         9
337       342         5         6
322       334        12        14
344       346         2         2
329       334         5        14
190       347       157         1
342       347         5         1
336       341         5         7
341       343         2         5
334       345        11         3
315       341        26         7
340       344         4         4
325       329         4        19
330       343        13         5
345       346         1         2
333       342         9         6
326       330         4        18
336       341         5         7
330       346        16         2
32       347       315         1
23       343       320         5
186       324       138        24
333       342         9         6
323       328         5        20
321       336        15        12
328       346        18         2
342       347         5         1
328       345        17         3
342       344         2         4
25       336       311        12
337       338         1        10
331       345        14         3
340       346         6         2
327       346        19         2
323       336        13        12
333       336         3        12
328       339        11         9
342       347         5         1
315       340        25         8
333       344        11         4
187       345       158         3
342       347         5         1
342       343         1         5
338       339         1         9
300       329        29        19
341       347         6         1
313       320         7        28
310       341        31         7
323       334        11        14
341       343         2         5
344       345         1         3
327       338        11        10
331       343        12         5
342       345         3         3
341       347         6         1
26       346       320         2
29       193       164       155
334       346        12         2
315       331        16        17
313       314         1        34
30       347       317         1
327       334         7        14
304       316        12        32
24       333       309        15
342       345         3         3
336       338         2        10
323       333        10        15
345       347         2         1
343       346         3         2
335       341         6         7
24       327       303        21
335       346        11         2
344       347         3         1
331       346        15         2
191       347       156         1
326       335         9        13
305       341        36         7
27       311       284        37
342       345         3         3
340       346         6         2
339       343         4         5
330       342        12         6
327       335         8        13
186       320       134        28
343       347         4         1
327       337        10        11
336       344         8         4
32       335       303        13
22       337       315        11
329       332         3        16
334       335         1        13
321       345        24         3
279       343        64         5
339       347         8         1
322       329         7        19
340       347         7         1
192       345       153         3
337       340         3         8
31       344       313         4
342       343         1         5
343       344         1         4
341       342         1         6
344       346         2         2
332       347        15         1
309       319        10        29
342       345         3         3
25       344       319         4
339       345         6         3
24       347       323         1
332       336         4        12
327       336         9        12
293       332        39        16
31       332       301        16
321       324         3        24
337       346         9         2
334       345        11         3
309       341        32         7
341       345         4         3
336       345         9         3
197       338       141        10
340       345         5         3
340       343         3         5
343       345         2         3
13       192       179       156
318       339        21         9
341       347         6         1
322       333        11        15
329       332         3        16
189       343       154         5
337       338         1        10
337       342         5         6
341       346         5         2
345       346         1         2
328       329         1        19
331       345        14         3
346       347         1         1
342       344         2         4
337       344         7         4
338       347         9         1
311       317         6        31
314       344        30         4
341       343         2         5
342       345         3         3
340       341         1         7
341       343         2         5
197       340       143         8
329       342        13         6
195       342       147         6
197       335       138        13
326       342        16         6
331       333         2        15
329       343        14         5
344       346         2         2
335       339         4         9
341       342         1         6
317       330        13        18
332       333         1        15
341       343         2         5
332       335         3        13
315       342        27         6
334       345        11         3
342       343         1         5
27       341       314         7
319       323         4        25
341       345         4         3
