202       209         7         1
118       191        73        19
208       209         1         1
205       206         1         4
205       207         2         3
200       207         7         3
204       205         1         5
185       188         3        22
197       206         9         4
203       209         6         1
17       204       187         6
190       208        18         2
202       205         3         5
195       198         3        12
199       203         4         7
194       207        13         3
203       206         3         4
13       207       194         3
207       208         1         2
205       209         4         1
204       209         5         1
188       195         7        15
204       209         5         1
204       206         2         4
177       200        23        10
197       200         3        10
206       209         3         1
198       209        11         1
208       209         1         1
208       209         1         1
193       201         8         9
202       203         1         7
205       206         1         4
204       209         5         1
202       203         1         7
205       206         1         4
9       204       195         6
207       209         2         1
206       209         3         1
195       202         7         8
206       209         3         1
117       209        92         1
205       206         1         4
199       205         6         5
205       207         2         3
203       208         5         2
194       205        11         5
182       203        21         7
118       202        84         8
198       209        11         1
207       208         1         2
194       200         6        10
203       206         3         4
203       204         1         6
206       209         3         1
197       209        12         1
175       206        31         4
197       207        10         3
208       209         1         1
197       206         9         4
206       208         2         2
8       207       199         3
207       208         1         2
205       209         4         1
199       209        10         1
205       208         3         2
191       192         1        18
193       207        14         3
199       200         1        10
199       209        10         1
202       208         6         2
204       207         3         3
207       209         2         1
18       199       181        11
204       208         4         2
200       208         8         2
207       209         2         1
203       208         5         2
206       208         2         2
203       208         5         2
204       206         2         4
202       208         6         2
194       198         4        12
193       199         6        11
199       205         6         5
197       209        12         1
200       203         3         7
207       209         2         1
197       207        10         3
207       209         2         1
188       206        18         4
205       207         2         3
204       208         4         2
202       207         5         3
207       209         2         1
199       201         2         9
203       208         5         2
208       209         1         1
113       202        89         8
195       200         5        10
183       195        12        15
199       207         8         3
198       206         8         4
188       206        18         4
118       209        91         1
200       202         2         8
185       207        22         3
204       208         4         2
201       209         8         1
14        17         3       193
201       203         2         7
196       202         6         8
200       204         4         6
207       208         1         2
203       208         5         2
205       208         3         2
203       204         1         6
206       209         3         1
184       199        15        11
204       208         4         2
198       203         5         7
198       206         8         4
186       190         4        20
200       208         8         2
197       209        12         1
179       203        24         7
189       205        16         5
202       205         3         5
207       208         1         2
195       197         2        13
203       208         5         2
192       198         6        12
204       209         5         1
201       205         4         5
196       203         7         7
206       209         3         1
208       209         1         1
201       204         3         6
205       208         3         2
208       209         1         1
19       209       190         1
204       209         5         1
207       209         2         1
204       207         3         3
202       206         4         4
207       209         2         1
18       207       189         3
206       209         3         1
205       208         3         2
200       208         8         2
208       209         1         1
193       199         6        11
201       208         7         2
201       202         1         8
190       199         9        11
200       206         6         4
185       203        18         7
198       208        10         2
205       206         1         4
206       208         2         2
207       208         1         2
195       207        12         3
18       208       190         2
197       209        12         1
201       203         2         7
200       208         8         2
202       209         7         1
115       203        88         7
198       207         9         3
117       208        91         2
204       209         5         1
200       205         5         5
194       208        14         2
205       209         4         1
205       208         3         2
196       204         8         6
205       208         3         2
201       203         2         7
192       194         2        16
191       201        10         9
18       208       190         2
205       209         4         1
204       207         3         3
200       206         6         4
194       208        14         2
201       206         5         4
205       206         1         4
198       204         6         6
179       194        15        16
202       204         2         6
204       205         1         5
203       205         2         5
204       209         5         1
196       206        10         4
195       201         6         9
205       209         4         1
191       196         5        14
199       200         1        10
206       209         3         1
189       207        18         3
197       203         6         7
202       209         7         1
200       201         1         9
205       209         4         1
187       206        19         4
204       207         3         3
193       202         9         8
205       208         3         2
205       206         1         4
201       204         3         6
197       200         3        10
201       209         8         1
207       209         2         1
205       208         3         2
203       208         5         2
195       209        14         1
201       205         4         5
205       208         3         2
206       207         1         3
204       205         1         5
200       209         9         1
200       209         9         1
203       209         6         1
196       204         8         6
188       194         6        16
198       207         9         3
208       209         1         1
206       209         3         1
188       206        18         4
198       203         5         7
117       202        85         8
199       201         2         9
117       203        86         7
204       209         5         1
198       207         9         3
192       198         6        12
181       207        26         3
206       207         1         3
202       205         3         5
205       207         2         3
196       203         7         7
202       209         7         1
116       203        87         7
195       204         9         6
200       201         1         9
206       207         1         3
203       205         2         5
197       205         8         5
196       198         2        12
193       196         3        14
190       205        15         5
198       203         5         7
202       206         4         4
200       205         5         5
7       209       202         1
1       196       195        14
204       208         4         2
19       204       185         6
196       205         9         5
195       205        10         5
196       207        11         3
183       192         9        18
196       198         2        12
205       209         4         1
199       207         8         3
207       208         1         2
205       206         1         4
193       195         2        15
196       207        11         3
207       209         2         1
110       201        91         9
196       205         9         5
191       208        17         2
201       205         4         5
184       207        23         3
205       209         4         1
206       208         2         2
192       208        16         2
206       207         1         3
17       206       189         4
202       209         7         1
206       208         2         2
199       207         8         3
200       205         5         5
116       206        90         4
195       205        10         5
193       205        12         5
206       209         3         1
205       208         3         2
203       208         5         2
207       209         2         1
171       209        38         1
207       209         2         1
14       203       189         7
10       208       198         2
193       204        11         6
202       206         4         4
205       209         4         1
194       202         8         8
197       206         9         4
199       207         8         3
202       206         4         4
202       207         5         3
185       187         2        23
205       206         1         4
198       202         4         8
114       197        83        13
200       204         4         6
111       207        96         3
208       209         1         1
182       209        27         1
204       206         2         4
7       205       198         5
207       208         1         2
206       207         1         3
19       209       190         1
197       199         2        11
206       209         3         1
202       206         4         4
205       209         4         1
18       207       189         3
203       209         6         1
165       191        26        19
200       204         4         6
199       207         8         3
206       209         3         1
199       209        10         1
200       206         6         4
198       208        10         2
204       209         5         1
205       206         1         4
196       208        12         2
205       206         1         4
206       209         3         1
204       209         5         1
203       204         1         6
195       201         6         9
206       209         3         1
204       205         1         5
208       209         1         1
202       209         7         1
208       209         1         1
204       208         4         2
194       199         5        11
206       207         1         3
203       209         6         1
204       208         4         2
208       209         1         1
207       209         2         1
202       203         1         7
206       208         2         2
202       204         2         6
198       202         4         8
197       198         1        12
200       203         3         7
200       204         4         6
16       196       180        14
205       206         1         4
200       201         1         9
17       202       185         8
206       208         2         2
187       198        11        12
195       208        13         2
206       208         2         2
188       208        20         2
205       207         2         3
16       188       172        22
208       209         1         1
195       197         2        13
201       203         2         7
196       207        11         3
195       208        13         2
195       202         7         8
6       201       195         9
205       206         1         4
18       202       184         8
204       207         3         3
208       209         1         1
199       208         9         2
199       201         2         9
200       208         8         2
118       208        90         2
116       207        91         3
205       207         2         3
187       207        20         3
202       206         4         4
201       206         5         4
188       200        12        10
188       191         3        19
188       196         8        14
190       207        17         3
203       207         4         3
208       209         1         1
202       205         3         5
202       205         3         5
201       206         5         4
193       207        14         3
187       205        18         5
208       209         1         1
186       208        22         2
12       208       196         2
191       196         5        14
202       208         6         2
207       209         2         1
208       209         1         1
201       205         4         5
197       206         9         4
116       204        88         6
18       209       191         1
202       209         7         1
200       204         4         6
119       208        89         2
199       203         4         7
198       207         9         3
199       200         1        10
207       208         1         2
207       208         1         2
186       204        18         6
199       203         4         7
195       198         3        12
187       208        21         2
208       209         1         1
194       196         2        14
203       209         6         1
198       204         6         6
198       199         1        11
206       207         1         3
204       206         2         4
196       209        13         1
198       204         6         6
202       206         4         4
204       205         1         5
205       207         2         3
203       204         1         6
185       202        17         8
199       202         3         8
201       205         4         5
205       206         1         4
195       202         7         8
203       209         6         1
113       206        93         4
16       209       193         1
198       208        10         2
195       207        12         3
116       207        91         3
114       201        87         9
206       209         3         1
17       202       185         8
206       208         2         2
196       208        12         2
15       202       187         8
202       208         6         2
13       206       193         4
19       184       165        26
207       209         2         1
196       207        11         3
203       209         6         1
13       196       183        14
175       203        28         7
200       208         8         2
196       208        12         2
207       209         2         1
205       208         3         2
204       206         2         4
15       205       190         5
207       208         1         2
203       207         4         3
204       209         5         1
199       207         8         3
205       208         3         2
200       208         8         2
201       205         4         5
193       204        11         6
200       209         9         1
192       206        14         4
194       204        10         6
19       202       183         8
198       201         3         9
114       206        92         4
197       198         1        12
202       205         3         5
204       206         2         4
201       206         5         4
206       208         2         2
206       207         1         3
194       206        12         4
5       196       191        14
119       209        90         1
191       194         3        16
200       201         1         9
203       206         3         4
186       199        13        11
201       203         2         7
205       209         4         1
194       203         9         7
201       206         5         4
199       208         9         2
206       209         3         1
189       209        20         1
203       208         5         2
192       206        14         4
119       201        82         9
190       203        13         7
204       208         4         2
205       207         2         3
201       207         6         3
195       201         6         9
200       209         9         1
205       209         4         1
203       208         5         2
6       208       202         2
207       208         1         2
203       204         1         6
11       207       196         3
199       201         2         9
207       208         1         2
19       199       180        11
197       205         8         5
208       209         1         1
205       209         4         1
202       206         4         4
204       209         5         1
199       208         9         2
200       202         2         8
187       205        18         5
201       205         4         5
15       209       194         1
194       202         8         8
196       208        12         2
197       202         5         8
192       194         2        16
201       202         1         8
204       209         5         1
197       198         1        12
201       205         4         5
200       209         9         1
194       204        10         6
206       209         3         1
198       206         8         4
192       200         8        10
201       202         1         8
200       208         8         2
17       186       169        24
197       200         3        10
197       201         4         9
117       209        92         1
190       194         4        16
196       199         3        11
208       209         1         1
204       206         2         4
204       206         2         4
197       204         7         6
17       205       188         5
200       209         9         1
119       207        88         3
191       207        16         3
196       199         3        11
207       209         2         1
19       192       173        18
202       209         7         1
203       207         4         3
208       209         1         1
189       209        20         1
206       207         1         3
206       208         2         2
17       207       190         3
202       207         5         3
187       193         6        17
7       208       201         2
195       200         5        10
207       208         1         2
201       206         5         4
208       209         1         1
205       206         1         4
207       209         2         1
196       207        11         3
194       201         7         9
197       203         6         7
200       207         7         3
190       203        13         7
193       198         5        12
198       208        10         2
202       205         3         5
205       209         4         1
196       202         6         8
203       206         3         4
206       209         3         1
19       209       190         1
200       208         8         2
201       204         3         6
201       207         6         3
199       200         1        10
190       198         8        12
208       209         1         1
13       202       189         8
204       209         5         1
197       202         5         8
189       202        13         8
193       208        15         2
199       200         1        10
198       201         3         9
195       199         4        11
207       208         1         2
202       209         7         1
193       195         2        15
199       206         7         4
205       208         3         2
192       202        10         8
203       208         5         2
201       206         5         4
192       201         9         9
196       203         7         7
203       208         5         2
205       206         1         4
119       202        83         8
198       209        11         1
193       209        16         1
207       208         1         2
112       209        97         1
205       209         4         1
199       204         5         6
13       209       196         1
205       207         2         3
199       207         8         3
207       209         2         1
204       209         5         1
198       209        11         1
208       209         1         1
190       198         8        12
207       208         1         2
202       204         2         6
196       197         1        13
19       118        99        92
202       205         3         5
113       197        84        13
179       207        28         3
196       206        10         4
207       209         2         1
206       207         1         3
198       208        10         2
200       207         7         3
196       203         7         7
197       198         1        12
188       203        15         7
192       208        16         2
16       208       192         2
198       208        10         2
202       205         3         5
205       207         2         3
202       206         4         4
195       200         5        10
205       207         2         3
200       208         8         2
195       208        13         2
205       207         2         3
18       196       178        14
192       208        16         2
196       209        13         1
18       203       185         7
204       207         3         3
17       209       192         1
201       207         6         3
199       203         4         7
205       209         4         1
200       206         6         4
208       209         1         1
208       209         1         1
196       200         4        10
118       209        91         1
204       206         2         4
205       208         3         2
204       206         2         4
201       202         1         8
202       209         7         1
202       208         6         2
208       209         1         1
202       207         5         3
201       208         7         2
189       199        10        11
19       209       190         1
201       209         8         1
199       209        10         1
194       208        14         2
19       195       176        15
200       209         9         1
206       208         2         2
191       198         7        12
205       206         1         4
208       209         1         1
207       209         2         1
198       205         7         5
198       207         9         3
18       208       190         2
195       197         2        13
205       209         4         1
203       208         5         2
208       209         1         1
201       206         5         4
204       207         3         3
189       203        14         7
208       209         1         1
195       204         9         6
205       209         4         1
201       207         6         3
18       205       187         5
207       209         2         1
208       209         1         1
17       209       192         1
190       199         9        11
207       208         1         2
198       201         3         9
207       209         2         1
201       204         3         6
202       209         7         1
206       209         3         1
201       207         6         3
198       201         3         9
205       209         4         1
203       209         6         1
207       209         2         1
196       208        12         2
205       208         3         2
187       205        18         5
204       209         5         1
199       208         9         2
118       202        84         8
198       208        10         2
206       208         2         2
206       208         2         2
182       201        19         9
195       200         5        10
203       209         6         1
197       204         7         6
193       208        15         2
191       209        18         1
201       209         8         1
185       200        15        10
206       209         3         1
205       208         3         2
201       204         3         6
206       208         2         2
203       209         6         1
201       204         3         6
188       199        11        11
202       209         7         1
193       207        14         3
201       208         7         2
118       209        91         1
203       206         3         4
208       209         1         1
205       209         4         1
116       207        91         3
207       209         2         1
200       203         3         7
190       197         7        13
200       209         9         1
208       209         1         1
208       209         1         1
207       208         1         2
207       209         2         1
199       200         1        10
199       200         1        10
208       209         1         1
193       205        12         5
192       208        16         2
115       188        73        22
199       207         8         3
207       208         1         2
196       208        12         2
205       208         3         2
206       209         3         1
199       206         7         4
198       207         9         3
187       207        20         3
206       209         3         1
114       201        87         9
206       209         3         1
198       207         9         3
206       209         3         1
191       196         5        14
204       205         1         5
192       209        17         1
196       207        11         3
203       204         1         6
201       203         2         7
194       209        15         1
206       209         3         1
185       188         3        22
203       209         6         1
200       209         9         1
16       208       192         2
195       208        13         2
204       208         4         2
207       208         1         2
203       209         6         1
208       209         1         1
205       209         4         1
191       207        16         3
204       205         1         5
198       199         1        11
192       200         8        10
200       203         3         7
200       206         6         4
200       209         9         1
205       209         4         1
198       199         1        11
199       205         6         5
205       209         4         1
162       200        38        10
112       202        90         8
201       207         6         3
206       208         2         2
202       203         1         7
204       209         5         1
183       207        24         3
195       202         7         8
193       206        13         4
193       206        13         4
201       208         7         2
205       209         4         1
191       199         8        11
196       198         2        12
203       208         5         2
205       207         2         3
193       203        10         7
204       207         3         3
191       200         9        10
198       205         7         5
205       208         3         2
14       206       192         4
112       206        94         4
199       209        10         1
204       207         3         3
205       209         4         1
117       199        82        11
204       207         3         3
200       203         3         7
206       209         3         1
202       206         4         4
200       208         8         2
204       206         2         4
191       203        12         7
205       209         4         1
203       206         3         4
195       208        13         2
207       208         1         2
180       194        14        16
206       209         3         1
196       209        13         1
206       207         1         3
200       201         1         9
203       209         6         1
167       174         7        36
201       208         7         2
205       207         2         3
202       203         1         7
203       209         6         1
189       209        20         1
199       209        10         1
12       206       194         4
206       207         1         3
203       205         2         5
18       200       182        10
207       208         1         2
205       206         1         4
191       203        12         7
202       203         1         7
204       208         4         2
197       201         4         9
206       208         2         2
207       209         2         1
201       205         4         5
197       200         3        10
204       206         2         4
199       202         3         8
14       208       194         2
13       203       190         7
203       209         6         1
197       200         3        10
201       205         4         5
204       205         1         5
197       208        11         2
200       209         9         1
201       205         4         5
200       208         8         2
16       205       189         5
198       207         9         3
203       208         5         2
200       202         2         8
202       205         3         5
202       205         3         5
189       206        17         4
198       200         2        10
201       204         3         6
205       209         4         1
195       201         6         9
207       208         1         2
185       197        12        13
206       208         2         2
181       202        21         8
207       208         1         2
194       203         9         7
204       209         5         1
199       200         1        10
196       201         5         9
200       204         4         6
118       199        81        11
204       209         5         1
203       204         1         6
208       209         1         1
192       207        15         3
208       209         1         1
188       203        15         7
18       204       186         6
11       209       198         1
19       203       184         7
202       209         7         1
199       205         6         5
205       209         4         1
192       207        15         3
200       204         4         6
203       208         5         2
207       209         2         1
191       208        17         2
208       209         1         1
202       208         6         2
203       205         2         5
200       206         6         4
197       200         3        10
196       201         5         9
177       208        31         2
114       205        91         5
203       208         5         2
204       205         1         5
205       206         1         4
199       209        10         1
192       206        14         4
203       206         3         4
194       205        11         5
192       200         8        10
192       206        14         4
196       207        11         3
203       207         4         3
205       207         2         3
207       208         1         2
208       209         1         1
204       208         4         2
194       203         9         7
198       209        11         1
203       206         3         4
187       191         4        19
119       204        85         6
204       208         4         2
201       204         3         6
204       207         3         3
186       209        23         1
205       206         1         4
203       209         6         1
184       207        23         3
206       208         2         2
193       195         2        15
205       209         4         1
119       209        90         1
199       207         8         3
163       195        32        15
205       208         3         2
115       204        89         6
15       209       194         1
206       209         3         1
9       198       189        12
203       209         6         1
204       207         3         3
205       207         2         3
196       199         3        11
194       209        15         1
203       204         1         6
197       199         2        11
205       207         2         3
192       194         2        16
197       200         3        10
202       209         7         1
204       206         2         4
193       201         8         9
200       208         8         2
17       209       192         1
206       209         3         1
207       208         1         2
197       208        11         2
203       205         2         5
207       208         1         2
16       207       191         3
174       199        25        11
193       209        16         1
195       198         3        12
203       209         6         1
205       207         2         3
196       201         5         9
15       202       187         8
206       208         2         2
197       209        12         1
