343       344         1         1
342       343         1         2
319       324         5        21
338       343         5         2
313       333        20        12
324       343        19         2
318       331        13        14
331       337         6         8
341       344         3         1
222       342       120         3
341       344         3         1
334       343         9         2
323       328         5        17
337       341         4         4
23       342       319         3
197       342       145         3
336       343         7         2
228       342       114         3
324       328         4        17
326       341        15         4
197       336       139         9
339       341         2         4
331       343        12         2
154       342       188         3
338       340         2         5
326       344        18         1
336       343         7         2
322       335        13        10
341       344         3         1
336       344         8         1
341       344         3         1
326       333         7        12
24       343       319         2
20       344       324         1
337       343         6         2
331       333         2        12
328       343        15         2
30       332       302        13
340       344         4         1
306       344        38         1
335       340         5         5
339       341         2         4
333       341         8         4
340       341         1         4
340       341         1         4
314       339        25         6
335       342         7         3
333       339         6         6
342       344         2         1
222       334       112        11
331       343        12         2
341       342         1         3
32       332       300        13
333       335         2        10
191       336       145         9
339       342         3         3
326       340        14         5
317       328        11        17
338       339         1         6
340       344         4         1
336       338         2         7
325       341        16         4
334       339         5         6
333       339         6         6
341       343         2         2
339       341         2         4
334       339         5         6
29       339       310         6
340       343         3         2
335       342         7         3
153       344       191         1
187       340       153         5
322       331         9        14
340       342         2         3
306       317        11        28
20       297       277        48
153       342       189         3
329       337         8         8
30       280       250        65
320       335        15        10
312       339        27         6
22       328       306        17
196       338       142         7
340       344         4         1
312       323        11        22
336       341         5         4
330       342        12         3
330       343        13         2
343       344         1         1
313       330        17        15
331       336         5         9
150       341       191         4
23       344       321         1
341       344         3         1
339       344         5         1
184       317       133        28
337       343         6         2
339       344         5         1
158       343       185         2
337       342         5         3
338       341         3         4
323       325         2        20
189       341       152         4
341       342         1         3
331       343        12         2
328       341        13         4
309       343        34         2
334       344        10         1
216       335       119        10
316       344        28         1
332       335         3        10
343       344         1         1
195       338       143         7
339       340         1         5
337       343         6         2
328       344        16         1
18       321       303        24
185       342       157         3
340       342         2         3
334       339         5         6
343       344         1         1
337       344         7         1
334       342         8         3
157       333       176        12
338       340         2         5
27        28         1       317
27       338       311         7
224       344       120         1
334       341         7         4
337       343         6         2
342       343         1         2
31       341       310         4
339       342         3         3
340       344         4         1
324       330         6        15
335       343         8         2
312       326        14        19
338       342         4         3
340       342         2         3
342       344         2         1
328       343        15         2
197       340       143         5
339       342         3         3
324       332         8        13
27       335       308        10
328       336         8         9
326       339        13         6
341       344         3         1
225       328       103        17
31       333       302        12
331       338         7         7
17       320       303        25
164       312       148        33
326       344        18         1
341       342         1         3
326       334         8        11
328       339        11         6
214       328       114        17
32       320       288        25
308       343        35         2
338       342         4         3
328       330         2        15
338       342         4         3
341       344         3         1
338       342         4         3
320       323         3        22
328       342        14         3
332       338         6         7
163       343       180         2
31       343       312         2
27       337       310         8
337       342         5         3
339       340         1         5
308       342        34         3
335       336         1         9
342       343         1         2
331       334         3        11
326       343        17         2
18       164       146       181
331       344        13         1
341       343         2         2
162       342       180         3
334       340         6         5
325       327         2        18
334       344        10         1
331       343        12         2
317       333        16        12
341       342         1         3
329       342        13         3
342       344         2         1
19       344       325         1
332       337         5         8
332       340         8         5
337       344         7         1
300       319        19        26
332       339         7         6
32       337       305         8
322       342        20         3
327       329         2        16
329       344        15         1
163       318       155        27
180       334       154        11
342       344         2         1
337       343         6         2
337       338         1         7
30       148       118       197
327       341        14         4
330       344        14         1
339       343         4         2
331       341        10         4
340       341         1         4
31       343       312         2
333       344        11         1
316       341        25         4
332       340         8         5
325       332         7        13
343       344         1         1
337       341         4         4
339       342         3         3
327       336         9         9
324       336        12         9
331       344        13         1
323       332         9        13
335       342         7         3
209       339       130         6
330       343        13         2
201       327       126        18
340       344         4         1
331       338         7         7
330       343        13         2
221       337       116         8
336       337         1         8
337       341         4         4
331       336         5         9
331       333         2        12
324       331         7        14
31       327       296        18
327       343        16         2
330       342        12         3
335       344         9         1
333       344        11         1
332       337         5         8
326       342        16         3
330       343        13         2
316       338        22         7
340       344         4         1
330       336         6         9
333       338         5         7
332       334         2        11
32       343       311         2
322       324         2        21
330       343        13         2
338       343         5         2
230       339       109         6
324       344        20         1
31       344       313         1
337       343         6         2
324       330         6        15
309       343        34         2
316       330        14        15
316       334        18        11
229       343       114         2
192       343       151         2
331       341        10         4
25       342       317         3
223       329       106        16
333       335         2        10
227       340       113         5
196       342       146         3
334       339         5         6
32       335       303        10
329       336         7         9
328       331         3        14
338       344         6         1
335       343         8         2
329       344        15         1
315       337        22         8
343       344         1         1
336       339         3         6
337       341         4         4
329       344        15         1
302       342        40         3
335       336         1         9
219       327       108        18
332       339         7         6
313       319         6        26
26       343       317         2
314       339        25         6
323       329         6        16
338       339         1         6
163       343       180         2
186       342       156         3
211       344       133         1
332       338         6         7
339       340         1         5
330       332         2        13
340       344         4         1
334       340         6         5
28       342       314         3
322       344        22         1
342       343         1         2
335       344         9         1
337       338         1         7
226       340       114         5
337       338         1         7
196       229        33       116
325       332         7        13
333       337         4         8
337       344         7         1
329       339        10         6
342       344         2         1
341       342         1         3
343       344         1         1
307       330        23        15
337       343         6         2
342       344         2         1
335       339         4         6
320       324         4        21
164       328       164        17
324       343        19         2
340       344         4         1
325       344        19         1
340       341         1         4
331       336         5         9
331       339         8         6
304       343        39         2
328       330         2        15
334       344        10         1
340       342         2         3
336       342         6         3
325       340        15         5
222       320        98        25
336       340         4         5
327       336         9         9
321       340        19         5
337       343         6         2
319       341        22         4
324       340        16         5
339       344         5         1
336       341         5         4
304       320        16        25
334       343         9         2
326       328         2        17
336       338         2         7
324       341        17         4
336       344         8         1
302       337        35         8
32       331       299        14
157       333       176        12
332       333         1        12
308       340        32         5
333       337         4         8
341       342         1         3
331       338         7         7
188       339       151         6
312       329        17        16
338       343         5         2
342       343         1         2
301       340        39         5
195       337       142         8
343       344         1         1
30       322       292        23
333       344        11         1
335       341         6         4
340       344         4         1
29       342       313         3
342       343         1         2
22       337       315         8
338       343         5         2
318       343        25         2
32       336       304         9
338       342         4         3
154       344       190         1
328       343        15         2
327       339        12         6
226       344       118         1
326       339        13         6
338       342         4         3
193       332       139        13
333       342         9         3
26       322       296        23
319       339        20         6
332       337         5         8
338       343         5         2
318       344        26         1
337       338         1         7
225       327       102        18
317       332        15        13
330       336         6         9
336       342         6         3
337       342         5         3
314       342        28         3
327       344        17         1
331       337         6         8
330       333         3        12
335       338         3         7
330       343        13         2
333       339         6         6
343       344         1         1
331       339         8         6
332       344        12         1
322       333        11        12
338       343         5         2
151       300       149        45
335       343         8         2
330       336         6         9
337       339         2         6
326       344        18         1
323       344        21         1
178       331       153        14
309       324        15        21
337       342         5         3
341       344         3         1
328       344        16         1
323       328         5        17
335       340         5         5
342       343         1         2
338       343         5         2
335       337         2         8
342       344         2         1
29       333       304        12
326       330         4        15
325       342        17         3
331       339         8         6
225       344       119         1
340       342         2         3
32       341       309         4
338       342         4         3
328       334         6        11
329       335         6        10
317       343        26         2
316       325         9        20
321       324         3        21
328       343        15         2
28       334       306        11
321       333        12        12
338       344         6         1
337       343         6         2
309       343        34         2
335       344         9         1
323       342        19         3
332       339         7         6
332       344        12         1
342       344         2         1
329       336         7         9
336       337         1         8
26       342       316         3
342       344         2         1
164       339       175         6
340       341         1         4
334       344        10         1
316       332        16        13
343       344         1         1
336       339         3         6
229       334       105        11
225       336       111         9
26       329       303        16
331       342        11         3
298       327        29        18
330       342        12         3
331       332         1        13
317       336        19         9
336       344         8         1
337       343         6         2
29       326       297        19
339       343         4         2
22       343       321         2
329       344        15         1
332       342        10         3
339       341         2         4
329       342        13         3
221       341       120         4
29       337       308         8
337       340         3         5
321       333        12        12
147       343       196         2
341       342         1         3
317       335        18        10
323       334        11        11
334       344        10         1
228       338       110         7
16       339       323         6
336       339         3         6
336       338         2         7
330       342        12         3
30       335       305        10
323       336        13         9
332       339         7         6
342       343         1         2
332       339         7         6
342       344         2         1
336       338         2         7
326       343        17         2
332       334         2        11
303       341        38         4
25       343       318         2
329       341        12         4
336       338         2         7
336       339         3         6
196       341       145         4
26       339       313         6
341       342         1         3
27       327       300        18
336       343         7         2
164       340       176         5
334       344        10         1
16       341       325         4
343       344         1         1
323       336        13         9
332       342        10         3
319       343        24         2
336       340         4         5
326       327         1        18
337       339         2         6
162       331       169        14
12       339       327         6
332       335         3        10
329       334         5        11
337       344         7         1
26       343       317         2
309       328        19        17
30       339       309         6
307       334        27        11
336       342         6         3
341       342         1         3
343       344         1         1
340       344         4         1
24       337       313         8
329       339        10         6
342       343         1         2
336       340         4         5
333       334         1        11
339       341         2         4
181       337       156         8
336       342         6         3
323       338        15         7
25       331       306        14
31       343       312         2
330       342        12         3
332       335         3        10
31       327       296        18
194       344       150         1
337       344         7         1
29       334       305        11
230       336       106         9
305       329        24        16
163       330       167        15
327       328         1        17
329       342        13         3
330       337         7         8
32       334       302        11
154       330       176        15
338       340         2         5
221       332       111        13
334       340         6         5
339       341         2         4
341       344         3         1
335       337         2         8
31       341       310         4
342       344         2         1
338       343         5         2
20       332       312        13
160       339       179         6
333       344        11         1
24       318       294        27
340       344         4         1
221       329       108        16
328       339        11         6
334       337         3         8
195       339       144         6
317       331        14        14
217       335       118        10
330       332         2        13
340       344         4         1
309       315         6        30
26       332       306        13
25       341       316         4
224       329       105        16
336       343         7         2
32       331       299        14
334       339         5         6
342       344         2         1
338       343         5         2
329       340        11         5
341       344         3         1
334       339         5         6
332       343        11         2
330       339         9         6
332       336         4         9
340       341         1         4
342       344         2         1
321       344        23         1
230       324        94        21
335       342         7         3
327       343        16         2
336       340         4         5
334       341         7         4
25       344       319         1
334       335         1        10
330       336         6         9
32       335       303        10
336       341         5         4
338       341         3         4
323       335        12        10
330       344        14         1
342       344         2         1
23       344       321         1
317       342        25         3
335       342         7         3
328       335         7        10
181       224        43       121
328       333         5        12
337       340         3         5
338       344         6         1
332       341         9         4
320       323         3        22
317       330        13        15
325       343        18         2
334       336         2         9
321       329         8        16
326       335         9        10
312       337        25         8
332       342        10         3
338       343         5         2
336       340         4         5
339       342         3         3
328       335         7        10
342       343         1         2
339       341         2         4
31       344       313         1
328       344        16         1
328       343        15         2
331       333         2        12
304       325        21        20
335       343         8         2
343       344         1         1
222       335       113        10
314       336        22         9
320       335        15        10
343       344         1         1
321       340        19         5
328       335         7        10
31       339       308         6
342       344         2         1
192       342       150         3
321       329         8        16
339       344         5         1
335       344         9         1
337       344         7         1
323       335        12        10
335       339         4         6
20       339       319         6
333       336         3         9
337       341         4         4
330       343        13         2
326       328         2        17
315       341        26         4
323       339        16         6
336       338         2         7
336       342         6         3
331       336         5         9
334       343         9         2
328       334         6        11
323       324         1        21
274       316        42        29
335       342         7         3
329       342        13         3
339       344         5         1
334       342         8         3
339       342         3         3
337       343         6         2
333       337         4         8
343       344         1         1
336       342         6         3
336       343         7         2
222       324       102        21
337       344         7         1
322       340        18         5
339       343         4         2
334       344        10         1
323       340        17         5
318       344        26         1
334       336         2         9
317       340        23         5
339       344         5         1
321       343        22         2
328       333         5        12
333       335         2        10
326       335         9        10
341       344         3         1
343       344         1         1
340       343         3         2
32       343       311         2
329       333         4        12
321       332        11        13
340       344         4         1
321       328         7        17
331       341        10         4
175       323       148        22
310       336        26         9
329       341        12         4
27       342       315         3
31       336       305         9
216       330       114        15
332       344        12         1
335       344         9         1
331       342        11         3
310       333        23        12
297       342        45         3
327       344        17         1
317       338        21         7
331       341        10         4
324       341        17         4
338       339         1         6
342       343         1         2
333       340         7         5
325       331         6        14
326       327         1        18
335       344         9         1
179       342       163         3
329       335         6        10
321       331        10        14
316       340        24         5
157       344       187         1
24       337       313         8
342       344         2         1
343       344         1         1
335       344         9         1
10       333       323        12
23       340       317         5
328       332         4        13
338       339         1         6
333       344        11         1
192       342       150         3
20       344       324         1
336       343         7         2
325       337        12         8
338       344         6         1
326       329         3        16
338       341         3         4
30       336       306         9
327       329         2        16
342       344         2         1
31       194       163       151
329       342        13         3
229       344       115         1
331       333         2        12
341       342         1         3
163       329       166        16
322       344        22         1
343       344         1         1
196       338       142         7
328       341        13         4
329       343        14         2
323       334        11        11
332       338         6         7
323       337        14         8
334       337         3         8
14       321       307        24
338       340         2         5
342       344         2         1
323       344        21         1
296       344        48         1
331       344        13         1
341       342         1         3
163       303       140        42
324       334        10        11
177       340       163         5
322       342        20         3
323       335        12        10
337       342         5         3
331       342        11         3
316       342        26         3
341       344         3         1
317       344        27         1
303       334        31        11
328       333         5        12
27       325       298        20
332       342        10         3
324       342        18         3
331       341        10         4
341       344         3         1
334       342         8         3
340       344         4         1
31       341       310         4
342       344         2         1
341       344         3         1
325       332         7        13
188       325       137        20
336       342         6         3
326       336        10         9
29       332       303        13
342       344         2         1
31       326       295        19
315       337        22         8
343       344         1         1
23       335       312        10
26       344       318         1
332       341         9         4
324       340        16         5
318       342        24         3
337       339         2         6
334       343         9         2
342       343         1         2
333       338         5         7
334       339         5         6
18       341       323         4
342       344         2         1
341       343         2         2
195       331       136        14
334       341         7         4
9       343       334         2
329       336         7         9
329       334         5        11
213       332       119        13
333       344        11         1
342       344         2         1
331       344        13         1
331       336         5         9
334       344        10         1
313       344        31         1
331       344        13         1
318       339        21         6
327       333         6        12
26       334       308        11
298       343        45         2
332       342        10         3
331       344        13         1
312       341        29         4
190       344       154         1
332       340         8         5
326       342        16         3
323       336        13         9
329       335         6        10
327       342        15         3
336       340         4         5
26       343       317         2
332       338         6         7
328       336         8         9
160       339       179         6
337       340         3         5
339       342         3         3
189       332       143        13
336       343         7         2
341       344         3         1
338       344         6         1
328       335         7        10
337       338         1         7
32       343       311         2
31       339       308         6
312       340        28         5
336       340         4         5
339       341         2         4
342       343         1         2
326       341        15         4
313       342        29         3
32       343       311         2
330       343        13         2
25       323       298        22
329       343        14         2
318       337        19         8
339       341         2         4
322       337        15         8
338       343         5         2
337       342         5         3
159       335       176        10
337       340         3         5
338       341         3         4
338       344         6         1
332       337         5         8
224       342       118         3
23       337       314         8
331       344        13         1
308       330        22        15
159       342       183         3
317       341        24         4
30       341       311         4
326       342        16         3
31       333       302        12
341       343         2         2
337       342         5         3
342       344         2         1
341       342         1         3
329       336         7         9
334       341         7         4
338       341         3         4
162       343       181         2
339       340         1         5
336       340         4         5
330       336         6         9
318       336        18         9
341       342         1         3
314       343        29         2
332       336         4         9
158       342       184         3
321       335        14        10
333       336         3         9
221       337       116         8
337       342         5         3
195       324       129        21
195       340       145         5
330       340        10         5
322       330         8        15
332       343        11         2
337       343         6         2
341       343         2         2
12       337       325         8
340       344         4         1
331       339         8         6
26       342       316         3
336       342         6         3
337       339         2         6
195       227        32       118
335       336         1         9
331       341        10         4
338       339         1         6
14       328       314        17
332       334         2        11
330       334         4        11
22       335       313        10
323       341        18         4
302       307         5        38
326       343        17         2
327       331         4        14
229       332       103        13
341       344         3         1
147       336       189         9
32       344       312         1
23       341       318         4
338       341         3         4
334       337         3         8
333       340         7         5
322       328         6        17
312       330        18        15
340       341         1         4
159       327       168        18
333       334         1        11
320       344        24         1
323       334        11        11
164       328       164        17
342       343         1         2
341       343         2         2
340       344         4         1
325       333         8        12
326       340        14         5
230       337       107         8
322       335        13        10
340       342         2         3
173       340       167         5
164       228        64       117
341       342         1         3
334       344        10         1
340       341         1         4
329       333         4        12
324       334        10        11
333       336         3         9
316       344        28         1
332       340         8         5
319       333        14        12
339       340         1         5
343       344         1         1
335       344         9         1
325       336        11         9
333       337         4         8
340       341         1         4
340       342         2         3
307       333        26        12
335       337         2         8
326       343        17         2
340       342         2         3
323       338        15         7
330       344        14         1
338       340         2         5
316       332        16        13
332       335         3        10
333       337         4         8
325       339        14         6
342       343         1         2
319       325         6        20
316       326        10        19
312       325        13        20
337       340         3         5
337       340         3         5
335       341         6         4
162       340       178         5
161       344       183         1
336       340         4         5
25       333       308        12
328       334         6        11
333       335         2        10
328       330         2        15
337       344         7         1
342       343         1         2
337       342         5         3
334       344        10         1
227       337       110         8
304       340        36         5
338       344         6         1
336       340         4         5
336       342         6         3
