403       404         1         3
393       395         2        12
397       401         4         6
392       403        11         4
248       388       140        19
398       405         7         2
42       403       361         4
402       406         4         1
397       403         6         4
380       400        20         7
384       401        17         6
399       402         3         5
391       395         4        12
404       406         2         1
391       400         9         7
397       405         8         2
400       402         2         5
246       402       156         5
48       395       347        12
404       406         2         1
389       402        13         5
395       405        10         2
393       397         4        10
393       399         6         8
394       403         9         4
393       397         4        10
404       406         2         1
388       401        13         6
402       403         1         4
397       401         4         6
385       399        14         8
403       405         2         2
387       399        12         8
401       404         3         3
377       399        22         8
397       406         9         1
283       396       113        11
402       403         1         4
396       402         6         5
396       404         8         3
401       406         5         1
403       406         3         1
401       405         4         2
378       390        12        17
386       406        20         1
399       406         7         1
401       406         5         1
396       399         3         8
45       402       357         5
196       401       205         6
404       405         1         2
405       406         1         1
299       398        99         9
396       399         3         8
394       398         4         9
395       399         4         8
383       406        23         1
401       403         2         4
396       402         6         5
397       403         6         4
37       286       249       121
371       393        22        14
399       403         4         4
392       400         8         7
42       402       360         5
199       400       201         7
387       390         3        17
400       404         4         3
43       400       357         7
48       406       358         1
47       394       347        13
400       403         3         4
39       405       366         2
388       392         4        15
197       401       204         6
46       403       357         4
403       405         2         2
397       403         6         4
41        46         5       361
377       406        29         1
246       396       150        11
403       406         3         1
395       405        10         2
383       405        22         2
402       404         2         3
396       406        10         1
43       403       360         4
403       406         3         1
191       403       212         4
48       405       357         2
401       406         5         1
396       401         5         6
398       405         7         2
399       405         6         2
401       402         1         5
191       395       204        12
401       405         4         2
381       406        25         1
380       405        25         2
241       370       129        37
44       385       341        22
395       404         9         3
393       405        12         2
398       404         6         3
387       399        12         8
292       394       102        13
402       406         4         1
245       402       157         5
395       406        11         1
391       397         6        10
199       388       189        19
390       398         8         9
400       403         3         4
391       404        13         3
197       402       205         5
374       401        27         6
239       405       166         2
48       406       358         1
400       405         5         2
378       398        20         9
45       402       357         5
391       405        14         2
388       404        16         3
394       400         6         7
389       405        16         2
401       404         3         3
399       403         4         4
387       406        19         1
395       399         4         8
402       404         2         3
400       406         6         1
395       400         5         7
404       405         1         2
395       402         7         5
390       405        15         2
386       391         5        16
40       391       351        16
385       391         6        16
40       400       360         7
394       402         8         5
386       395         9        12
391       401        10         6
296       393        97        14
397       404         7         3
397       402         5         5
391       405        14         2
403       405         2         2
395       406        11         1
395       398         3         9
383       397        14        10
400       405         5         2
42       402       360         5
402       405         3         2
388       406        18         1
391       402        11         5
403       404         1         3
394       397         3        10
37       299       262       108
292       405       113         2
400       403         3         4
193       400       207         7
393       404        11         3
401       404         3         3
400       401         1         6
236       405       169         2
380       404        24         3
401       406         5         1
395       405        10         2
402       403         1         4
377       396        19        11
391       396         5        11
392       405        13         2
395       399         4         8
49       404       355         3
386       397        11        10
382       402        20         5
402       405         3         2
41       395       354        12
402       406         4         1
391       403        12         4
402       406         4         1
391       398         7         9
392       395         3        12
395       396         1        11
400       401         1         6
391       403        12         4
401       402         1         5
395       406        11         1
387       405        18         2
49       405       356         2
390       404        14         3
196       405       209         2
400       402         2         5
399       401         2         6
397       402         5         5
398       406         8         1
400       402         2         5
48       397       349        10
49       388       339        19
387       400        13         7
402       406         4         1
390       399         9         8
390       397         7        10
48       405       357         2
396       406        10         1
10       400       390         7
373       406        33         1
396       402         6         5
242       388       146        19
404       405         1         2
387       398        11         9
47       406       359         1
403       406         3         1
191       397       206        10
392       395         3        12
396       405         9         2
249       397       148        10
401       406         5         1
401       405         4         2
279       404       125         3
398       401         3         6
397       403         6         4
378       391        13        16
401       406         5         1
395       406        11         1
285       405       120         2
384       396        12        11
400       406         6         1
403       404         1         3
394       406        12         1
393       398         5         9
359       396        37        11
393       399         6         8
400       406         6         1
38       406       368         1
403       405         2         2
398       401         3         6
376       382         6        25
395       403         8         4
40       398       358         9
395       400         5         7
199       405       206         2
163       387       224        20
189       399       210         8
403       404         1         3
393       403        10         4
400       402         2         5
49       406       357         1
402       404         2         3
39       401       362         6
395       401         6         6
400       402         2         5
401       405         4         2
400       406         6         1
402       406         4         1
387       403        16         4
401       402         1         5
292       406       114         1
383       388         5        19
392       403        11         4
392       397         5        10
400       403         3         4
400       401         1         6
377       396        19        11
399       404         5         3
402       403         1         4
393       395         2        12
379       399        20         8
291       403       112         4
398       403         5         4
396       400         4         7
42       406       364         1
400       406         6         1
400       403         3         4
399       403         4         4
38       404       366         3
394       406        12         1
392       393         1        14
386       391         5        16
9       406       397         1
372       398        26         9
386       405        19         2
384       403        19         4
392       397         5        10
400       405         5         2
386       405        19         2
394       395         1        12
44       186       142       221
397       403         6         4
177       406       229         1
392       393         1        14
404       405         1         2
33       401       368         6
395       398         3         9
48       402       354         5
37       401       364         6
402       403         1         4
380       393        13        14
396       406        10         1
44       405       361         2
388       405        17         2
47       398       351         9
375       398        23         9
192       406       214         1
397       398         1         9
400       402         2         5
394       405        11         2
405       406         1         1
399       405         6         2
387       396         9        11
192       399       207         8
392       404        12         3
400       403         3         4
241       400       159         7
380       389         9        18
49       403       354         4
397       404         7         3
291       402       111         5
396       405         9         2
403       404         1         3
370       383        13        24
386       399        13         8
38       242       204       165
48       381       333        26
400       404         4         3
399       403         4         4
32       393       361        14
393       401         8         6
398       406         8         1
46       389       343        18
44       382       338        25
401       403         2         4
399       404         5         3
195       400       205         7
402       405         3         2
48       404       356         3
397       406         9         1
383       400        17         7
48       400       352         7
245       402       157         5
404       406         2         1
397       406         9         1
386       403        17         4
401       406         5         1
403       406         3         1
395       400         5         7
388       394         6        13
47       397       350        10
44       404       360         3
397       406         9         1
403       404         1         3
392       393         1        14
242       393       151        14
401       403         2         4
378       403        25         4
402       404         2         3
398       402         4         5
393       402         9         5
394       404        10         3
398       399         1         8
367       395        28        12
383       402        19         5
298       389        91        18
401       402         1         5
400       404         4         3
396       397         1        10
46       400       354         7
390       399         9         8
402       405         3         2
384       406        22         1
392       396         4        11
394       406        12         1
403       406         3         1
41       402       361         5
395       404         9         3
399       406         7         1
236       405       169         2
382       390         8        17
44       406       362         1
396       401         5         6
386       398        12         9
398       399         1         8
175       399       224         8
397       403         6         4
42       397       355        10
403       406         3         1
295       406       111         1
394       399         5         8
374       405        31         2
394       406        12         1
383       406        23         1
380       403        23         4
405       406         1         1
401       406         5         1
402       403         1         4
395       397         2        10
403       405         2         2
46       405       359         2
400       402         2         5
384       403        19         4
373       397        24        10
388       406        18         1
33       381       348        26
34       398       364         9
378       398        20         9
402       405         3         2
370       400        30         7
298       392        94        15
404       406         2         1
404       405         1         2
401       405         4         2
392       406        14         1
371       401        30         6
402       406         4         1
395       398         3         9
48       383       335        24
397       402         5         5
397       405         8         2
386       395         9        12
403       404         1         3
404       405         1         2
401       405         4         2
391       401        10         6
402       403         1         4
398       405         7         2
398       404         6         3
394       401         7         6
402       404         2         3
404       405         1         2
397       406         9         1
403       404         1         3
395       397         2        10
405       406         1         1
35       404       369         3
399       403         4         4
398       400         2         7
385       400        15         7
403       406         3         1
213       403       190         4
40       392       352        15
390       400        10         7
396       400         4         7
404       406         2         1
47       406       359         1
279       402       123         5
400       404         4         3
393       397         4        10
403       405         2         2
397       403         6         4
393       396         3        11
403       405         2         2
389       405        16         2
299       397        98        10
390       393         3        14
395       404         9         3
398       401         3         6
277       404       127         3
387       390         3        17
404       406         2         1
196       405       209         2
194       403       209         4
388       401        13         6
395       405        10         2
46       405       359         2
393       405        12         2
394       405        11         2
46       400       354         7
390       394         4        13
44       397       353        10
395       401         6         6
397       399         2         8
404       405         1         2
399       400         1         7
393       400         7         7
39        48         9       359
390       402        12         5
400       403         3         4
405       406         1         1
385       405        20         2
395       404         9         3
397       406         9         1
401       402         1         5
398       400         2         7
386       394         8        13
246       288        42       119
387       404        17         3
391       399         8         8
390       398         8         9
390       405        15         2
393       403        10         4
400       403         3         4
405       406         1         1
394       402         8         5
395       406        11         1
398       406         8         1
240       406       166         1
395       401         6         6
48       402       354         5
403       406         3         1
43       404       361         3
292       405       113         2
198       399       201         8
399       406         7         1
402       406         4         1
395       406        11         1
387       389         2        18
405       406         1         1
394       404        10         3
399       404         5         3
388       404        16         3
391       403        12         4
357       403        46         4
381       402        21         5
388       401        13         6
245       399       154         8
358       405        47         2
403       404         1         3
401       403         2         4
405       406         1         1
403       404         1         3
382       402        20         5
399       405         6         2
387       400        13         7
391       396         5        11
388       390         2        17
240       405       165         2
397       406         9         1
174       395       221        12
383       391         8        16
402       405         3         2
375       404        29         3
398       405         7         2
47       400       353         7
394       398         4         9
403       406         3         1
382       393        11        14
383       384         1        23
395       401         6         6
400       402         2         5
398       404         6         3
179       404       225         3
397       401         4         6
392       403        11         4
402       406         4         1
384       399        15         8
385       394         9        13
290       398       108         9
387       402        15         5
381       395        14        12
46       404       358         3
403       405         2         2
385       399        14         8
398       400         2         7
399       401         2         6
387       401        14         6
388       400        12         7
381       406        25         1
402       404         2         3
397       402         5         5
403       406         3         1
405       406         1         1
402       404         2         3
388       400        12         7
395       400         5         7
402       406         4         1
400       406         6         1
401       406         5         1
401       402         1         5
403       405         2         2
404       406         2         1
394       399         5         8
404       405         1         2
48       394       346        13
403       405         2         2
395       400         5         7
390       398         8         9
386       406        20         1
392       393         1        14
389       401        12         6
396       397         1        10
398       405         7         2
396       402         6         5
396       406        10         1
389       406        17         1
386       395         9        12
297       406       109         1
401       406         5         1
41       401       360         6
38       406       368         1
395       405        10         2
405       406         1         1
395       405        10         2
187       391       204        16
241       403       162         4
389       406        17         1
47       403       356         4
397       401         4         6
328       403        75         4
399       402         3         5
45       387       342        20
297       405       108         2
400       403         3         4
387       402        15         5
387       404        17         3
391       400         9         7
36       398       362         9
404       405         1         2
400       406         6         1
395       399         4         8
220       393       173        14
29       406       377         1
401       403         2         4
184       399       215         8
369       392        23        15
48       392       344        15
398       403         5         4
39        49        10       358
396       397         1        10
401       405         4         2
392       403        11         4
404       406         2         1
399       405         6         2
391       392         1        15
391       403        12         4
388       401        13         6
388       406        18         1
391       401        10         6
382       406        24         1
395       397         2        10
396       397         1        10
49       405       356         2
381       395        14        12
389       400        11         7
403       406         3         1
21       377       356        30
400       404         4         3
399       404         5         3
380       402        22         5
393       405        12         2
397       399         2         8
369       405        36         2
199       405       206         2
383       401        18         6
392       403        11         4
44       405       361         2
393       399         6         8
190       395       205        12
402       406         4         1
405       406         1         1
398       402         4         5
391       405        14         2
394       405        11         2
395       404         9         3
391       392         1        15
388       398        10         9
241       402       161         5
399       401         2         6
383       400        17         7
398       400         2         7
397       404         7         3
249       393       144        14
391       406        15         1
399       402         3         5
389       405        16         2
402       406         4         1
399       400         1         7
396       406        10         1
285       405       120         2
383       400        17         7
391       400         9         7
393       405        12         2
37        47        10       360
400       404         4         3
398       402         4         5
398       399         1         8
394       399         5         8
398       400         2         7
398       399         1         8
395       400         5         7
29       393       364        14
243       406       163         1
387       403        16         4
47       402       355         5
386       406        20         1
372       390        18        17
400       405         5         2
392       405        13         2
194       396       202        11
403       404         1         3
401       402         1         5
393       398         5         9
382       406        24         1
404       405         1         2
405       406         1         1
386       387         1        20
382       400        18         7
398       402         4         5
394       404        10         3
383       405        22         2
43       299       256       108
394       406        12         1
376       404        28         3
391       399         8         8
396       405         9         2
390       393         3        14
402       404         2         3
397       405         8         2
401       406         5         1
393       403        10         4
401       406         5         1
393       397         4        10
294       406       112         1
384       399        15         8
396       405         9         2
397       404         7         3
401       406         5         1
47       406       359         1
396       401         5         6
388       398        10         9
391       406        15         1
198       403       205         4
401       404         3         3
395       404         9         3
395       402         7         5
193       298       105       109
375       398        23         9
405       406         1         1
393       394         1        13
48       406       358         1
197       406       209         1
385       401        16         6
378       406        28         1
395       403         8         4
380       401        21         6
376       393        17        14
392       402        10         5
403       405         2         2
42       402       360         5
400       403         3         4
46       406       360         1
402       405         3         2
392       401         9         6
399       405         6         2
397       406         9         1
393       406        13         1
389       399        10         8
395       400         5         7
393       404        11         3
402       403         1         4
191       402       211         5
391       395         4        12
388       402        14         5
389       403        14         4
400       402         2         5
391       405        14         2
393       405        12         2
194       400       206         7
378       406        28         1
401       403         2         4
397       402         5         5
396       399         3         8
355       404        49         3
399       401         2         6
397       403         6         4
391       402        11         5
398       402         4         5
404       406         2         1
384       401        17         6
46       399       353         8
393       394         1        13
386       404        18         3
396       405         9         2
46       404       358         3
399       401         2         6
404       406         2         1
387       402        15         5
405       406         1         1
249       406       157         1
249       404       155         3
404       405         1         2
402       405         3         2
297       392        95        15
285       401       116         6
366       399        33         8
240       403       163         4
239       406       167         1
383       404        21         3
243       401       158         6
295       406       111         1
397       403         6         4
393       403        10         4
404       405         1         2
392       405        13         2
403       405         2         2
372       404        32         3
46       404       358         3
15       398       383         9
401       403         2         4
394       404        10         3
389       406        17         1
374       401        27         6
389       406        17         1
394       397         3        10
391       394         3        13
396       405         9         2
233       399       166         8
395       398         3         9
389       396         7        11
386       406        20         1
370       406        36         1
197       405       208         2
403       406         3         1
401       405         4         2
394       402         8         5
400       403         3         4
374       405        31         2
390       399         9         8
390       405        15         2
392       406        14         1
403       405         2         2
398       405         7         2
393       395         2        12
46       393       347        14
405       406         1         1
391       401        10         6
183       406       223         1
384       399        15         8
387       403        16         4
398       404         6         3
390       404        14         3
404       406         2         1
403       405         2         2
239       391       152        16
404       406         2         1
395       405        10         2
404       406         2         1
401       402         1         5
298       387        89        20
47       405       358         2
37       394       357        13
401       403         2         4
43       406       363         1
378       395        17        12
49       395       346        12
297       402       105         5
400       404         4         3
402       404         2         3
386       404        18         3
400       406         6         1
46       395       349        12
403       406         3         1
246       406       160         1
404       405         1         2
405       406         1         1
399       405         6         2
380       406        26         1
194       402       208         5
398       400         2         7
400       405         5         2
398       401         3         6
393       403        10         4
401       402         1         5
395       399         4         8
388       393         5        14
40       403       363         4
397       398         1         9
396       403         7         4
393       406        13         1
244       406       162         1
29       397       368        10
399       402         3         5
403       406         3         1
400       404         4         3
386       406        20         1
403       406         3         1
401       406         5         1
394       397         3        10
392       396         4        11
404       405         1         2
403       406         3         1
393       402         9         5
404       405         1         2
404       405         1         2
399       401         2         6
397       403         6         4
395       406        11         1
392       405        13         2
388       399        11         8
49       386       337        21
402       405         3         2
280       390       110        17
194       392       198        15
195       403       208         4
397       399         2         8
392       397         5        10
45       397       352        10
393       398         5         9
385       406        21         1
395       403         8         4
389       397         8        10
403       405         2         2
394       404        10         3
249       406       157         1
398       403         5         4
399       402         3         5
387       398        11         9
388       390         2        17
401       405         4         2
403       404         1         3
399       404         5         3
399       403         4         4
380       405        25         2
198       381       183        26
394       406        12         1
243       406       163         1
46        48         2       359
389       396         7        11
376       404        28         3
396       401         5         6
402       405         3         2
399       406         7         1
396       397         1        10
240       406       166         1
379       381         2        26
42       391       349        16
389       403        14         4
401       403         2         4
167       406       239         1
388       402        14         5
382       401        19         6
290       398       108         9
382       385         3        22
390       405        15         2
296       384        88        23
399       402         3         5
404       406         2         1
284       402       118         5
185       395       210        12
247       404       157         3
46       406       360         1
398       404         6         3
378       403        25         4
399       402         3         5
49       403       354         4
296       406       110         1
396       398         2         9
403       404         1         3
299       397        98        10
292       401       109         6
287       405       118         2
397       402         5         5
396       398         2         9
368       399        31         8
405       406         1         1
391       401        10         6
403       405         2         2
178       400       222         7
396       404         8         3
397       404         7         3
385       397        12        10
379       391        12        16
395       404         9         3
399       401         2         6
391       402        11         5
381       399        18         8
399       405         6         2
186       403       217         4
403       406         3         1
26       404       378         3
401       406         5         1
396       405         9         2
403       406         3         1
388       394         6        13
233       401       168         6
400       401         1         6
396       398         2         9
291       389        98        18
401       402         1         5
387       402        15         5
401       406         5         1
403       406         3         1
401       403         2         4
390       396         6        11
399       404         5         3
397       406         9         1
397       405         8         2
352       400        48         7
296       403       107         4
390       391         1        16
296       400       104         7
398       402         4         5
382       404        22         3
392       400         8         7
49       397       348        10
393       400         7         7
390       396         6        11
400       402         2         5
402       404         2         3
397       401         4         6
404       406         2         1
