399       421        22        11
425       431         6         1
408       424        16         8
407       423        16         9
395       428        33         4
32       430       398         2
32       431       399         1
376       411        35        21
417       431        14         1
424       431         7         1
420       424         4         8
427       431         4         1
31       424       393         8
39       431       392         1
408       431        23         1
427       431         4         1
39       426       387         6
14       397       383        35
408       425        17         7
416       429        13         3
391       426        35         6
23       425       402         7
411       425        14         7
411       416         5        16
252       396       144        36
400       431        31         1
420       422         2        10
425       430         5         2
398       400         2        32
401       413        12        19
415       422         7        10
40       407       367        25
427       431         4         1
22       415       393        17
374       419        45        13
387       419        32        13
414       423         9         9
417       427        10         5
402       429        27         3
415       428        13         4
429       430         1         2
390       426        36         6
427       431         4         1
22       431       409         1
22       431       409         1
421       428         7         4
409       428        19         4
22       426       404         6
414       431        17         1
397       420        23        12
418       423         5         9
414       428        14         4
37       426       389         6
412       415         3        17
407       416         9        16
38       423       385         9
375       431        56         1
411       421        10        11
414       427        13         5
423       431         8         1
254       423       169         9
420       430        10         2
416       431        15         1
9       429       420         3
409       412         3        20
413       431        18         1
404       409         5        23
420       425         5         7
17       422       405        10
418       423         5         9
428       429         1         3
417       429        12         3
418       426         8         6
399       426        27         6
429       430         1         2
428       430         2         2
420       421         1        11
423       428         5         4
387       408        21        24
405       427        22         5
424       428         4         4
415       427        12         5
417       426         9         6
39       417       378        15
384       391         7        41
411       416         5        16
419       425         6         7
31       418       387        14
413       428        15         4
424       431         7         1
422       430         8         2
29       430       401         2
406       419        13        13
422       423         1         9
429       431         2         1
427       428         1         4
411       428        17         4
420       422         2        10
403       424        21         8
42       422       380        10
415       416         1        16
21       427       406         5
414       426        12         6
18        32        14       400
424       428         4         4
31       430       399         2
427       429         2         3
422       424         2         8
36       415       379        17
395       426        31         6
418       423         5         9
428       429         1         3
428       431         3         1
406       420        14        12
430       431         1         1
36       431       395         1
424       427         3         5
430       431         1         1
410       415         5        17
407       428        21         4
430       431         1         1
423       430         7         2
407       429        22         3
428       429         1         3
39       429       390         3
32       430       398         2
382       427        45         5
425       427         2         5
424       431         7         1
417       430        13         2
427       430         3         2
406       415         9        17
421       423         2         9
425       431         6         1
427       429         2         3
393       425        32         7
388       392         4        40
401       428        27         4
423       425         2         7
415       416         1        16
421       431        10         1
426       429         3         3
32       427       395         5
409       418         9        14
426       430         4         2
425       429         4         3
428       431         3         1
418       431        13         1
402       431        29         1
421       422         1        10
397       418        21        14
422       425         3         7
228       425       197         7
426       428         2         4
408       428        20         4
417       429        12         3
416       427        11         5
420       421         1        11
404       426        22         6
257       429       172         3
425       426         1         6
403       404         1        28
393       419        26        13
412       430        18         2
414       430        16         2
410       430        20         2
426       429         3         3
423       429         6         3
411       430        19         2
425       431         6         1
252       430       178         2
373       419        46        13
413       420         7        12
411       420         9        12
421       430         9         2
409       429        20         3
411       427        16         5
414       425        11         7
423       431         8         1
26       427       401         5
409       431        22         1
406       420        14        12
429       431         2         1
416       431        15         1
402       431        29         1
421       422         1        10
416       421         5        11
413       423        10         9
428       430         2         2
412       431        19         1
422       424         2         8
34       426       392         6
401       429        28         3
428       431         3         1
27       425       398         7
16       427       411         5
412       423        11         9
327       408        81        24
424       427         3         5
25       423       398         9
256       407       151        25
401       407         6        25
419       426         7         6
354       415        61        17
42       423       381         9
424       429         5         3
251       430       179         2
411       420         9        12
420       427         7         5
42       408       366        24
425       427         2         5
416       419         3        13
37       425       388         7
417       425         8         7
414       423         9         9
41       414       373        18
424       427         3         5
30       420       390        12
412       421         9        11
417       418         1        14
413       431        18         1
423       430         7         2
424       426         2         6
392       421        29        11
396       428        32         4
424       428         4         4
422       427         5         5
420       431        11         1
423       430         7         2
418       419         1        13
422       430         8         2
394       420        26        12
13       430       417         2
15       410       395        22
417       428        11         4
247       414       167        18
407       413         6        19
20       418       398        14
256       392       136        40
409       431        22         1
425       427         2         5
421       424         3         8
423       428         5         4
22       417       395        15
422       426         4         6
413       426        13         6
401       414        13        18
239       419       180        13
404       420        16        12
41       430       389         2
414       428        14         4
15       412       397        20
385       419        34        13
26       431       405         1
419       430        11         2
430       431         1         1
256       420       164        12
28       424       396         8
424       428         4         4
22       398       376        34
34       430       396         2
385       426        41         6
396       416        20        16
426       428         2         4
382       429        47         3
387       431        44         1
233       431       198         1
400       429        29         3
428       429         1         3
427       428         1         4
424       426         2         6
430       431         1         1
421       431        10         1
419       429        10         3
422       428         6         4
424       431         7         1
413       431        18         1
32       420       388        12
33       408       375        24
406       418        12        14
409       430        21         2
35       431       396         1
416       427        11         5
428       429         1         3
33       431       398         1
42       429       387         3
1       421       420        11
417       421         4        11
412       419         7        13
423       425         2         7
420       423         3         9
40       427       387         5
41       424       383         8
422       423         1         9
423       425         2         7
422       424         2         8
412       427        15         5
427       429         2         3
425       426         1         6
30       424       394         8
422       426         4         6
414       425        11         7
416       429        13         3
427       430         3         2
244       418       174        14
427       430         3         2
41       430       389         2
32       417       385        15
423       424         1         8
34       431       397         1
430       431         1         1
34       424       390         8
408       418        10        14
424       426         2         6
416       430        14         2
40       427       387         5
25       429       404         3
35       431       396         1
35       418       383        14
421       427         6         5
412       429        17         3
418       430        12         2
407       430        23         2
419       421         2        11
412       427        15         5
18       430       412         2
40       429       389         3
389       430        41         2
408       426        18         6
427       431         4         1
218       430       212         2
27       427       400         5
404       418        14        14
411       426        15         6
37       424       387         8
35       410       375        22
418       430        12         2
420       429         9         3
419       428         9         4
418       429        11         3
393       412        19        20
254       426       172         6
407       427        20         5
401       424        23         8
245       422       177        10
428       429         1         3
251       431       180         1
413       427        14         5
411       424        13         8
392       428        36         4
390       412        22        20
418       422         4        10
422       425         3         7
37       424       387         8
428       429         1         3
20       419       399        13
403       419        16        13
414       418         4        14
426       430         4         2
418       427         9         5
37       430       393         2
425       426         1         6
416       428        12         4
410       412         2        20
403       408         5        24
387       415        28        17
406       431        25         1
418       424         6         8
426       430         4         2
256       413       157        19
398       406         8        26
415       425        10         7
419       430        11         2
400       423        23         9
421       430         9         2
427       430         3         2
428       429         1         3
424       426         2         6
404       405         1        27
414       425        11         7
420       429         9         3
403       424        21         8
408       429        21         3
419       428         9         4
420       423         3         9
424       428         4         4
409       428        19         4
37       400       363        32
420       426         6         6
37       399       362        33
412       421         9        11
398       419        21        13
383       426        43         6
419       426         7         6
410       423        13         9
427       430         3         2
421       428         7         4
420       431        11         1
423       426         3         6
407       428        21         4
32       422       390        10
426       431         5         1
38       431       393         1
30       429       399         3
424       426         2         6
19       423       404         9
26       428       402         4
411       416         5        16
403       427        24         5
415       426        11         6
31       430       399         2
415       429        14         3
411       423        12         9
411       421        10        11
243       417       174        15
415       430        15         2
40       422       382        10
41       418       377        14
34       396       362        36
429       431         2         1
411       429        18         3
385       430        45         2
406       415         9        17
398       427        29         5
430       431         1         1
426       431         5         1
421       430         9         2
20       431       411         1
422       425         3         7
13       395       382        37
419       420         1        12
33       426       393         6
415       421         6        11
39       430       391         2
410       426        16         6
402       419        17        13
406       431        25         1
404       424        20         8
424       429         5         3
427       429         2         3
424       425         1         7
424       431         7         1
412       426        14         6
385       429        44         3
416       425         9         7
418       431        13         1
416       423         7         9
420       429         9         3
21       396       375        36
423       428         5         4
42       420       378        12
419       427         8         5
424       428         4         4
423       428         5         4
22       428       406         4
415       431        16         1
256       426       170         6
428       431         3         1
399       431        32         1
33       414       381        18
423       431         8         1
41       430       389         2
404       420        16        12
410       419         9        13
415       431        16         1
417       423         6         9
424       427         3         5
416       430        14         2
29       410       381        22
400       415        15        17
421       429         8         3
425       428         3         4
240       417       177        15
424       427         3         5
24       431       407         1
40       431       391         1
416       421         5        11
402       430        28         2
26       426       400         6
415       421         6        11
36       408       372        24
421       429         8         3
420       423         3         9
42       429       387         3
422       431         9         1
411       428        17         4
25       426       401         6
428       429         1         3
420       426         6         6
408       418        10        14
413       426        13         6
38       422       384        10
40       425       385         7
426       429         3         3
429       430         1         2
412       414         2        18
424       431         7         1
427       430         3         2
429       430         1         2
425       430         5         2
419       430        11         2
42       418       376        14
428       430         2         2
425       427         2         5
428       429         1         3
405       422        17        10
37       430       393         2
425       430         5         2
427       431         4         1
31       425       394         7
33       428       395         4
37       431       394         1
36       418       382        14
427       428         1         4
427       431         4         1
25       430       405         2
414       429        15         3
6       418       412        14
421       430         9         2
423       427         4         5
418       430        12         2
428       431         3         1
416       428        12         4
412       424        12         8
418       431        13         1
413       416         3        16
37       372       335        60
421       428         7         4
423       429         6         3
424       428         4         4
391       427        36         5
426       430         4         2
426       430         4         2
430       431         1         1
416       421         5        11
38       430       392         2
423       430         7         2
416       430        14         2
408       424        16         8
414       418         4        14
412       414         2        18
420       428         8         4
252       431       179         1
421       425         4         7
406       425        19         7
415       426        11         6
407       410         3        22
33       426       393         6
422       425         3         7
31       431       400         1
33       410       377        22
424       429         5         3
257       427       170         5
376       428        52         4
419       421         2        11
415       425        10         7
42       423       381         9
413       423        10         9
35        39         4       393
403       408         5        24
399       430        31         2
33       427       394         5
426       431         5         1
425       429         4         3
416       419         3        13
420       431        11         1
429       431         2         1
417       428        11         4
11       414       403        18
37       409       372        23
242       420       178        12
256       420       164        12
413       422         9        10
413       420         7        12
415       430        15         2
42       424       382         8
42       420       378        12
399       429        30         3
428       431         3         1
414       430        16         2
426       428         2         4
369       429        60         3
418       431        13         1
414       427        13         5
28       431       403         1
417       419         2        13
407       429        22         3
424       425         1         7
399       429        30         3
36       428       392         4
245       417       172        15
422       427         5         5
402       415        13        17
407       423        16         9
422       430         8         2
409       426        17         6
419       431        12         1
416       429        13         3
405       430        25         2
412       420         8        12
239       425       186         7
417       426         9         6
420       431        11         1
417       424         7         8
402       431        29         1
40       429       389         3
379       415        36        17
426       429         3         3
427       429         2         3
25       431       406         1
19       428       409         4
410       419         9        13
421       431        10         1
405       431        26         1
398       412        14        20
395       428        33         4
41       430       389         2
253       428       175         4
426       431         5         1
418       431        13         1
21       422       401        10
418       422         4        10
419       431        12         1
37       411       374        21
35       431       396         1
413       414         1        18
15       429       414         3
421       431        10         1
409       418         9        14
413       422         9        10
412       422        10        10
9       429       420         3
415       422         7        10
422       426         4         6
256       426       170         6
41       407       366        25
425       426         1         6
382       423        41         9
413       424        11         8
413       421         8        11
413       430        17         2
427       430         3         2
413       417         4        15
414       425        11         7
381       427        46         5
407       429        22         3
408       423        15         9
426       430         4         2
394       428        34         4
24       431       407         1
405       429        24         3
255       428       173         4
420       431        11         1
410       418         8        14
418       428        10         4
429       431         2         1
26       404       378        28
238       431       193         1
407       420        13        12
39       426       387         6
415       423         8         9
38       426       388         6
40       409       369        23
35       424       389         8
419       426         7         6
418       419         1        13
417       426         9         6
409       424        15         8
402       430        28         2
422       428         6         4
41       402       361        30
414       425        11         7
37       422       385        10
34       421       387        11
27       423       396         9
407       424        17         8
417       427        10         5
425       430         5         2
30       411       381        21
23       384       361        48
416       427        11         5
409       430        21         2
40       420       380        12
32       248       216       184
428       430         2         2
405       424        19         8
429       431         2         1
428       429         1         3
42       430       388         2
417       429        12         3
423       425         2         7
410       421        11        11
406       424        18         8
415       419         4        13
410       428        18         4
5       426       421         6
409       420        11        12
416       427        11         5
428       431         3         1
421       431        10         1
414       431        17         1
30       417       387        15
3       428       425         4
423       427         4         5
393       416        23        16
32       426       394         6
42       242       200       190
406       431        25         1
406       425        19         7
41       413       372        19
421       423         2         9
420       429         9         3
424       431         7         1
427       430         3         2
426       431         5         1
426       431         5         1
424       425         1         7
425       430         5         2
19       425       406         7
9       430       421         2
417       422         5        10
403       430        27         2
429       431         2         1
372       382        10        50
41       427       386         5
32       415       383        17
254       408       154        24
407       411         4        21
401       413        12        19
414       430        16         2
38       428       390         4
39       256       217       176
412       431        19         1
424       425         1         7
38       421       383        11
419       421         2        11
421       431        10         1
30       431       401         1
420       422         2        10
422       431         9         1
419       423         4         9
393       417        24        15
40       426       386         6
414       425        11         7
423       431         8         1
40       415       375        17
239       429       190         3
384       422        38        10
30       425       395         7
415       428        13         4
428       429         1         3
21       421       400        11
421       427         6         5
343       414        71        18
41       419       378        13
419       420         1        12
415       420         5        12
427       431         4         1
32       393       361        39
409       420        11        12
423       430         7         2
411       428        17         4
399       415        16        17
39       428       389         4
40       416       376        16
425       426         1         6
429       430         1         2
420       427         7         5
428       431         3         1
417       431        14         1
26       426       400         6
402       413        11        19
402       421        19        11
409       431        22         1
41       429       388         3
417       422         5        10
403       431        28         1
425       426         1         6
38       430       392         2
244       400       156        32
412       428        16         4
401       419        18        13
425       431         6         1
424       430         6         2
408       422        14        10
423       429         6         3
394       424        30         8
391       403        12        29
11       431       420         1
407       410         3        22
26       431       405         1
256       429       173         3
255       426       171         6
417       420         3        12
419       420         1        12
397       417        20        15
422       425         3         7
422       425         3         7
423       431         8         1
32       415       383        17
393       409        16        23
430       431         1         1
423       428         5         4
422       426         4         6
403       424        21         8
412       428        16         4
417       426         9         6
404       429        25         3
24       416       392        16
427       431         4         1
403       421        18        11
40       424       384         8
41       426       385         6
388       431        43         1
422       429         7         3
427       429         2         3
25       419       394        13
429       431         2         1
413       414         1        18
423       425         2         7
424       426         2         6
41       423       382         9
42       430       388         2
426       429         3         3
425       431         6         1
424       431         7         1
428       431         3         1
398       423        25         9
427       428         1         4
418       420         2        12
418       425         7         7
40       257       217       175
33       422       389        10
411       425        14         7
427       430         3         2
424       428         4         4
418       422         4        10
423       428         5         4
428       429         1         3
423       430         7         2
426       429         3         3
420       428         8         4
405       429        24         3
407       418        11        14
414       415         1        17
401       428        27         4
404       420        16        12
32       427       395         5
417       423         6         9
15       424       409         8
427       431         4         1
401       412        11        20
37       422       385        10
40       419       379        13
422       423         1         9
31       416       385        16
422       426         4         6
24       429       405         3
424       427         3         5
422       431         9         1
407       424        17         8
416       431        15         1
18       421       403        11
428       431         3         1
40       409       369        23
430       431         1         1
430       431         1         1
425       428         3         4
396       425        29         7
29       414       385        18
398       428        30         4
352       387        35        45
411       420         9        12
429       431         2         1
370       427        57         5
386       400        14        32
376       430        54         2
394       428        34         4
425       431         6         1
412       428        16         4
27       423       396         9
424       431         7         1
389       418        29        14
397       414        17        18
28       429       401         3
14       421       407        11
381       427        46         5
368       431        63         1
242       431       189         1
409       423        14         9
25       419       394        13
40       408       368        24
242       429       187         3
423       428         5         4
42       336       294        96
254       409       155        23
426       431         5         1
422       430         8         2
428       429         1         3
255       425       170         7
430       431         1         1
423       431         8         1
425       431         6         1
420       431        11         1
423       429         6         3
410       420        10        12
420       429         9         3
382       425        43         7
415       429        14         3
423       429         6         3
253       420       167        12
36       422       386        10
428       429         1         3
411       420         9        12
428       431         3         1
256       430       174         2
403       407         4        25
426       428         2         4
408       421        13        11
417       430        13         2
19        34        15       398
378       421        43        11
420       424         4         8
408       430        22         2
13       431       418         1
41       421       380        11
255       429       174         3
429       431         2         1
411       418         7        14
26       431       405         1
429       430         1         2
424       429         5         3
407       417        10        15
248       427       179         5
386       425        39         7
422       431         9         1
394       419        25        13
415       425        10         7
420       431        11         1
34       428       394         4
418       430        12         2
409       431        22         1
41       425       384         7
408       423        15         9
421       427         6         5
420       426         6         6
36       424       388         8
421       428         7         4
425       430         5         2
425       426         1         6
423       431         8         1
249       429       180         3
429       430         1         2
428       429         1         3
428       431         3         1
426       431         5         1
372       415        43        17
401       426        25         6
393       426        33         6
429       430         1         2
425       431         6         1
427       429         2         3
399       426        27         6
12       389       377        43
430       431         1         1
429       431         2         1
405       430        25         2
423       426         3         6
30       427       397         5
413       426        13         6
221       403       182        29
17       421       404        11
395       430        35         2
401       429        28         3
38       428       390         4
234       417       183        15
22       415       393        17
393       417        24        15
36       430       394         2
413       414         1        18
34       430       396         2
418       429        11         3
410       431        21         1
41       426       385         6
420       430        10         2
409       430        21         2
413       431        18         1
414       431        17         1
426       428         2         4
397       429        32         3
38       415       377        17
427       429         2         3
412       427        15         5
12       419       407        13
37       416       379        16
28       420       392        12
409       420        11        12
402       429        27         3
410       420        10        12
30       408       378        24
