252       253         1         4
246       254         8         3
250       256         6         1
252       256         4         1
231       256        25         1
29       254       225         3
241       246         5        11
244       252         8         5
234       249        15         8
246       252         6         5
249       254         5         3
20       244       224        13
240       256        16         1
247       256         9         1
245       248         3         9
236       256        20         1
250       251         1         6
242       255        13         2
248       251         3         6
253       256         3         1
254       256         2         1
252       254         2         3
245       256        11         1
29       246       217        11
232       250        18         7
249       254         5         3
253       256         3         1
255       256         1         1
251       255         4         2
251       253         2         4
238       251        13         6
220       250        30         7
240       254        14         3
232       255        23         2
249       254         5         3
245       256        11         1
240       255        15         2
243       252         9         5
245       256        11         1
28       255       227         2
233       246        13        11
242       250         8         7
28       249       221         8
254       256         2         1
255       256         1         1
222       255        33         2
247       249         2         8
251       256         5         1
246       253         7         4
11       249       238         8
244       255        11         2
28       253       225         4
243       254        11         3
237       250        13         7
241       247         6        10
145       250       105         7
19       255       236         2
249       253         4         4
19       240       221        17
244       254        10         3
255       256         1         1
255       256         1         1
239       252        13         5
237       248        11         9
254       256         2         1
250       252         2         5
253       255         2         2
249       254         5         3
246       252         6         5
251       253         2         4
240       248         8         9
240       248         8         9
240       251        11         6
237       254        17         3
255       256         1         1
252       254         2         3
236       246        10        11
243       250         7         7
239       240         1        17
252       256         4         1
247       254         7         3
242       254        12         3
12       254       242         3
7       249       242         8
252       254         2         3
242       256        14         1
148       241        93        16
25       149       124       108
246       251         5         6
241       243         2        14
139       247       108        10
248       253         5         4
254       256         2         1
236       255        19         2
247       248         1         9
249       252         3         5
251       255         4         2
252       254         2         3
248       249         1         8
237       255        18         2
252       254         2         3
244       254        10         3
248       249         1         8
237       247        10        10
250       251         1         6
247       249         2         8
141       252       111         5
240       255        15         2
245       255        10         2
250       251         1         6
21       255       234         2
251       256         5         1
248       256         8         1
236       252        16         5
247       253         6         4
249       255         6         2
231       255        24         2
217       247        30        10
20       239       219        18
251       255         4         2
244       247         3        10
249       252         3         5
255       256         1         1
236       252        16         5
22       227       205        30
252       256         4         1
244       256        12         1
241       252        11         5
242       255        13         2
138       254       116         3
15       230       215        27
254       255         1         2
219       246        27        11
29       256       227         1
248       252         4         5
243       256        13         1
253       254         1         3
253       254         1         3
250       256         6         1
253       256         3         1
27       256       229         1
242       243         1        14
255       256         1         1
229       250        21         7
28       256       228         1
250       253         3         4
249       254         5         3
248       250         2         7
20       248       228         9
29       256       227         1
245       255        10         2
244       253         9         4
251       252         1         5
255       256         1         1
242       256        14         1
24       249       225         8
251       254         3         3
239       247         8        10
240       250        10         7
243       247         4        10
255       256         1         1
254       255         1         2
247       254         7         3
19       246       227        11
251       253         2         4
245       252         7         5
249       252         3         5
250       252         2         5
244       247         3        10
28       248       220         9
246       255         9         2
250       252         2         5
244       255        11         2
251       256         5         1
24       254       230         3
255       256         1         1
232       244        12        13
243       245         2        12
250       254         4         3
241       254        13         3
224       236        12        21
249       252         3         5
254       256         2         1
225       256        31         1
252       255         3         2
247       250         3         7
3       255       252         2
251       254         3         3
27       231       204        26
244       246         2        11
254       255         1         2
255       256         1         1
251       254         3         3
246       256        10         1
246       248         2         9
240       254        14         3
248       252         4         5
143       252       109         5
245       249         4         8
29       254       225         3
247       249         2         8
225       228         3        29
234       256        22         1
233       255        22         2
246       255         9         2
149       256       107         1
239       254        15         3
223       255        32         2
25       236       211        21
237       254        17         3
244       252         8         5
254       255         1         2
245       250         5         7
140       243       103        14
244       251         7         6
212       255        43         2
246       252         6         5
253       256         3         1
244       252         8         5
246       256        10         1
232       252        20         5
245       255        10         2
254       255         1         2
225       255        30         2
243       254        11         3
232       250        18         7
240       253        13         4
241       252        11         5
255       256         1         1
246       247         1        10
236       243         7        14
248       253         5         4
229       255        26         2
243       256        13         1
242       255        13         2
239       252        13         5
24       254       230         3
245       249         4         8
253       256         3         1
253       256         3         1
12       246       234        11
242       254        12         3
249       252         3         5
248       250         2         7
243       244         1        13
10       253       243         4
248       256         8         1
246       255         9         2
255       256         1         1
247       255         8         2
252       254         2         3
248       256         8         1
226       253        27         4
238       250        12         7
21       256       235         1
250       254         4         3
233       234         1        23
254       256         2         1
251       252         1         5
243       253        10         4
244       252         8         5
247       254         7         3
235       256        21         1
245       256        11         1
146       242        96        15
251       254         3         3
252       256         4         1
2       253       251         4
248       255         7         2
255       256         1         1
142       244       102        13
243       251         8         6
246       252         6         5
243       254        11         3
255       256         1         1
230       245        15        12
239       256        17         1
237       250        13         7
26       251       225         6
249       255         6         2
250       251         1         6
216       252        36         5
255       256         1         1
245       252         7         5
210       249        39         8
251       256         5         1
247       252         5         5
253       254         1         3
249       256         7         1
255       256         1         1
249       256         7         1
9       245       236        12
28       245       217        12
233       250        17         7
249       251         2         6
240       242         2        15
236       253        17         4
241       254        13         3
239       241         2        16
28       250       222         7
235       254        19         3
146       254       108         3
255       256         1         1
247       252         5         5
240       249         9         8
252       256         4         1
248       249         1         8
242       250         8         7
250       255         5         2
251       253         2         4
253       256         3         1
238       252        14         5
246       254         8         3
247       251         4         6
251       256         5         1
19       250       231         7
242       256        14         1
243       250         7         7
250       252         2         5
255       256         1         1
29       249       220         8
29       233       204        24
242       252        10         5
251       256         5         1
228       242        14        15
254       255         1         2
249       252         3         5
236       249        13         8
244       252         8         5
249       251         2         6
142       255       113         2
251       255         4         2
24       253       229         4
219       256        37         1
241       248         7         9
250       252         2         5
145       245       100        12
243       255        12         2
249       255         6         2
242       249         7         8
251       255         4         2
251       255         4         2
249       253         4         4
28       250       222         7
247       254         7         3
252       253         1         4
249       256         7         1
17       251       234         6
241       248         7         9
248       253         5         4
28       240       212        17
243       249         6         8
231       254        23         3
253       256         3         1
21       253       232         4
27       253       226         4
234       254        20         3
247       256         9         1
248       256         8         1
250       256         6         1
225       238        13        19
253       256         3         1
230       234         4        23
254       255         1         2
250       256         6         1
208       248        40         9
249       255         6         2
254       255         1         2
243       247         4        10
241       250         9         7
241       250         9         7
248       256         8         1
251       255         4         2
238       253        15         4
254       255         1         2
11       254       243         3
145       251       106         6
251       253         2         4
242       245         3        12
227       244        17        13
252       254         2         3
29       248       219         9
142       256       114         1
248       252         4         5
239       243         4        14
143       247       104        10
255       256         1         1
247       256         9         1
27       241       214        16
247       252         5         5
239       256        17         1
235       252        17         5
253       256         3         1
242       247         5        10
247       255         8         2
248       252         4         5
245       249         4         8
241       246         5        11
242       246         4        11
244       255        11         2
28       241       213        16
251       254         3         3
247       248         1         9
217       244        27        13
29       233       204        24
251       255         4         2
236       256        20         1
242       246         4        11
241       253        12         4
231       246        15        11
248       252         4         5
27       245       218        12
237       256        19         1
251       255         4         2
236       246        10        11
26       244       218        13
239       255        16         2
20       253       233         4
22       247       225        10
248       251         3         6
253       254         1         3
17       253       236         4
252       255         3         2
251       254         3         3
242       251         9         6
241       255        14         2
243       247         4        10
146       253       107         4
249       252         3         5
241       251        10         6
241       256        15         1
255       256         1         1
240       253        13         4
251       253         2         4
254       256         2         1
233       253        20         4
243       256        13         1
251       253         2         4
251       256         5         1
243       255        12         2
246       249         3         8
255       256         1         1
234       256        22         1
244       253         9         4
27       256       229         1
232       250        18         7
247       250         3         7
226       256        30         1
250       256         6         1
245       255        10         2
27       253       226         4
239       247         8        10
239       248         9         9
246       256        10         1
236       247        11        10
149       245        96        12
232       247        15        10
239       251        12         6
246       248         2         9
248       249         1         8
243       256        13         1
138       255       117         2
255       256         1         1
236       253        17         4
26       243       217        14
245       249         4         8
249       251         2         6
250       252         2         5
252       256         4         1
231       255        24         2
252       254         2         3
241       246         5        11
253       256         3         1
5       247       242        10
255       256         1         1
248       251         3         6
240       247         7        10
240       256        16         1
19       241       222        16
245       255        10         2
12       253       241         4
250       254         4         3
242       256        14         1
249       256         7         1
238       256        18         1
249       255         6         2
248       252         4         5
234       241         7        16
254       255         1         2
255       256         1         1
240       255        15         2
235       247        12        10
246       256        10         1
242       244         2        13
236       240         4        17
241       249         8         8
235       237         2        20
245       255        10         2
15       245       230        12
243       247         4        10
249       250         1         7
247       250         3         7
149       253       104         4
244       256        12         1
251       253         2         4
234       256        22         1
249       254         5         3
226       248        22         9
254       256         2         1
229       241        12        16
243       244         1        13
245       255        10         2
251       252         1         5
239       246         7        11
255       256         1         1
253       254         1         3
249       256         7         1
244       251         7         6
231       247        16        10
230       245        15        12
242       249         7         8
251       256         5         1
12       256       244         1
254       255         1         2
149       238        89        19
244       254        10         3
225       256        31         1
249       252         3         5
237       252        15         5
235       246        11        11
254       256         2         1
225       243        18        14
226       254        28         3
237       241         4        16
242       254        12         3
243       249         6         8
244       245         1        12
247       251         4         6
253       256         3         1
26       256       230         1
255       256         1         1
233       239         6        18
254       255         1         2
249       253         4         4
146       250       104         7
250       254         4         3
253       254         1         3
255       256         1         1
242       252        10         5
243       255        12         2
227       237        10        20
251       252         1         5
250       256         6         1
247       256         9         1
225       252        27         5
242       256        14         1
220       244        24        13
250       252         2         5
238       249        11         8
231       254        23         3
254       255         1         2
242       256        14         1
249       251         2         6
249       256         7         1
254       256         2         1
253       255         2         2
250       253         3         4
234       251        17         6
253       256         3         1
248       252         4         5
245       247         2        10
251       253         2         4
252       253         1         4
241       247         6        10
238       253        15         4
245       254         9         3
249       255         6         2
249       254         5         3
245       251         6         6
253       255         2         2
251       254         3         3
241       243         2        14
240       253        13         4
251       256         5         1
241       253        12         4
226       249        23         8
24       226       202        31
233       240         7        17
249       255         6         2
250       256         6         1
221       249        28         8
240       251        11         6
246       252         6         5
249       252         3         5
244       255        11         2
246       254         8         3
249       250         1         7
249       250         1         7
13       253       240         4
10       254       244         3
249       252         3         5
139       254       115         3
142       223        81        34
247       253         6         4
241       254        13         3
242       255        13         2
239       251        12         6
245       250         5         7
245       255        10         2
29       255       226         2
247       249         2         8
251       255         4         2
254       256         2         1
251       253         2         4
244       255        11         2
249       250         1         7
240       251        11         6
21       256       235         1
232       248        16         9
232       239         7        18
249       256         7         1
225       255        30         2
247       248         1         9
241       244         3        13
247       252         5         5
24       254       230         3
244       252         8         5
17       251       234         6
246       254         8         3
233       248        15         9
143       254       111         3
250       251         1         6
22       254       232         3
252       256         4         1
235       248        13         9
250       255         5         2
216       253        37         4
247       250         3         7
254       256         2         1
23       256       233         1
249       255         6         2
247       256         9         1
228       250        22         7
250       253         3         4
249       256         7         1
236       252        16         5
237       249        12         8
253       255         2         2
253       254         1         3
29       256       227         1
250       256         6         1
145       254       109         3
235       256        21         1
19       251       232         6
231       239         8        18
137       253       116         4
243       250         7         7
242       248         6         9
249       254         5         3
248       250         2         7
246       256        10         1
23       248       225         9
244       250         6         7
217       254        37         3
230       254        24         3
252       254         2         3
28       243       215        14
241       249         8         8
253       256         3         1
138       253       115         4
249       250         1         7
9       241       232        16
251       254         3         3
244       250         6         7
251       254         3         3
244       254        10         3
243       256        13         1
23       255       232         2
2       250       248         7
239       249        10         8
236       242         6        15
247       248         1         9
250       256         6         1
234       247        13        10
255       256         1         1
251       255         4         2
234       250        16         7
253       254         1         3
244       245         1        12
245       249         4         8
24       256       232         1
238       254        16         3
245       249         4         8
253       256         3         1
253       256         3         1
220       256        36         1
247       248         1         9
22       253       231         4
239       249        10         8
239       254        15         3
25       256       231         1
250       256         6         1
246       255         9         2
246       253         7         4
253       255         2         2
254       256         2         1
252       254         2         3
251       255         4         2
232       235         3        22
253       254         1         3
246       253         7         4
252       253         1         4
18       246       228        11
251       252         1         5
243       244         1        13
250       256         6         1
251       255         4         2
249       254         5         3
239       254        15         3
248       255         7         2
247       251         4         6
29       256       227         1
27       256       229         1
249       253         4         4
252       255         3         2
238       256        18         1
240       256        16         1
234       253        19         4
19       255       236         2
27       236       209        21
253       254         1         3
225       247        22        10
242       247         5        10
222       230         8        27
241       243         2        14
14       225       211        32
20       256       236         1
254       256         2         1
250       254         4         3
246       249         3         8
252       253         1         4
253       255         2         2
241       249         8         8
242       252        10         5
239       255        16         2
25       249       224         8
255       256         1         1
196       236        40        21
250       256         6         1
229       255        26         2
253       256         3         1
247       255         8         2
20       237       217        20
251       256         5         1
237       239         2        18
245       256        11         1
249       251         2         6
253       254         1         3
248       251         3         6
245       246         1        11
255       256         1         1
244       252         8         5
247       255         8         2
233       247        14        10
228       255        27         2
244       249         5         8
25        27         2       230
247       252         5         5
236       242         6        15
28       254       226         3
252       255         3         2
19       252       233         5
245       252         7         5
251       255         4         2
234       253        19         4
250       255         5         2
247       255         8         2
219       254        35         3
255       256         1         1
250       254         4         3
252       255         3         2
245       246         1        11
240       248         8         9
252       255         3         2
21       247       226        10
243       245         2        12
241       249         8         8
253       254         1         3
23       252       229         5
244       256        12         1
250       255         5         2
237       243         6        14
240       243         3        14
253       256         3         1
250       251         1         6
253       255         2         2
242       243         1        14
250       254         4         3
234       246        12        11
254       256         2         1
242       243         1        14
251       255         4         2
252       256         4         1
248       249         1         8
249       254         5         3
242       248         6         9
248       250         2         7
241       253        12         4
235       253        18         4
253       256         3         1
204       254        50         3
250       256         6         1
247       253         6         4
246       252         6         5
252       254         2         3
245       256        11         1
245       256        11         1
25       251       226         6
241       255        14         2
246       252         6         5
18       228       210        29
239       256        17         1
253       254         1         3
250       256         6         1
249       250         1         7
252       256         4         1
252       253         1         4
241       251        10         6
251       255         4         2
247       250         3         7
243       251         8         6
240       242         2        15
233       246        13        11
28       254       226         3
139       256       117         1
245       254         9         3
244       247         3        10
226       256        30         1
23       200       177        57
251       253         2         4
239       242         3        15
29       256       227         1
247       254         7         3
254       256         2         1
250       253         3         4
246       248         2         9
233       255        22         2
246       250         4         7
253       256         3         1
250       254         4         3
252       255         3         2
247       255         8         2
244       256        12         1
244       246         2        11
138       256       118         1
251       252         1         5
234       252        18         5
28       138       110       119
248       250         2         7
22       250       228         7
247       256         9         1
251       253         2         4
16       251       235         6
238       249        11         8
249       254         5         3
252       254         2         3
234       245        11        12
225       256        31         1
250       255         5         2
148       255       107         2
237       241         4        16
238       256        18         1
254       255         1         2
247       253         6         4
20       256       236         1
230       241        11        16
23       251       228         6
240       242         2        15
251       255         4         2
251       252         1         5
29       241       212        16
254       256         2         1
240       251        11         6
25       255       230         2
247       251         4         6
25       254       229         3
248       251         3         6
235       252        17         5
252       253         1         4
9       252       243         5
19       243       224        14
246       256        10         1
246       256        10         1
254       255         1         2
149       247        98        10
237       253        16         4
253       254         1         3
147       256       109         1
244       255        11         2
253       254         1         3
238       239         1        18
251       252         1         5
252       256         4         1
241       249         8         8
238       254        16         3
244       248         4         9
251       255         4         2
22       247       225        10
233       255        22         2
27       254       227         3
252       255         3         2
253       255         2         2
252       253         1         4
234       256        22         1
241       256        15         1
24       240       216        17
244       245         1        12
243       256        13         1
17       252       235         5
249       255         6         2
250       252         2         5
246       250         4         7
250       255         5         2
246       250         4         7
142       256       114         1
232       254        22         3
250       252         2         5
243       251         8         6
214       251        37         6
239       248         9         9
219       256        37         1
253       254         1         3
234       249        15         8
7       247       240        10
249       256         7         1
243       247         4        10
240       255        15         2
253       255         2         2
149       256       107         1
246       250         4         7
246       256        10         1
245       255        10         2
245       250         5         7
215       246        31        11
241       250         9         7
246       248         2         9
245       248         3         9
238       251        13         6
214       256        42         1
249       250         1         7
254       256         2         1
219       253        34         4
252       255         3         2
247       248         1         9
241       253        12         4
141       246       105        11
243       250         7         7
245       253         8         4
24       235       211        22
253       256         3         1
245       255        10         2
244       245         1        12
247       250         3         7
248       252         4         5
242       255        13         2
236       255        19         2
249       255         6         2
235       256        21         1
239       254        15         3
251       254         3         3
242       250         8         7
227       241        14        16
245       255        10         2
233       256        23         1
236       256        20         1
240       251        11         6
247       255         8         2
145       254       109         3
245       256        11         1
251       254         3         3
253       256         3         1
242       253        11         4
249       250         1         7
250       255         5         2
236       255        19         2
250       256         6         1
242       255        13         2
144       255       111         2
240       250        10         7
26       256       230         1
19       252       233         5
231       248        17         9
240       254        14         3
250       255         5         2
247       254         7         3
251       255         4         2
251       255         4         2
246       248         2         9
238       254        16         3
233       247        14        10
