294       304        10         1
302       304         2         1
297       304         7         1
289       292         3        13
287       298        11         7
298       304         6         1
301       302         1         3
298       302         4         3
296       299         3         6
284       303        19         2
15       298       283         7
283       297        14         8
298       302         4         3
20       295       275        10
290       300        10         5
287       299        12         6
239       296        57         9
293       303        10         2
286       288         2        17
276       300        24         5
293       294         1        11
243       297        54         8
25       304       279         1
292       295         3        10
18       296       278         9
292       300         8         5
287       291         4        14
300       304         4         1
297       300         3         5
283       297        14         8
301       304         3         1
293       301         8         4
297       302         5         3
270       298        28         7
286       293         7        12
278       289        11        16
290       291         1        14
300       304         4         1
286       302        16         3
25       290       265        15
294       295         1        10
295       297         2         8
25       302       277         3
280       301        21         4
274       276         2        29
295       298         3         7
282       301        19         4
282       300        18         5
23       298       275         7
273       293        20        12
292       304        12         1
299       304         5         1
301       303         2         2
295       301         6         4
297       301         4         4
274       301        27         4
294       302         8         3
21       292       271        13
21       289       268        16
298       299         1         6
277       280         3        25
288       301        13         4
2       262       260        43
267       304        37         1
5       298       293         7
8       304       296         1
289       293         4        12
269       297        28         8
288       299        11         6
292       304        12         1
290       304        14         1
23       296       273         9
300       302         2         3
2       301       299         4
301       303         2         2
17       296       279         9
286       290         4        15
295       302         7         3
297       301         4         4
266       302        36         3
296       299         3         6
275       285        10        20
20       303       283         2
289       291         2        14
271       298        27         7
24       304       280         1
300       302         2         3
288       304        16         1
296       300         4         5
271       286        15        19
297       298         1         7
297       302         5         3
297       301         4         4
271       302        31         3
14       303       289         2
295       303         8         2
291       299         8         6
270       282        12        23
289       294         5        11
299       304         5         1
294       302         8         3
303       304         1         1
301       302         1         3
297       300         3         5
295       296         1         9
9       303       294         2
267       302        35         3
285       292         7        13
296       303         7         2
290       297         7         8
300       302         2         3
8        25        17       280
299       302         3         3
298       303         5         2
302       303         1         2
298       303         5         2
303       304         1         1
288       292         4        13
301       303         2         2
278       286         8        19
292       302        10         3
296       297         1         8
295       297         2         8
300       304         4         1
302       304         2         1
291       293         2        12
296       304         8         1
296       304         8         1
295       304         9         1
300       304         4         1
271       288        17        17
281       283         2        22
300       302         2         3
302       304         2         1
291       302        11         3
14       303       289         2
25       298       273         7
297       304         7         1
291       296         5         9
290       294         4        11
268       278        10        27
293       304        11         1
299       302         3         3
290       297         7         8
289       291         2        14
14       289       275        16
250       294        44        11
303       304         1         1
22       299       277         6
303       304         1         1
22       301       279         4
298       299         1         6
265       299        34         6
18       293       275        12
288       300        12         5
26       280       254        25
293       300         7         5
257       288        31        17
298       300         2         5
262       304        42         1
297       304         7         1
297       301         4         4
285       286         1        19
297       301         4         4
298       304         6         1
300       304         4         1
293       304        11         1
18       289       271        16
292       304        12         1
299       302         3         3
21       283       262        22
14       281       267        24
286       296        10         9
288       294         6        11
296       302         6         3
292       299         7         6
298       302         4         3
24       294       270        11
6       295       289        10
294       299         5         6
293       302         9         3
24       302       278         3
300       302         2         3
273       302        29         3
278       285         7        20
289       304        15         1
301       302         1         3
299       300         1         5
283       303        20         2
297       304         7         1
5       302       297         3
292       300         8         5
14       297       283         8
297       299         2         6
262       298        36         7
288       299        11         6
286       304        18         1
299       302         3         3
266       300        34         5
290       304        14         1
277       293        16        12
302       304         2         1
292       304        12         1
290       297         7         8
300       301         1         4
22       290       268        15
300       303         3         2
288       294         6        11
272       299        27         6
279       304        25         1
295       303         8         2
303       304         1         1
9       302       293         3
281       304        23         1
287       295         8        10
299       304         5         1
284       294        10        11
293       301         8         4
299       303         4         2
291       304        13         1
284       285         1        20
291       297         6         8
276       300        24         5
302       304         2         1
302       304         2         1
298       303         5         2
301       302         1         3
286       297        11         8
279       303        24         2
26       304       278         1
268       296        28         9
296       300         4         5
292       304        12         1
300       303         3         2
26       301       275         4
262       304        42         1
298       303         5         2
292       303        11         2
283       293        10        12
12       297       285         8
289       291         2        14
290       295         5        10
291       298         7         7
298       304         6         1
285       300        15         5
11       304       293         1
15       300       285         5
299       304         5         1
265       283        18        22
298       301         3         4
273       295        22        10
300       304         4         1
298       302         4         3
296       299         3         6
278       298        20         7
282       284         2        21
270       293        23        12
290       296         6         9
286       299        13         6
290       302        12         3
284       293         9        12
302       304         2         1
293       297         4         8
303       304         1         1
297       298         1         7
19       301       282         4
289       304        15         1
290       303        13         2
264       294        30        11
290       296         6         9
273       292        19        13
276       282         6        23
299       304         5         1
9       302       293         3
270       299        29         6
297       303         6         2
282       298        16         7
295       303         8         2
259       294        35        11
301       304         3         1
297       302         5         3
291       302        11         3
297       298         1         7
26       292       266        13
288       304        16         1
283       297        14         8
290       295         5        10
296       298         2         7
298       300         2         5
285       304        19         1
300       301         1         4
16       272       256        33
279       297        18         8
284       301        17         4
293       298         5         7
302       304         2         1
24       286       262        19
295       300         5         5
293       295         2        10
288       303        15         2
283       299        16         6
273       282         9        23
279       303        24         2
25       293       268        12
284       287         3        18
301       303         2         2
24       294       270        11
302       303         1         2
270       304        34         1
297       298         1         7
272       288        16        17
287       297        10         8
301       303         2         2
283       289         6        16
8       304       296         1
289       302        13         3
297       302         5         3
9       301       292         4
288       291         3        14
297       303         6         2
278       284         6        21
289       296         7         9
291       300         9         5
282       300        18         5
292       301         9         4
303       304         1         1
298       304         6         1
293       304        11         1
300       302         2         3
281       298        17         7
292       293         1        12
282       295        13        10
281       300        19         5
293       300         7         5
282       302        20         3
297       300         3         5
296       300         4         5
303       304         1         1
294       302         8         3
298       302         4         3
285       294         9        11
292       304        12         1
299       301         2         4
294       302         8         3
287       300        13         5
298       302         4         3
302       304         2         1
291       301        10         4
299       304         5         1
24       295       271        10
289       299        10         6
288       303        15         2
293       295         2        10
302       304         2         1
296       301         5         4
286       303        17         2
282       289         7        16
7       295       288        10
291       300         9         5
26       297       271         8
290       294         4        11
23       302       279         3
303       304         1         1
297       298         1         7
267       285        18        20
7       302       295         3
289       292         3        13
279       290        11        15
295       298         3         7
292       303        11         2
293       300         7         5
290       303        13         2
292       303        11         2
295       303         8         2
278       302        24         3
264       299        35         6
280       292        12        13
299       303         4         2
290       292         2        13
16       283       267        22
290       300        10         5
294       304        10         1
297       299         2         6
286       295         9        10
267       304        37         1
301       303         2         2
25       304       279         1
271       298        27         7
294       295         1        10
298       299         1         6
13       304       291         1
18       278       260        27
297       303         6         2
297       303         6         2
276       287        11        18
284       304        20         1
26       292       266        13
278       296        18         9
303       304         1         1
285       296        11         9
297       303         6         2
284       295        11        10
301       303         2         2
291       302        11         3
266       303        37         2
301       302         1         3
289       293         4        12
294       300         6         5
276       288        12        17
288       292         4        13
284       292         8        13
293       297         4         8
287       303        16         2
270       280        10        25
275       292        17        13
19       278       259        27
295       302         7         3
295       296         1         9
20       300       280         5
299       300         1         5
280       302        22         3
284       300        16         5
301       302         1         3
13       303       290         2
287       304        17         1
271       304        33         1
292       304        12         1
282       294        12        11
276       299        23         6
265       304        39         1
20       279       259        26
278       287         9        18
290       297         7         8
266       298        32         7
242       304        62         1
17       300       283         5
295       300         5         5
302       303         1         2
288       294         6        11
242       301        59         4
286       293         7        12
289       292         3        13
297       300         3         5
299       302         3         3
297       298         1         7
301       304         3         1
292       298         6         7
302       303         1         2
14       298       284         7
290       302        12         3
282       302        20         3
268       302        34         3
291       296         5         9
287       304        17         1
300       304         4         1
284       293         9        12
295       298         3         7
294       303         9         2
280       282         2        23
296       302         6         3
297       302         5         3
298       304         6         1
299       304         5         1
281       300        19         5
25       304       279         1
17       304       287         1
266       299        33         6
13       300       287         5
289       304        15         1
285       295        10        10
26       298       272         7
11       296       285         9
290       301        11         4
297       299         2         6
296       299         3         6
286       301        15         4
24       303       279         2
5       303       298         2
26       302       276         3
15       291       276        14
286       299        13         6
295       300         5         5
20       304       284         1
286       300        14         5
278       282         4        23
276       292        16        13
301       303         2         2
302       304         2         1
293       294         1        11
275       300        25         5
294       300         6         5
302       303         1         2
279       299        20         6
19       302       283         3
303       304         1         1
290       291         1        14
301       304         3         1
26       303       277         2
282       283         1        22
277       298        21         7
26       304       278         1
285       288         3        17
290       291         1        14
25       294       269        11
294       304        10         1
265       300        35         5
300       302         2         3
26       298       272         7
285       299        14         6
298       299         1         6
300       302         2         3
301       302         1         3
298       302         4         3
241       301        60         4
291       300         9         5
278       289        11        16
274       297        23         8
293       302         9         3
300       303         3         2
287       294         7        11
301       303         2         2
296       304         8         1
287       300        13         5
294       303         9         2
263       300        37         5
18       293       275        12
302       303         1         2
10       282       272        23
294       299         5         6
277       288        11        17
284       299        15         6
300       301         1         4
285       301        16         4
293       304        11         1
281       294        13        11
302       304         2         1
298       302         4         3
290       304        14         1
301       302         1         3
277       285         8        20
296       304         8         1
301       302         1         3
20       289       269        16
299       302         3         3
287       290         3        15
271       302        31         3
279       297        18         8
277       294        17        11
281       295        14        10
296       303         7         2
292       302        10         3
289       301        12         4
293       302         9         3
280       282         2        23
291       299         8         6
294       301         7         4
290       302        12         3
296       298         2         7
298       304         6         1
294       299         5         6
22       298       276         7
303       304         1         1
301       303         2         2
285       293         8        12
18       301       283         4
21       303       282         2
282       295        13        10
294       304        10         1
298       302         4         3
282       294        12        11
293       296         3         9
270       296        26         9
300       303         3         2
299       304         5         1
295       301         6         4
295       303         8         2
296       301         5         4
281       299        18         6
300       302         2         3
296       302         6         3
297       303         6         2
282       294        12        11
297       304         7         1
290       293         3        12
15       282       267        23
290       299         9         6
278       302        24         3
281       299        18         6
291       297         6         8
281       285         4        20
270       278         8        27
254       300        46         5
21       303       282         2
295       299         4         6
299       300         1         5
284       293         9        12
297       301         4         4
303       304         1         1
289       303        14         2
276       285         9        20
7       304       297         1
265       289        24        16
303       304         1         1
287       297        10         8
296       300         4         5
267       304        37         1
293       304        11         1
24       301       277         4
292       299         7         6
291       304        13         1
296       304         8         1
292       293         1        12
302       303         1         2
291       296         5         9
297       301         4         4
283       293        10        12
6       304       298         1
277       304        27         1
20       292       272        13
10       284       274        21
292       301         9         4
293       301         8         4
291       296         5         9
287       296         9         9
296       302         6         3
295       296         1         9
289       302        13         3
292       303        11         2
274       295        21        10
297       300         3         5
284       296        12         9
296       302         6         3
291       300         9         5
301       303         2         2
283       304        21         1
292       304        12         1
22       298       276         7
297       299         2         6
288       293         5        12
295       300         5         5
300       304         4         1
299       302         3         3
19       303       284         2
5       295       290        10
269       298        29         7
295       296         1         9
295       301         6         4
271       302        31         3
290       302        12         3
282       298        16         7
295       304         9         1
295       299         4         6
302       304         2         1
290       295         5        10
291       301        10         4
21       303       282         2
280       297        17         8
269       296        27         9
26       295       269        10
282       302        20         3
289       304        15         1
267       288        21        17
288       303        15         2
277       292        15        13
293       302         9         3
303       304         1         1
17       302       285         3
285       294         9        11
284       298        14         7
296       297         1         8
302       303         1         2
291       298         7         7
287       299        12         6
292       295         3        10
295       302         7         3
24       302       278         3
289       296         7         9
12       262       250        43
292       303        11         2
288       296         8         9
289       304        15         1
289       299        10         6
288       295         7        10
295       300         5         5
10       299       289         6
267       297        30         8
14       300       286         5
294       300         6         5
303       304         1         1
283       295        12        10
297       300         3         5
287       303        16         2
283       298        15         7
290       302        12         3
21       304       283         1
286       289         3        16
291       298         7         7
270       283        13        22
290       299         9         6
281       298        17         7
285       303        18         2
293       296         3         9
281       296        15         9
26       295       269        10
301       302         1         3
9       303       294         2
16       301       285         4
302       303         1         2
299       303         4         2
288       298        10         7
293       301         8         4
295       297         2         8
277       299        22         6
297       299         2         6
291       293         2        12
293       298         5         7
296       298         2         7
275       293        18        12
301       302         1         3
303       304         1         1
290       292         2        13
269       301        32         4
285       296        11         9
287       303        16         2
270       292        22        13
281       290         9        15
302       304         2         1
285       304        19         1
292       304        12         1
295       297         2         8
277       287        10        18
282       304        22         1
287       304        17         1
289       301        12         4
295       304         9         1
294       301         7         4
282       298        16         7
297       301         4         4
276       303        27         2
291       292         1        13
292       303        11         2
300       303         3         2
299       304         5         1
287       290         3        15
262       295        33        10
291       299         8         6
274       302        28         3
266       286        20        19
4       288       284        17
300       302         2         3
20       300       280         5
295       298         3         7
297       304         7         1
280       285         5        20
292       297         5         8
275       279         4        26
284       303        19         2
292       300         8         5
291       304        13         1
300       303         3         2
295       303         8         2
283       292         9        13
20       279       259        26
271       292        21        13
268       286        18        19
300       303         3         2
295       304         9         1
287       301        14         4
7       300       293         5
296       302         6         3
23       301       278         4
289       299        10         6
292       298         6         7
297       303         6         2
17       291       274        14
293       302         9         3
287       291         4        14
278       294        16        11
297       302         5         3
264       304        40         1
283       303        20         2
17       274       257        31
290       293         3        12
294       298         4         7
298       299         1         6
289       302        13         3
299       300         1         5
20       289       269        16
265       303        38         2
296       304         8         1
295       301         6         4
288       304        16         1
274       293        19        12
300       301         1         4
292       298         6         7
298       300         2         5
275       303        28         2
293       299         6         6
281       282         1        23
290       295         5        10
300       303         3         2
302       304         2         1
301       302         1         3
287       300        13         5
302       304         2         1
303       304         1         1
301       302         1         3
16       303       287         2
18       294       276        11
289       302        13         3
296       304         8         1
24       285       261        20
299       304         5         1
279       302        23         3
295       299         4         6
283       303        20         2
302       303         1         2
297       303         6         2
258       283        25        22
294       304        10         1
295       302         7         3
294       297         3         8
254       302        48         3
19       304       285         1
294       295         1        10
292       300         8         5
16       302       286         3
23       303       280         2
279       301        22         4
289       293         4        12
263       303        40         2
271       288        17        17
281       301        20         4
272       291        19        14
4        24        20       281
246       298        52         7
275       299        24         6
20       302       282         3
272       302        30         3
279       297        18         8
296       303         7         2
292       302        10         3
297       301         4         4
288       299        11         6
12       298       286         7
298       300         2         5
295       303         8         2
290       295         5        10
295       300         5         5
264       298        34         7
282       294        12        11
291       297         6         8
286       296        10         9
300       304         4         1
4       287       283        18
23       300       277         5
20       290       270        15
285       295        10        10
274       304        30         1
298       302         4         3
18        23         5       282
272       281         9        24
296       299         3         6
288       300        12         5
300       304         4         1
282       290         8        15
303       304         1         1
268       304        36         1
301       302         1         3
280       300        20         5
286       301        15         4
300       303         3         2
287       300        13         5
260       293        33        12
300       303         3         2
18       301       283         4
297       301         4         4
288       298        10         7
291       301        10         4
287       293         6        12
294       296         2         9
283       299        16         6
293       297         4         8
296       298         2         7
278       303        25         2
302       304         2         1
301       302         1         3
288       289         1        16
287       296         9         9
297       300         3         5
257       295        38        10
25       300       275         5
298       304         6         1
289       296         7         9
289       302        13         3
283       293        10        12
300       303         3         2
295       297         2         8
291       304        13         1
285       303        18         2
25       303       278         2
253       293        40        12
302       304         2         1
294       303         9         2
291       294         3        11
293       301         8         4
296       298         2         7
282       298        16         7
286       300        14         5
300       302         2         3
287       298        11         7
297       302         5         3
291       294         3        11
293       300         7         5
15       298       283         7
285       297        12         8
7       302       295         3
285       303        18         2
288       289         1        16
26       280       254        25
255       303        48         2
289       302        13         3
298       299         1         6
280       296        16         9
21       303       282         2
295       296         1         9
300       303         3         2
293       298         5         7
299       304         5         1
300       303         3         2
294       304        10         1
273       285        12        20
291       294         3        11
299       300         1         5
288       301        13         4
294       296         2         9
13       304       291         1
302       303         1         2
259       286        27        19
280       304        24         1
273       301        28         4
270       278         8        27
297       304         7         1
279       299        20         6
293       302         9         3
266       293        27        12
300       304         4         1
281       287         6        18
302       304         2         1
288       296         8         9
288       301        13         4
284       287         3        18
24       289       265        16
303       304         1         1
302       304         2         1
287       300        13         5
298       303         5         2
298       304         6         1
296       303         7         2
289       303        14         2
299       304         5         1
291       296         5         9
289       294         5        11
286       302        16         3
293       298         5         7
297       299         2         6
275       294        19        11
298       300         2         5
291       298         7         7
297       300         3         5
291       301        10         4
296       300         4         5
275       286        11        19
287       293         6        12
297       303         6         2
300       301         1         4
283       295        12        10
278       295        17        10
301       303         2         2
287       292         5        13
300       303         3         2
281       304        23         1
266       296        30         9
278       296        18         9
290       301        11         4
13       285       272        20
9       303       294         2
15       295       280        10
295       298         3         7
297       298         1         7
289       303        14         2
293       297         4         8
289       294         5        11
279       302        23         3
294       302         8         3
24       297       273         8
299       304         5         1
12       295       283        10
281       292        11        13
289       298         9         7
