415       426        11         1
411       421        10         6
409       416         7        11
411       425        14         2
416       426        10         1
419       424         5         3
399       419        20         8
274       425       151         2
37       414       377        13
37       426       389         1
400       426        26         1
231       420       189         7
420       421         1         6
395       404         9        23
407       425        18         2
421       422         1         5
34       398       364        29
35       422       387         5
37       415       378        12
406       420        14         7
403       408         5        19
397       416        19        11
398       416        18        11
384       401        17        26
198       410       212        17
401       416        15        11
396       412        16        15
416       422         6         5
411       422        11         5
24       388       364        39
223       407       184        20
421       424         3         3
425       426         1         1
396       414        18        13
34       423       389         4
405       426        21         1
402       423        21         4
387       421        34         6
409       425        16         2
274       417       143        10
417       422         5         5
423       425         2         2
389       413        24        14
407       414         7        13
418       421         3         6
418       426         8         1
400       406         6        21
383       426        43         1
39       420       381         7
418       422         4         5
388       419        31         8
191       426       235         1
424       426         2         1
392       402        10        25
420       424         4         3
397       408        11        19
27       426       399         1
406       418        12         9
404       424        20         3
409       423        14         4
421       425         4         2
35       425       390         2
414       418         4         9
34       420       386         7
405       414         9        13
396       426        30         1
38       422       384         5
410       416         6        11
395       422        27         5
402       410         8        17
416       422         6         5
418       420         2         7
396       425        29         2
410       426        16         1
284       414       130        13
414       425        11         2
418       419         1         8
397       426        29         1
33       426       393         1
200       421       221         6
417       426         9         1
416       422         6         5
407       424        17         3
372       392        20        35
33       420       387         7
416       422         6         5
30       426       396         1
408       412         4        15
418       422         4         5
40       395       355        32
395       407        12        20
398       420        22         7
24       421       397         6
242       422       180         5
406       425        19         2
423       424         1         3
36       424       388         3
412       425        13         2
264       423       159         4
419       426         7         1
423       426         3         1
376       402        26        25
424       426         2         1
396       401         5        26
404       423        19         4
423       426         3         1
193       385       192        42
34       398       364        29
411       423        12         4
422       426         4         1
424       426         2         1
409       411         2        16
409       426        17         1
281       419       138         8
425       426         1         1
413       414         1        13
423       426         3         1
39       405       366        22
395       425        30         2
417       421         4         6
388       425        37         2
404       422        18         5
196       402       206        25
411       425        14         2
409       424        15         3
401       416        15        11
396       421        25         6
407       417        10        10
409       426        17         1
416       420         4         7
197       426       229         1
419       421         2         6
420       426         6         1
408       425        17         2
38       423       385         4
404       422        18         5
391       425        34         2
412       419         7         8
243       414       171        13
416       424         8         3
27       418       391         9
411       413         2        14
400       422        22         5
402       419        17         8
424       425         1         2
395       416        21        11
425       426         1         1
411       420         9         7
397       418        21         9
201       421       220         6
34       390       356        37
414       416         2        11
36       240       204       187
407       411         4        16
422       424         2         3
374       419        45         8
423       426         3         1
404       417        13        10
424       426         2         1
40       410       370        17
410       412         2        15
418       426         8         1
25       423       398         4
392       422        30         5
411       422        11         5
420       425         5         2
370       408        38        19
407       419        12         8
280       416       136        11
410       425        15         2
419       425         6         2
398       410        12        17
39       425       386         2
40       420       380         7
419       421         2         6
424       426         2         1
404       422        18         5
413       420         7         7
412       420         8         7
412       425        13         2
421       424         3         3
418       425         7         2
197       426       229         1
419       426         7         1
418       422         4         5
420       426         6         1
424       426         2         1
416       421         5         6
408       424        16         3
406       418        12         9
194       424       230         3
412       420         8         7
386       421        35         6
284       420       136         7
423       424         1         3
37       422       385         5
415       423         8         4
414       419         5         8
418       421         3         6
399       425        26         2
408       418        10         9
379       415        36        12
409       411         2        16
419       424         5         3
418       423         5         4
419       420         1         7
185       404       219        23
40       422       382         5
228       409       181        18
393       411        18        16
380       424        44         3
417       421         4         6
418       424         6         3
234       403       169        24
187       419       232         8
423       424         1         3
393       422        29         5
407       416         9        11
418       423         5         4
414       422         8         5
423       424         1         3
414       419         5         8
40       415       375        12
407       418        11         9
421       422         1         5
412       420         8         7
399       421        22         6
424       426         2         1
201       426       225         1
203       415       212        12
413       417         4        10
398       413        15        14
281       375        94        52
245       422       177         5
40       405       365        22
409       419        10         8
34       416       382        11
18       419       401         8
282       419       137         8
262       426       164         1
410       413         3        14
395       414        19        13
33       418       385         9
414       416         2        11
421       426         5         1
410       411         1        16
413       425        12         2
423       424         1         3
34       418       384         9
40       424       384         3
407       422        15         5
30       410       380        17
416       424         8         3
416       422         6         5
409       419        10         8
421       425         4         2
414       418         4         9
403       424        21         3
416       426        10         1
384       425        41         2
419       422         3         5
282       401       119        26
418       422         4         5
415       422         7         5
412       416         4        11
421       422         1         5
410       418         8         9
422       425         3         2
411       424        13         3
38       392       354        35
407       426        19         1
413       421         8         6
201       379       178        48
403       415        12        12
418       419         1         8
420       423         3         4
417       426         9         1
406       407         1        20
394       421        27         6
410       425        15         2
407       415         8        12
40       415       375        12
408       425        17         2
199       423       224         4
406       425        19         2
410       417         7        10
422       426         4         1
31       405       374        22
415       422         7         5
36       425       389         2
408       419        11         8
243       418       175         9
277       411       134        16
409       423        14         4
398       414        16        13
35       426       391         1
394       426        32         1
402       414        12        13
418       424         6         3
202       426       224         1
408       423        15         4
406       411         5        16
201       422       221         5
424       426         2         1
413       415         2        12
403       419        16         8
36       424       388         3
424       425         1         2
386       417        31        10
418       425         7         2
397       408        11        19
425       426         1         1
419       421         2         6
421       424         3         3
39       394       355        33
418       421         3         6
21       425       404         2
422       423         1         4
396       423        27         4
391       423        32         4
411       424        13         3
420       424         4         3
421       426         5         1
29       424       395         3
414       423         9         4
284       422       138         5
415       422         7         5
422       426         4         1
404       419        15         8
420       422         2         5
417       426         9         1
413       419         6         8
202       413       211        14
419       425         6         2
234       425       191         2
27       423       396         4
406       421        15         6
405       422        17         5
421       422         1         5
421       422         1         5
23       418       395         9
419       425         6         2
414       424        10         3
424       426         2         1
402       423        21         4
413       415         2        12
405       421        16         6
420       422         2         5
420       422         2         5
243       280        37       147
406       414         8        13
424       426         2         1
418       424         6         3
388       408        20        19
237       407       170        20
411       424        13         3
414       425        11         2
395       403         8        24
417       425         8         2
421       425         4         2
281       418       137         9
281       411       130        16
413       425        12         2
420       426         6         1
243       417       174        10
410       415         5        12
405       424        19         3
411       415         4        12
389       414        25        13
393       425        32         2
405       410         5        17
36       426       390         1
415       425        10         2
200       420       220         7
417       424         7         3
416       426        10         1
411       426        15         1
276       425       149         2
235       418       183         9
409       423        14         4
408       420        12         7
418       419         1         8
406       425        19         2
416       421         5         6
413       423        10         4
418       419         1         8
386       418        32         9
424       426         2         1
231       399       168        28
412       419         7         8
412       421         9         6
423       426         3         1
419       421         2         6
402       412        10        15
422       423         1         4
412       419         7         8
32       426       394         1
230       425       195         2
35       416       381        11
424       426         2         1
421       425         4         2
417       422         5         5
420       425         5         2
421       424         3         3
393       415        22        12
37       416       379        11
413       425        12         2
4       426       422         1
407       417        10        10
407       426        19         1
413       420         7         7
393       403        10        24
423       424         1         3
412       424        12         3
421       425         4         2
32       423       391         4
407       412         5        15
245       419       174         8
400       417        17        10
396       409        13        18
409       419        10         8
401       410         9        17
392       415        23        12
37       425       388         2
404       407         3        20
396       402         6        25
405       424        19         3
408       426        18         1
195       426       231         1
421       425         4         2
400       418        18         9
28       406       378        21
38       420       382         7
401       409         8        18
420       423         3         4
419       422         3         5
391       402        11        25
410       426        16         1
407       417        10        10
36       421       385         6
414       420         6         7
423       425         2         2
407       411         4        16
397       425        28         2
405       413         8        14
24       426       402         1
418       425         7         2
244       417       173        10
413       415         2        12
33       406       373        21
369       423        54         4
423       425         2         2
409       417         8        10
411       421        10         6
403       413        10        14
406       407         1        20
401       419        18         8
234       408       174        19
410       418         8         9
422       423         1         4
420       426         6         1
405       426        21         1
425       426         1         1
239       412       173        15
422       424         2         3
203       419       216         8
408       413         5        14
405       409         4        18
407       417        10        10
390       406        16        21
410       414         4        13
406       407         1        20
40       423       383         4
396       408        12        19
409       420        11         7
412       423        11         4
415       417         2        10
419       421         2         6
423       424         1         3
417       422         5         5
405       412         7        15
411       418         7         9
418       425         7         2
412       426        14         1
392       413        21        14
404       424        20         3
420       426         6         1
199       418       219         9
30       270       240       157
33       415       382        12
417       418         1         9
410       424        14         3
245       426       181         1
401       412        11        15
394       409        15        18
238       418       180         9
285       423       138         4
32       413       381        14
395       420        25         7
241       426       185         1
36       417       381        10
404       408         4        19
200       418       218         9
416       422         6         5
424       425         1         2
32       426       394         1
416       423         7         4
237       416       179        11
408       426        18         1
279       426       147         1
417       423         6         4
413       423        10         4
416       422         6         5
34       411       377        16
413       422         9         5
411       415         4        12
402       415        13        12
279       425       146         2
378       423        45         4
418       426         8         1
410       425        15         2
420       426         6         1
422       426         4         1
399       414        15        13
412       413         1        14
409       414         5        13
399       410        11        17
33       244       211       183
39       384       345        43
409       423        14         4
413       424        11         3
407       426        19         1
407       409         2        18
357       401        44        26
414       416         2        11
421       424         3         3
22       416       394        11
413       420         7         7
198       425       227         2
378       425        47         2
414       426        12         1
414       420         6         7
399       412        13        15
275       420       145         7
408       413         5        14
425       426         1         1
404       418        14         9
21       422       401         5
408       420        12         7
410       416         6        11
419       426         7         1
245       413       168        14
284       406       122        21
424       426         2         1
418       421         3         6
408       422        14         5
422       425         3         2
406       416        10        11
39       405       366        22
404       407         3        20
408       423        15         4
36       381       345        46
39       278       239       149
415       426        11         1
410       426        16         1
21       425       404         2
403       417        14        10
408       417         9        10
405       413         8        14
397       414        17        13
409       419        10         8
406       426        20         1
420       422         2         5
400       415        15        12
413       417         4        10
204       403       199        24
417       424         7         3
411       426        15         1
408       424        16         3
401       408         7        19
20       424       404         3
409       422        13         5
402       426        24         1
424       425         1         2
414       426        12         1
401       410         9        17
406       414         8        13
39       416       377        11
407       416         9        11
400       410        10        17
37       426       389         1
31       426       395         1
412       424        12         3
409       413         4        14
406       421        15         6
404       426        22         1
424       425         1         2
406       422        16         5
37       426       389         1
424       425         1         2
415       416         1        11
400       408         8        19
419       423         4         4
411       415         4        12
416       419         3         8
411       416         5        11
6       415       409        12
424       426         2         1
391       415        24        12
416       421         5         6
423       425         2         2
409       419        10         8
17       397       380        30
271       419       148         8
402       425        23         2
35       417       382        10
382       418        36         9
40       421       381         6
402       406         4        21
403       420        17         7
412       417         5        10
419       425         6         2
425       426         1         1
406       415         9        12
410       421        11         6
417       419         2         8
405       423        18         4
420       423         3         4
36       411       375        16
394       423        29         4
415       425        10         2
417       422         5         5
409       415         6        12
411       419         8         8
243       422       179         5
417       420         3         7
401       413        12        14
400       405         5        22
425       426         1         1
416       424         8         3
421       425         4         2
385       426        41         1
241       410       169        17
422       424         2         3
418       426         8         1
424       426         2         1
397       420        23         7
421       424         3         3
410       425        15         2
418       423         5         4
408       426        18         1
423       424         1         3
401       405         4        22
419       425         6         2
423       424         1         3
272       419       147         8
384       402        18        25
412       426        14         1
407       417        10        10
412       424        12         3
405       417        12        10
212       417       205        10
413       414         1        13
418       424         6         3
406       417        11        10
412       424        12         3
413       417         4        10
372       406        34        21
402       416        14        11
421       425         4         2
232       423       191         4
277       422       145         5
423       424         1         3
238       425       187         2
417       423         6         4
393       424        31         3
420       421         1         6
181       411       230        16
28        38        10       389
12       410       398        17
244       419       175         8
413       419         6         8
396       425        29         2
421       425         4         2
413       415         2        12
404       422        18         5
412       419         7         8
420       423         3         4
228       409       181        18
415       418         3         9
388       396         8        31
410       426        16         1
411       420         9         7
371       412        41        15
423       424         1         3
397       417        20        10
40       407       367        20
32       419       387         8
409       410         1        17
392       416        24        11
394       422        28         5
418       424         6         3
386       419        33         8
204       277        73       150
414       424        10         3
420       424         4         3
409       417         8        10
203       403       200        24
30       423       393         4
420       424         4         3
415       426        11         1
371       372         1        55
183       421       238         6
391       423        32         4
381       411        30        16
186       425       239         2
416       418         2         9
406       419        13         8
423       426         3         1
423       425         2         2
416       418         2         9
409       413         4        14
423       425         2         2
414       426        12         1
402       419        17         8
395       397         2        30
401       416        15        11
425       426         1         1
285       411       126        16
423       424         1         3
203       388       185        39
422       426         4         1
195       242        47       185
398       426        28         1
398       420        22         7
417       418         1         9
421       423         2         4
414       426        12         1
407       414         7        13
403       408         5        19
412       420         8         7
412       426        14         1
422       424         2         3
406       407         1        20
412       414         2        13
398       401         3        26
393       420        27         7
405       426        21         1
405       413         8        14
398       421        23         6
420       425         5         2
40       402       362        25
417       418         1         9
410       411         1        16
410       426        16         1
27       425       398         2
35       418       383         9
420       425         5         2
416       417         1        10
424       425         1         2
381       388         7        39
417       423         6         4
417       424         7         3
36       420       384         7
36       235       199       192
416       426        10         1
409       422        13         5
420       426         6         1
199       402       203        25
416       421         5         6
423       425         2         2
417       418         1         9
384       412        28        15
420       421         1         6
423       426         3         1
374       407        33        20
393       408        15        19
417       418         1         9
420       425         5         2
285       425       140         2
416       423         7         4
384       426        42         1
419       420         1         7
423       425         2         2
406       414         8        13
421       422         1         5
417       425         8         2
419       422         3         5
416       426        10         1
405       417        12        10
271       422       151         5
201       398       197        29
412       417         5        10
33       409       376        18
410       425        15         2
422       426         4         1
402       419        17         8
416       417         1        10
32       417       385        10
201       425       224         2
414       425        11         2
411       418         7         9
204       400       196        27
410       426        16         1
40       423       383         4
32       399       367        28
413       420         7         7
403       410         7        17
412       426        14         1
412       426        14         1
34       416       382        11
416       426        10         1
199       419       220         8
420       421         1         6
36       415       379        12
424       426         2         1
408       415         7        12
407       419        12         8
199       413       214        14
415       424         9         3
185       404       219        23
412       417         5        10
419       425         6         2
412       413         1        14
18       420       402         7
414       426        12         1
402       416        14        11
404       422        18         5
404       426        22         1
419       422         3         5
409       414         5        13
28       417       389        10
34       425       391         2
400       402         2        25
377       423        46         4
423       425         2         2
409       419        10         8
411       417         6        10
401       404         3        23
422       426         4         1
416       424         8         3
188       414       226        13
40       418       378         9
419       423         4         4
221       425       204         2
402       410         8        17
423       424         1         3
245       419       174         8
419       421         2         6
402       423        21         4
414       426        12         1
408       411         3        16
415       422         7         5
35       424       389         3
413       424        11         3
38       422       384         5
236       411       175        16
422       426         4         1
396       406        10        21
421       425         4         2
424       425         1         2
35       425       390         2
411       415         4        12
409       417         8        10
417       426         9         1
36       424       388         3
417       423         6         4
395       419        24         8
389       412        23        15
407       424        17         3
409       417         8        10
408       415         7        12
394       424        30         3
408       417         9        10
415       424         9         3
414       416         2        11
406       424        18         3
235       423       188         4
415       426        11         1
415       424         9         3
409       425        16         2
28       415       387        12
418       424         6         3
411       420         9         7
418       426         8         1
389       422        33         5
397       420        23         7
21       423       402         4
397       417        20        10
421       422         1         5
421       425         4         2
244       417       173        10
410       426        16         1
417       421         4         6
407       417        10        10
410       421        11         6
402       421        19         6
317       411        94        16
280       424       144         3
200       420       220         7
22       421       399         6
412       413         1        14
414       416         2        11
201       403       202        24
423       424         1         3
414       421         7         6
417       420         3         7
228       384       156        43
36       410       374        17
406       409         3        18
414       423         9         4
417       419         2         8
283       426       143         1
14       414       400        13
423       425         2         2
396       417        21        10
411       420         9         7
416       423         7         4
32       424       392         3
400       409         9        18
408       418        10         9
386       411        25        16
384       420        36         7
424       425         1         2
410       422        12         5
410       419         9         8
408       422        14         5
416       425         9         2
410       422        12         5
421       423         2         4
416       421         5         6
416       424         8         3
407       422        15         5
405       419        14         8
409       420        11         7
400       406         6        21
417       422         5         5
244       426       182         1
405       425        20         2
410       424        14         3
401       425        24         2
417       424         7         3
204       411       207        16
32       420       388         7
406       417        11        10
414       420         6         7
413       419         6         8
416       426        10         1
425       426         1         1
422       423         1         4
30       426       396         1
35       423       388         4
38       404       366        23
234       413       179        14
413       426        13         1
418       424         6         3
404       411         7        16
420       425         5         2
403       424        21         3
40       424       384         3
405       410         5        17
419       425         6         2
416       423         7         4
424       426         2         1
415       418         3         9
425       426         1         1
408       420        12         7
408       418        10         9
32       425       393         2
244       398       154        29
411       419         8         8
422       426         4         1
418       422         4         5
29        35         6       392
413       425        12         2
30       413       383        14
398       406         8        21
407       426        19         1
409       425        16         2
40       419       379         8
417       422         5         5
36       426       390         1
380       417        37        10
410       412         2        15
203       400       197        27
196       425       229         2
420       425         5         2
286       423       137         4
416       423         7         4
413       424        11         3
414       417         3        10
401       426        25         1
410       413         3        14
401       422        21         5
422       424         2         3
424       426         2         1
405       412         7        15
421       426         5         1
29       419       390         8
423       424         1         3
