419       421         2         2
407       420        13         3
229       416       187         7
414       422         8         1
415       418         3         5
31       415       384         8
397       403         6        20
27       417       390         6
220       419       199         4
413       421         8         2
31       220       189       203
35       412       377        11
277       352        75        71
402       420        18         3
407       419        12         4
401       418        17         5
410       422        12         1
405       422        17         1
414       415         1         8
412       416         4         7
420       422         2         1
405       409         4        14
393       399         6        24
417       421         4         2
398       415        17         8
414       416         2         7
29       408       379        15
395       402         7        21
37       407       370        16
416       422         6         1
407       408         1        15
396       409        13        14
420       421         1         2
397       422        25         1
414       422         8         1
31       421       390         2
404       408         4        15
417       421         4         2
27       420       393         3
404       416        12         7
412       416         4         7
377       396        19        27
399       420        21         3
415       422         7         1
402       417        15         6
421       422         1         1
199       422       223         1
414       419         5         4
420       422         2         1
403       408         5        15
418       422         4         1
415       419         4         4
413       415         2         8
23       419       396         4
36       414       378         9
34       417       383         6
404       414        10         9
402       416        14         7
23       416       393         7
414       417         3         6
278       421       143         2
36       417       381         6
418       422         4         1
411       415         4         8
37       387       350        36
199       411       212        12
412       417         5         6
413       417         4         6
417       421         4         2
417       421         4         2
418       420         2         3
419       422         3         1
402       413        11        10
403       422        19         1
415       418         3         5
396       414        18         9
22        32        10       391
20       421       401         2
380       408        28        15
183       422       239         1
421       422         1         1
408       422        14         1
407       422        15         1
407       410         3        13
407       411         4        12
417       418         1         5
419       422         3         1
24       278       254       145
37       406       369        17
400       413        13        10
399       417        18         6
407       421        14         2
409       418         9         5
413       417         4         6
397       418        21         5
32       422       390         1
192       412       220        11
401       405         4        18
402       420        18         3
411       420         9         3
405       417        12         6
415       418         3         5
413       421         8         2
37       418       381         5
408       416         8         7
15        38        23       385
408       413         5        10
387       418        31         5
23       407       384        16
15       414       399         9
38       419       381         4
406       421        15         2
410       413         3        10
419       421         2         2
418       421         3         2
413       421         8         2
191       422       231         1
397       411        14        12
420       422         2         1
415       419         4         4
418       420         2         3
412       419         7         4
410       411         1        12
391       417        26         6
265       419       154         4
408       419        11         4
402       407         5        16
400       408         8        15
413       417         4         6
410       413         3        10
39       421       382         2
395       417        22         6
221       420       199         3
32       421       389         2
420       422         2         1
416       421         5         2
24       402       378        21
398       412        14        11
419       421         2         2
412       418         6         5
407       408         1        15
409       414         5         9
410       420        10         3
395       406        11        17
395       398         3        25
407       414         7         9
415       417         2         6
38       420       382         3
402       406         4        17
416       417         1         6
29       416       387         7
405       420        15         3
413       414         1         9
413       417         4         6
407       411         4        12
275       400       125        23
391       409        18        14
199       419       220         4
411       413         2        10
409       421        12         2
413       417         4         6
228       422       194         1
405       416        11         7
408       414         6         9
411       419         8         4
10       401       391        22
401       419        18         4
37       417       380         6
20       420       400         3
263       418       155         5
418       422         4         1
419       422         3         1
187       397       210        26
38       422       384         1
274       419       145         4
399       418        19         5
386       389         3        34
415       421         6         2
19       418       399         5
414       421         7         2
402       421        19         2
27       410       383        13
408       419        11         4
388       404        16        19
403       422        19         1
419       422         3         1
398       422        24         1
404       408         4        15
388       417        29         6
417       421         4         2
35       413       378        10
38       422       384         1
411       421        10         2
412       420         8         3
411       421        10         2
268       420       152         3
28       412       384        11
24        38        14       385
401       412        11        11
413       422         9         1
412       422        10         1
410       414         4         9
409       415         6         8
34       235       201       188
262       420       158         3
29       420       391         3
39       404       365        19
20       418       398         5
407       419        12         4
417       418         1         5
417       419         2         4
389       403        14        20
416       419         3         4
412       422        10         1
399       419        20         4
411       419         8         4
420       422         2         1
413       420         7         3
30       422       392         1
365       400        35        23
415       422         7         1
406       422        16         1
417       419         2         4
400       420        20         3
15       376       361        47
406       418        12         5
413       414         1         9
409       422        13         1
418       422         4         1
418       420         2         3
413       421         8         2
391       420        29         3
384       408        24        15
420       422         2         1
407       417        10         6
189       404       215        19
37       416       379         7
404       417        13         6
407       408         1        15
407       422        15         1
411       412         1        11
419       420         1         3
414       419         5         4
273       420       147         3
411       422        11         1
39       420       381         3
418       421         3         2
38       418       380         5
418       421         3         2
420       421         1         2
225       412       187        11
419       420         1         3
412       415         3         8
411       421        10         2
418       419         1         4
407       416         9         7
414       416         2         7
24       413       389        10
405       421        16         2
420       421         1         2
380       407        27        16
405       411         6        12
413       417         4         6
261       421       160         2
415       416         1         7
390       421        31         2
14       409       395        14
406       418        12         5
418       422         4         1
270       409       139        14
208       421       213         2
417       418         1         5
31       418       387         5
392       414        22         9
31       412       381        11
420       421         1         2
371       407        36        16
408       416         8         7
410       421        11         2
233       417       184         6
418       419         1         4
38       390       352        33
26       418       392         5
389       421        32         2
197       397       200        26
224       405       181        18
417       421         4         2
413       420         7         3
403       404         1        19
217       404       187        19
409       417         8         6
274       419       145         4
199       399       200        24
415       419         4         4
410       413         3        10
399       420        21         3
269       422       153         1
196       419       223         4
194       407       213        16
231       419       188         4
407       422        15         1
387       421        34         2
25       421       396         2
416       421         5         2
23       416       393         7
407       414         7         9
405       418        13         5
267       422       155         1
412       414         2         9
406       409         3        14
395       408        13        15
412       415         3         8
408       422        14         1
419       422         3         1
39       391       352        32
383       420        37         3
397       422        25         1
26       415       389         8
268       422       154         1
418       420         2         3
418       419         1         4
408       421        13         2
418       422         4         1
25        26         1       397
14       422       408         1
24       194       170       229
412       421         9         2
410       414         4         9
405       419        14         4
421       422         1         1
238       422       184         1
416       418         2         5
400       414        14         9
408       417         9         6
412       418         6         5
412       422        10         1
411       418         7         5
20       405       385        18
27       229       202       194
409       422        13         1
24       412       388        11
418       422         4         1
391       413        22        10
403       421        18         2
394       413        19        10
419       422         3         1
416       420         4         3
14       400       386        23
388       407        19        16
413       416         3         7
410       419         9         4
408       422        14         1
390       406        16        17
399       411        12        12
421       422         1         1
409       419        10         4
410       417         7         6
28       420       392         3
274       412       138        11
401       403         2        20
408       415         7         8
393       412        19        11
405       418        13         5
33       422       389         1
418       422         4         1
418       422         4         1
417       420         3         3
417       420         3         3
414       419         5         4
36        39         3       384
406       422        16         1
30       401       371        22
412       418         6         5
394       421        27         2
38       422       384         1
397       418        21         5
38       416       378         7
411       420         9         3
278       420       142         3
18       410       392        13
232       419       187         4
31       422       391         1
412       418         6         5
403       413        10        10
394       410        16        13
21       421       400         2
418       422         4         1
374       422        48         1
417       422         5         1
401       418        17         5
419       421         2         2
39       420       381         3
420       422         2         1
232       404       172        19
407       413         6        10
417       418         1         5
416       418         2         5
237       421       184         2
25       199       174       224
414       415         1         8
206       419       213         4
416       422         6         1
414       418         4         5
418       419         1         4
405       417        12         6
395       405        10        18
415       416         1         7
411       414         3         9
371       421        50         2
408       418        10         5
397       420        23         3
410       421        11         2
415       419         4         4
412       413         1        10
418       419         1         4
37       422       385         1
406       416        10         7
408       420        12         3
396       418        22         5
38       238       200       185
418       421         3         2
412       413         1        10
412       416         4         7
382       408        26        15
402       418        16         5
412       419         7         4
410       415         5         8
418       421         3         2
400       420        20         3
416       420         4         3
413       422         9         1
418       421         3         2
399       413        14        10
411       415         4         8
184       422       238         1
415       418         3         5
409       419        10         4
18       415       397         8
375       414        39         9
403       422        19         1
401       414        13         9
400       422        22         1
33       412       379        11
275       422       147         1
395       415        20         8
417       421         4         2
393       398         5        25
412       422        10         1
392       395         3        28
353       418        65         5
18       406       388        17
418       422         4         1
415       420         5         3
407       412         5        11
184       411       227        12
421       422         1         1
37       379       342        44
398       400         2        23
401       416        15         7
415       416         1         7
416       420         4         3
393       421        28         2
398       414        16         9
373       421        48         2
400       415        15         8
388       414        26         9
412       413         1        10
413       420         7         3
269       414       145         9
275       418       143         5
415       421         6         2
416       421         5         2
388       417        29         6
413       420         7         3
410       420        10         3
409       415         6         8
417       421         4         2
414       420         6         3
407       409         2        14
401       422        21         1
23       415       392         8
410       415         5         8
391       394         3        29
403       408         5        15
194       414       220         9
417       418         1         5
412       416         4         7
416       418         2         5
36       416       380         7
408       419        11         4
409       422        13         1
378       413        35        10
407       416         9         7
238       421       183         2
406       418        12         5
419       421         2         2
396       417        21         6
407       410         3        13
408       419        11         4
411       421        10         2
406       421        15         2
407       420        13         3
410       414         4         9
408       420        12         3
421       422         1         1
32       421       389         2
403       413        10        10
408       422        14         1
388       417        29         6
406       420        14         3
396       417        21         6
416       422         6         1
420       422         2         1
410       419         9         4
417       418         1         5
419       420         1         3
416       418         2         5
413       422         9         1
395       410        15        13
404       421        17         2
33       408       375        15
23       239       216       184
35       415       380         8
246       418       172         5
227       380       153        43
396       413        17        10
413       418         5         5
410       420        10         3
21       412       391        11
412       414         2         9
416       417         1         6
410       412         2        11
397       422        25         1
418       422         4         1
415       417         2         6
411       420         9         3
416       422         6         1
413       418         5         5
413       421         8         2
394       422        28         1
414       421         7         2
213       418       205         5
407       412         5        11
395       407        12        16
17       407       390        16
421       422         1         1
412       422        10         1
413       416         3         7
416       418         2         5
21       415       394         8
396       421        25         2
400       419        19         4
405       418        13         5
412       420         8         3
30       419       389         4
414       420         6         3
34       257       223       166
396       399         3        24
413       421         8         2
238       419       181         4
408       417         9         6
401       421        20         2
39       417       378         6
405       409         4        14
407       422        15         1
416       420         4         3
412       416         4         7
398       401         3        22
416       418         2         5
24       406       382        17
27        30         3       393
275       384       109        39
12       422       410         1
417       419         2         4
406       408         2        15
399       415        16         8
37       412       375        11
390       399         9        24
228       418       190         5
402       419        17         4
420       422         2         1
402       407         5        16
419       422         3         1
412       418         6         5
393       403        10        20
410       422        12         1
412       418         6         5
220       419       199         4
394       419        25         4
27       417       390         6
376       416        40         7
416       420         4         3
18       399       381        24
418       419         1         4
416       421         5         2
273       416       143         7
413       422         9         1
417       421         4         2
386       399        13        24
12        36        24       387
395       406        11        17
236       420       184         3
19       422       403         1
34       422       388         1
29       409       380        14
38       421       383         2
391       418        27         5
190       417       227         6
418       422         4         1
412       416         4         7
408       414         6         9
410       413         3        10
232       419       187         4
397       416        19         7
224       407       183        16
239       401       162        22
382       416        34         7
384       414        30         9
208       417       209         6
418       420         2         3
377       413        36        10
390       421        31         2
420       422         2         1
409       416         7         7
399       417        18         6
397       421        24         2
39       421       382         2
417       421         4         2
404       411         7        12
418       421         3         2
15       415       400         8
407       419        12         4
39       421       382         2
407       414         7         9
410       417         7         6
413       419         6         4
238       417       179         6
419       421         2         2
413       415         2         8
414       422         8         1
421       422         1         1
408       416         8         7
238       422       184         1
383       395        12        28
39       409       370        14
417       421         4         2
375       421        46         2
33       419       386         4
399       416        17         7
413       414         1         9
409       421        12         2
17        31        14       392
417       418         1         5
411       415         4         8
412       413         1        10
9       419       410         4
409       413         4        10
414       416         2         7
197       415       218         8
405       415        10         8
29       420       391         3
410       412         2        11
414       422         8         1
213       418       205         5
190       405       215        18
401       421        20         2
23       421       398         2
416       422         6         1
238       256        18       167
18       388       370        35
419       422         3         1
31       414       383         9
37       417       380         6
421       422         1         1
410       415         5         8
412       421         9         2
37       420       383         3
411       422        11         1
415       416         1         7
413       414         1         9
421       422         1         1
397       419        22         4
380       413        33        10
409       419        10         4
396       421        25         2
411       413         2        10
412       421         9         2
209       419       210         4
409       416         7         7
389       417        28         6
409       415         6         8
409       415         6         8
394       419        25         4
185       417       232         6
410       419         9         4
400       406         6        17
393       415        22         8
414       415         1         8
411       415         4         8
401       415        14         8
198       417       219         6
411       418         7         5
403       416        13         7
419       420         1         3
393       422        29         1
194       414       220         9
420       421         1         2
370       378         8        45
37       420       383         3
38       408       370        15
23       421       398         2
397       404         7        19
418       419         1         4
404       419        15         4
395       402         7        21
276       422       146         1
408       420        12         3
37       422       385         1
398       403         5        20
268       417       149         6
236       420       184         3
419       420         1         3
39       417       378         6
408       414         6         9
420       421         1         2
415       420         5         3
409       413         4        10
408       417         9         6
415       421         6         2
404       422        18         1
408       412         4        11
18       412       394        11
411       419         8         4
29       415       386         8
415       420         5         3
394       395         1        28
372       418        46         5
410       416         6         7
418       419         1         4
420       422         2         1
400       412        12        11
403       410         7        13
388       402        14        21
401       418        17         5
10       419       409         4
413       421         8         2
412       415         3         8
9       409       400        14
408       421        13         2
409       414         5         9
411       421        10         2
407       411         4        12
399       412        13        11
409       422        13         1
190       421       231         2
389       410        21        13
403       409         6        14
32       406       374        17
390       414        24         9
412       414         2         9
37       412       375        11
415       422         7         1
368       410        42        13
400       410        10        13
236       419       183         4
223       414       191         9
420       421         1         2
406       419        13         4
183       410       227        13
400       422        22         1
411       420         9         3
400       417        17         6
403       421        18         2
403       416        13         7
406       421        15         2
370       421        51         2
405       408         3        15
414       417         3         6
274       421       147         2
409       411         2        12
408       422        14         1
416       421         5         2
420       422         2         1
417       418         1         5
30       413       383        10
410       418         8         5
403       415        12         8
420       422         2         1
401       418        17         5
420       422         2         1
415       420         5         3
35       413       378        10
420       422         2         1
395       411        16        12
410       421        11         2
35       402       367        21
410       420        10         3
403       418        15         5
408       412         4        11
414       418         4         5
410       417         7         6
413       416         3         7
413       421         8         2
412       419         7         4
37       414       377         9
391       415        24         8
414       415         1         8
411       412         1        11
38       408       370        15
408       413         5        10
37       421       384         2
277       421       144         2
410       418         8         5
409       418         9         5
209       417       208         6
399       404         5        19
37       420       383         3
421       422         1         1
413       422         9         1
413       422         9         1
415       422         7         1
411       415         4         8
420       421         1         2
414       419         5         4
39       418       379         5
394       413        19        10
404       420        16         3
29       419       390         4
420       422         2         1
415       421         6         2
410       415         5         8
394       416        22         7
417       422         5         1
384       419        35         4
416       420         4         3
5       421       416         2
402       417        15         6
391       414        23         9
411       421        10         2
24       421       397         2
417       418         1         5
402       420        18         3
187       415       228         8
410       418         8         5
37       398       361        25
417       422         5         1
419       421         2         2
412       416         4         7
411       412         1        11
232       417       185         6
415       422         7         1
226       407       181        16
420       422         2         1
396       417        21         6
406       419        13         4
413       415         2         8
235       417       182         6
406       408         2        15
23       403       380        20
376       411        35        12
419       421         2         2
413       415         2         8
415       417         2         6
418       422         4         1
198       415       217         8
410       414         4         9
33       381       348        42
397       417        20         6
417       421         4         2
26       420       394         3
404       422        18         1
408       417         9         6
392       422        30         1
415       416         1         7
421       422         1         1
421       422         1         1
414       419         5         4
412       418         6         5
421       422         1         1
31       238       207       185
418       420         2         3
421       422         1         1
238       417       179         6
394       412        18        11
418       421         3         2
237       413       176        10
413       414         1         9
414       421         7         2
408       421        13         2
414       417         3         6
416       420         4         3
406       413         7        10
389       419        30         4
416       422         6         1
407       413         6        10
400       422        22         1
26       419       393         4
416       417         1         6
415       416         1         7
414       422         8         1
404       418        14         5
418       419         1         4
408       418        10         5
401       422        21         1
378       404        26        19
407       422        15         1
32       236       204       187
410       419         9         4
387       410        23        13
30       421       391         2
404       413         9        10
418       422         4         1
418       421         3         2
390       408        18        15
412       414         2         9
368       416        48         7
413       420         7         3
416       418         2         5
397       407        10        16
410       416         6         7
193       418       225         5
184       420       236         3
236       414       178         9
399       416        17         7
417       421         4         2
403       417        14         6
414       418         4         5
35       413       378        10
33       407       374        16
402       421        19         2
234       406       172        17
400       421        21         2
403       412         9        11
194       401       207        22
413       421         8         2
409       415         6         8
405       422        17         1
387       413        26        10
17        33        16       390
409       415         6         8
409       410         1        13
191       396       205        27
37       415       378         8
416       420         4         3
397       419        22         4
201       404       203        19
406       419        13         4
408       419        11         4
411       418         7         5
412       422        10         1
405       418        13         5
380       422        42         1
402       420        18         3
277       419       142         4
416       421         5         2
412       418         6         5
407       412         5        11
30       419       389         4
418       422         4         1
393       421        28         2
411       421        10         2
35       417       382         6
405       416        11         7
407       410         3        13
414       422         8         1
1       416       415         7
390       419        29         4
231       421       190         2
417       419         2         4
413       421         8         2
394       398         4        25
415       420         5         3
259       414       155         9
402       414        12         9
417       420         3         3
400       411        11        12
417       420         3         3
414       420         6         3
31       422       391         1
414       416         2         7
408       420        12         3
417       419         2         4
419       420         1         3
359       419        60         4
409       414         5         9
413       419         6         4
388       420        32         3
413       419         6         4
25       411       386        12
36       418       382         5
418       422         4         1
274       413       139        10
199       412       213        11
235       401       166        22
413       420         7         3
196       422       226         1
417       419         2         4
407       411         4        12
10       418       408         5
419       421         2         2
