311       326        15         2
324       325         1         3
316       326        10         2
302       308         6        20
294       326        32         2
312       325        13         3
316       318         2        10
295       299         4        29
324       325         1         3
21       306       285        22
318       324         6         4
316       326        10         2
309       320        11         8
279       307        28        21
313       321         8         7
320       321         1         7
316       327        11         1
320       327         7         1
310       316         6        12
309       321        12         7
298       324        26         4
288       325        37         3
325       327         2         1
316       327        11         1
319       325         6         3
27       326       299         2
17       324       307         4
19       320       301         8
320       322         2         6
306       327        21         1
292       295         3        33
308       317         9        11
319       324         5         4
292       307        15        21
313       324        11         4
278       305        27        23
320       325         5         3
313       326        13         2
274       325        51         3
310       313         3        15
300       304         4        24
305       322        17         6
298       327        29         1
310       318         8        10
298       316        18        12
314       324        10         4
325       327         2         1
302       312        10        16
309       323        14         5
21       306       285        22
298       320        22         8
310       312         2        16
25       321       296         7
324       326         2         2
314       320         6         8
304       320        16         8
309       316         7        12
310       327        17         1
326       327         1         1
266       294        28        34
286       309        23        19
310       326        16         2
284       299        15        29
292       314        22        14
325       327         2         1
318       323         5         5
320       327         7         1
8       309       301        19
269       300        31        28
27       325       298         3
325       326         1         2
316       322         6         6
318       327         9         1
321       322         1         6
26       326       300         2
313       325        12         3
298       310        12        18
291       316        25        12
21       320       299         8
321       323         2         5
296       313        17        15
315       326        11         2
314       318         4        10
311       322        11         6
22       320       298         8
322       327         5         1
316       319         3         9
320       325         5         3
323       326         3         2
295       320        25         8
323       327         4         1
5       326       321         2
312       313         1        15
308       322        14         6
258       273        15        55
299       316        17        12
290       316        26        12
318       327         9         1
311       320         9         8
311       314         3        14
268       313        45        15
297       306         9        22
292       293         1        35
313       321         8         7
321       327         6         1
302       306         4        22
297       304         7        24
305       316        11        12
316       318         2        10
323       327         4         1
303       314        11        14
311       327        16         1
301       326        25         2
306       327        21         1
306       325        19         3
310       321        11         7
304       311         7        17
307       311         4        17
307       321        14         7
319       325         6         3
322       327         5         1
16       324       308         4
323       324         1         4
325       326         1         2
322       323         1         5
19       318       299        10
309       317         8        11
4       325       321         3
292       326        34         2
296       318        22        10
277       316        39        12
323       325         2         3
19       317       298        11
279       327        48         1
306       312         6        16
311       320         9         8
321       326         5         2
307       326        19         2
298       306         8        22
307       312         5        16
323       324         1         4
310       323        13         5
1       324       323         4
315       324         9         4
301       319        18         9
301       319        18         9
302       308         6        20
311       326        15         2
316       327        11         1
299       310        11        18
307       327        20         1
305       307         2        21
313       319         6         9
297       316        19        12
277       304        27        24
312       317         5        11
310       326        16         2
319       321         2         7
301       321        20         7
308       318        10        10
25       326       301         2
320       321         1         7
310       325        15         3
307       309         2        19
312       321         9         7
289       297         8        31
311       323        12         5
313       318         5        10
293       297         4        31
319       323         4         5
314       320         6         8
302       321        19         7
23       320       297         8
285       302        17        26
293       313        20        15
321       325         4         3
321       327         6         1
307       316         9        12
306       322        16         6
304       326        22         2
9       323       314         5
319       327         8         1
309       314         5        14
298       314        16        14
300       301         1        27
295       312        17        16
313       317         4        11
313       324        11         4
324       327         3         1
296       321        25         7
287       307        20        21
299       305         6        23
317       318         1        10
293       314        21        14
300       310        10        18
323       326         3         2
300       312        12        16
308       310         2        18
309       327        18         1
304       324        20         4
314       319         5         9
288       304        16        24
294       321        27         7
321       322         1         6
326       327         1         1
312       327        15         1
322       324         2         4
312       316         4        12
300       327        27         1
302       323        21         5
312       327        15         1
312       313         1        15
310       326        16         2
311       321        10         7
290       305        15        23
27       325       298         3
312       327        15         1
314       327        13         1
2       323       321         5
18       317       299        11
325       327         2         1
308       326        18         2
5       318       313        10
305       321        16         7
322       324         2         4
308       310         2        18
306       313         7        15
302       320        18         8
292       327        35         1
315       326        11         2
318       323         5         5
300       327        27         1
27       305       278        23
307       326        19         2
313       323        10         5
311       317         6        11
297       324        27         4
296       325        29         3
315       322         7         6
319       326         7         2
292       312        20        16
319       323         4         5
304       312         8        16
322       326         4         2
321       327         6         1
309       325        16         3
325       327         2         1
318       319         1         9
321       326         5         2
308       320        12         8
307       317        10        11
315       325        10         3
320       327         7         1
324       326         2         2
310       327        17         1
27       323       296         5
303       317        14        11
253       323        70         5
293       295         2        33
286       315        29        13
12       324       312         4
323       324         1         4
25       301       276        27
20       315       295        13
285       326        41         2
317       324         7         4
322       325         3         3
293       310        17        18
18       327       309         1
301       327        26         1
284       302        18        26
310       326        16         2
16       322       306         6
321       327         6         1
320       327         7         1
21        26         5       302
320       327         7         1
326       327         1         1
319       323         4         5
325       327         2         1
312       325        13         3
311       312         1        16
310       326        16         2
27       327       300         1
313       326        13         2
313       323        10         5
314       327        13         1
318       327         9         1
312       322        10         6
302       325        23         3
321       326         5         2
310       321        11         7
306       323        17         5
317       320         3         8
309       321        12         7
11       325       314         3
284       327        43         1
305       327        22         1
310       325        15         3
22       306       284        22
22       326       304         2
23       291       268        37
317       327        10         1
325       326         1         2
321       324         3         4
317       318         1        10
299       321        22         7
283       316        33        12
293       320        27         8
297       327        30         1
325       327         2         1
314       327        13         1
18       315       297        13
324       327         3         1
10       317       307        11
280       289         9        39
303       320        17         8
318       323         5         5
296       318        22        10
302       320        18         8
284       291         7        37
296       302         6        26
322       326         4         2
313       317         4        11
310       318         8        10
311       319         8         9
325       326         1         2
22       321       299         7
25       292       267        36
315       327        12         1
325       327         2         1
27       305       278        23
326       327         1         1
324       325         1         3
303       308         5        20
324       326         2         2
296       324        28         4
304       315        11        13
15       319       304         9
317       325         8         3
307       320        13         8
322       324         2         4
316       318         2        10
316       324         8         4
319       325         6         3
311       312         1        16
323       327         4         1
316       322         6         6
280       304        24        24
21       327       306         1
323       325         2         3
315       316         1        12
315       316         1        12
310       323        13         5
321       326         5         2
303       326        23         2
290       305        15        23
312       323        11         5
312       326        14         2
314       321         7         7
324       325         1         3
319       322         3         6
321       322         1         6
294       325        31         3
316       325         9         3
303       311         8        17
322       326         4         2
2       321       319         7
324       325         1         3
8       317       309        11
287       314        27        14
18       319       301         9
325       327         2         1
300       327        27         1
303       312         9        16
317       321         4         7
305       308         3        20
314       322         8         6
310       317         7        11
13       270       257        58
314       327        13         1
321       325         4         3
298       316        18        12
18       327       309         1
319       327         8         1
20       318       298        10
317       321         4         7
319       320         1         8
326       327         1         1
311       319         8         9
317       325         8         3
24       322       298         6
311       313         2        15
319       321         2         7
320       325         5         3
25       289       264        39
26       325       299         3
308       322        14         6
302       316        14        12
310       313         3        15
318       324         6         4
324       326         2         2
296       321        25         7
14       322       308         6
313       326        13         2
8       327       319         1
25       326       301         2
324       327         3         1
312       324        12         4
306       317        11        11
302       326        24         2
280       323        43         5
11       322       311         6
10       322       312         6
320       323         3         5
324       325         1         3
318       322         4         6
314       325        11         3
292       324        32         4
294       326        32         2
288       325        37         3
26       326       300         2
309       321        12         7
303       310         7        18
323       324         1         4
311       327        16         1
17       327       310         1
323       327         4         1
324       327         3         1
261       304        43        24
8       310       302        18
312       317         5        11
323       327         4         1
26       321       295         7
315       318         3        10
302       326        24         2
315       325        10         3
305       326        21         2
278       285         7        43
305       327        22         1
310       320        10         8
321       323         2         5
291       299         8        29
322       324         2         4
20       323       303         5
306       323        17         5
319       321         2         7
312       324        12         4
278       298        20        30
309       317         8        11
324       327         3         1
303       321        18         7
12       323       311         5
323       327         4         1
318       320         2         8
325       326         1         2
311       322        11         6
316       318         2        10
293       323        30         5
309       321        12         7
2       325       323         3
324       325         1         3
315       324         9         4
300       327        27         1
302       325        23         3
312       325        13         3
25       321       296         7
17       324       307         4
22       316       294        12
311       319         8         9
319       324         5         4
316       321         5         7
296       314        18        14
25       307       282        21
301       327        26         1
313       315         2        13
318       326         8         2
25       323       298         5
314       319         5         9
300       323        23         5
315       323         8         5
303       310         7        18
326       327         1         1
310       322        12         6
322       325         3         3
305       307         2        21
319       324         5         4
322       323         1         5
297       322        25         6
321       327         6         1
10       296       286        32
318       327         9         1
320       322         2         6
316       326        10         2
16       318       302        10
321       326         5         2
322       325         3         3
325       326         1         2
27       319       292         9
323       324         1         4
319       320         1         8
323       327         4         1
10        22        12       306
306       319        13         9
318       324         6         4
294       318        24        10
303       311         8        17
322       327         5         1
305       318        13        10
323       327         4         1
309       312         3        16
319       327         8         1
291       327        36         1
284       287         3        41
315       318         3        10
272       322        50         6
4       309       305        19
303       305         2        23
254       319        65         9
310       318         8        10
326       327         1         1
305       327        22         1
322       325         3         3
302       319        17         9
23       324       301         4
312       321         9         7
320       321         1         7
27       322       295         6
315       325        10         3
307       317        10        11
317       326         9         2
316       327        11         1
289       322        33         6
284       317        33        11
320       326         6         2
270       303        33        25
296       326        30         2
307       324        17         4
306       320        14         8
323       324         1         4
305       321        16         7
284       323        39         5
321       325         4         3
314       321         7         7
26       305       279        23
301       327        26         1
291       302        11        26
316       319         3         9
300       314        14        14
281       310        29        18
316       320         4         8
319       320         1         8
25       281       256        47
301       303         2        25
316       322         6         6
21       325       304         3
284       301        17        27
310       312         2        16
22       326       304         2
313       325        12         3
298       325        27         3
305       326        21         2
313       326        13         2
296       315        19        13
23       319       296         9
310       323        13         5
318       326         8         2
296       298         2        30
304       327        23         1
321       325         4         3
20       316       296        12
323       327         4         1
323       324         1         4
300       325        25         3
303       310         7        18
27       310       283        18
313       315         2        13
324       327         3         1
24       326       302         2
304       321        17         7
305       310         5        18
315       326        11         2
8       315       307        13
307       324        17         4
294       311        17        17
304       306         2        22
295       318        23        10
16       314       298        14
311       319         8         9
301       325        24         3
326       327         1         1
297       313        16        15
320       325         5         3
323       325         2         3
314       315         1        13
312       318         6        10
320       322         2         6
313       326        13         2
303       312         9        16
316       322         6         6
290       312        22        16
320       323         3         5
319       327         8         1
308       327        19         1
298       320        22         8
16       327       311         1
326       327         1         1
310       327        17         1
292       304        12        24
286       317        31        11
289       300        11        28
289       311        22        17
323       324         1         4
315       322         7         6
305       315        10        13
311       323        12         5
316       324         8         4
323       327         4         1
311       324        13         4
307       322        15         6
319       327         8         1
245       287        42        41
304       326        22         2
320       325         5         3
25       327       302         1
319       323         4         5
316       319         3         9
308       312         4        16
298       326        28         2
299       304         5        24
289       310        21        18
323       327         4         1
310       315         5        13
326       327         1         1
323       324         1         4
325       326         1         2
304       322        18         6
305       317        12        11
320       321         1         7
303       304         1        24
316       323         7         5
13       326       313         2
324       327         3         1
22       327       305         1
294       308        14        20
310       311         1        17
306       327        21         1
322       327         5         1
323       325         2         3
326       327         1         1
24       306       282        22
270       313        43        15
306       322        16         6
320       326         6         2
307       315         8        13
276       327        51         1
324       326         2         2
308       321        13         7
8       316       308        12
317       323         6         5
306       327        21         1
318       327         9         1
301       318        17        10
308       326        18         2
20       327       307         1
304       326        22         2
315       317         2        11
323       324         1         4
309       327        18         1
302       311         9        17
312       323        11         5
321       323         2         5
320       327         7         1
20       327       307         1
319       324         5         4
302       323        21         5
293       327        34         1
310       320        10         8
319       322         3         6
323       327         4         1
317       327        10         1
291       324        33         4
10       317       307        11
314       322         8         6
311       321        10         7
318       321         3         7
316       324         8         4
296       306        10        22
302       323        21         5
314       319         5         9
316       325         9         3
16       320       304         8
315       322         7         6
323       326         3         2
312       319         7         9
299       327        28         1
324       327         3         1
322       326         4         2
27       298       271        30
317       319         2         9
306       320        14         8
323       325         2         3
299       310        11        18
321       325         4         3
323       327         4         1
294       313        19        15
22       325       303         3
291       318        27        10
317       319         2         9
323       327         4         1
321       327         6         1
308       320        12         8
319       327         8         1
321       324         3         4
323       327         4         1
290       303        13        25
323       325         2         3
324       327         3         1
275       285        10        43
321       324         3         4
323       325         2         3
325       327         2         1
316       317         1        11
306       320        14         8
311       322        11         6
323       327         4         1
316       325         9         3
318       322         4         6
291       327        36         1
273       309        36        19
299       322        23         6
318       327         9         1
312       322        10         6
27       327       300         1
325       326         1         2
315       327        12         1
311       319         8         9
305       320        15         8
17       286       269        42
282       305        23        23
19       326       307         2
323       324         1         4
324       325         1         3
323       327         4         1
304       312         8        16
309       316         7        12
25       325       300         3
289       321        32         7
326       327         1         1
303       327        24         1
325       326         1         2
311       317         6        11
311       316         5        12
323       325         2         3
325       326         1         2
315       318         3        10
310       322        12         6
309       327        18         1
27       309       282        19
305       326        21         2
326       327         1         1
319       323         4         5
311       314         3        14
23       326       303         2
311       323        12         5
326       327         1         1
25       327       302         1
263       299        36        29
324       326         2         2
7       285       278        43
300       303         3        25
315       323         8         5
288       316        28        12
304       309         5        19
323       326         3         2
297       327        30         1
315       327        12         1
306       321        15         7
320       326         6         2
308       326        18         2
314       327        13         1
322       325         3         3
317       322         5         6
300       326        26         2
291       316        25        12
291       325        34         3
314       324        10         4
321       324         3         4
322       327         5         1
290       324        34         4
293       321        28         7
320       321         1         7
323       325         2         3
279       312        33        16
297       316        19        12
315       323         8         5
279       313        34        15
313       322         9         6
305       321        16         7
305       324        19         4
321       322         1         6
302       314        12        14
12       305       293        23
291       324        33         4
24       304       280        24
323       324         1         4
7       323       316         5
315       325        10         3
323       327         4         1
295       310        15        18
23       326       303         2
308       310         2        18
318       324         6         4
278       290        12        38
17       319       302         9
297       316        19        12
288       326        38         2
12       317       305        11
326       327         1         1
317       326         9         2
317       326         9         2
21       312       291        16
309       317         8        11
325       327         2         1
316       327        11         1
19       320       301         8
319       326         7         2
310       317         7        11
309       326        17         2
320       327         7         1
296       309        13        19
300       326        26         2
313       316         3        12
8       319       311         9
323       326         3         2
306       319        13         9
309       310         1        18
304       326        22         2
17       323       306         5
292       294         2        34
314       319         5         9
291       308        17        20
307       318        11        10
320       322         2         6
25       327       302         1
319       322         3         6
318       324         6         4
307       320        13         8
289       326        37         2
312       322        10         6
317       320         3         8
19       322       303         6
310       327        17         1
310       312         2        16
316       324         8         4
317       327        10         1
301       324        23         4
283       316        33        12
300       325        25         3
321       323         2         5
301       326        25         2
323       326         3         2
308       324        16         4
308       315         7        13
17       326       309         2
320       322         2         6
309       319        10         9
25       321       296         7
309       317         8        11
324       327         3         1
322       326         4         2
320       321         1         7
309       315         6        13
324       326         2         2
321       322         1         6
326       327         1         1
309       310         1        18
305       314         9        14
318       326         8         2
322       326         4         2
320       327         7         1
303       314        11        14
18       296       278        32
297       323        26         5
325       326         1         2
317       319         2         9
307       310         3        18
314       326        12         2
303       322        19         6
323       327         4         1
300       317        17        11
312       315         3        13
311       322        11         6
9       298       289        30
309       324        15         4
286       318        32        10
320       327         7         1
289       297         8        31
295       326        31         2
315       321         6         7
318       324         6         4
312       314         2        14
11       323       312         5
276       300        24        28
320       327         7         1
308       317         9        11
321       324         3         4
288       320        32         8
322       327         5         1
318       320         2         8
320       325         5         3
320       324         4         4
313       321         8         7
324       326         2         2
310       316         6        12
323       324         1         4
21       318       297        10
322       325         3         3
310       312         2        16
296       307        11        21
300       302         2        26
315       317         2        11
320       323         3         5
311       326        15         2
319       322         3         6
311       321        10         7
324       325         1         3
313       323        10         5
316       319         3         9
306       327        21         1
313       317         4        11
309       326        17         2
306       316        10        12
312       313         1        15
15       323       308         5
318       327         9         1
279       306        27        22
24       219       195       109
8       323       315         5
325       327         2         1
315       327        12         1
310       327        17         1
318       326         8         2
308       312         4        16
321       326         5         2
313       314         1        14
19       294       275        34
312       324        12         4
304       319        15         9
317       327        10         1
274       317        43        11
25       324       299         4
314       327        13         1
316       322         6         6
318       327         9         1
326       327         1         1
306       308         2        20
294       307        13        21
321       323         2         5
311       323        12         5
321       323         2         5
313       316         3        12
315       316         1        12
291       305        14        23
310       311         1        17
22       302       280        26
297       313        16        15
326       327         1         1
309       319        10         9
25       310       285        18
323       325         2         3
318       324         6         4
302       327        25         1
313       320         7         8
323       324         1         4
315       327        12         1
302       309         7        19
309       313         4        15
309       312         3        16
300       324        24         4
311       317         6        11
324       325         1         3
325       326         1         2
319       326         7         2
27       327       300         1
290       319        29         9
309       312         3        16
316       318         2        10
290       307        17        21
316       326        10         2
307       319        12         9
312       324        12         4
312       326        14         2
311       318         7        10
7       326       319         2
311       326        15         2
299       322        23         6
24       323       299         5
17       287       270        41
313       320         7         8
