289       298         9        10
292       297         5        11
289       290         1        18
292       307        15         1
295       307        12         1
24       267       243        41
16       301       285         7
275       279         4        29
272       296        24        12
293       303        10         5
291       294         3        14
27       303       276         5
298       306         8         2
23       300       277         8
280       304        24         4
286       304        18         4
295       305        10         3
292       306        14         2
299       302         3         6
286       305        19         3
301       304         3         4
300       307         7         1
305       307         2         1
303       307         4         1
283       307        24         1
297       299         2         9
285       302        17         6
239       295        56        13
288       306        18         2
296       307        11         1
301       302         1         6
297       306         9         2
296       303         7         5
299       304         5         4
300       307         7         1
27       305       278         3
284       293         9        15
19       307       288         1
290       307        17         1
24       292       268        16
289       297         8        11
300       301         1         7
293       306        13         2
293       301         8         7
26       285       259        23
304       307         3         1
301       302         1         6
11       302       291         6
289       296         7        12
24       304       280         4
16       302       286         6
300       302         2         6
20       294       274        14
279       306        27         2
302       305         3         3
267       304        37         4
297       307        10         1
305       307         2         1
299       307         8         1
301       304         3         4
301       304         3         4
301       303         2         5
277       279         2        29
286       295         9        13
283       304        21         4
289       291         2        17
304       307         3         1
292       307        15         1
295       307        12         1
303       306         3         2
294       307        13         1
266       301        35         7
280       292        12        16
280       292        12        16
283       298        15        10
304       305         1         3
270       288        18        20
25       301       276         7
296       307        11         1
292       305        13         3
281       300        19         8
302       303         1         5
305       307         2         1
281       284         3        24
293       302         9         6
295       301         6         7
292       300         8         8
289       305        16         3
304       307         3         1
277       304        27         4
300       301         1         7
300       304         4         4
293       306        13         2
285       305        20         3
292       306        14         2
255       283        28        25
20       307       287         1
289       291         2        17
293       294         1        14
297       306         9         2
289       307        18         1
287       305        18         3
279       303        24         5
272       302        30         6
279       284         5        24
271       278         7        30
269       277         8        31
298       300         2         8
300       302         2         6
302       304         2         4
292       305        13         3
300       304         4         4
305       307         2         1
18       307       289         1
301       305         4         3
273       279         6        29
13       258       245        50
219       302        83         6
269       307        38         1
278       295        17        13
292       300         8         8
288       305        17         3
299       304         5         4
300       301         1         7
303       305         2         3
26       291       265        17
274       307        33         1
258       286        28        22
275       298        23        10
278       292        14        16
303       306         3         2
286       298        12        10
273       284        11        24
289       305        16         3
299       307         8         1
284       305        21         3
288       293         5        15
305       307         2         1
301       306         5         2
294       299         5         9
306       307         1         1
283       306        23         2
296       307        11         1
288       295         7        13
301       303         2         5
282       296        14        12
291       294         3        14
278       288        10        20
281       307        26         1
266       280        14        28
297       300         3         8
288       304        16         4
297       307        10         1
287       299        12         9
291       303        12         5
295       307        12         1
306       307         1         1
295       306        11         2
294       296         2        12
292       306        14         2
271       293        22        15
298       299         1         9
303       304         1         4
255       302        47         6
280       287         7        21
286       288         2        20
286       287         1        21
27       302       275         6
17       298       281        10
304       306         2         2
18       298       280        10
288       302        14         6
298       307         9         1
25       295       270        13
306       307         1         1
299       306         7         2
304       306         2         2
285       305        20         3
298       307         9         1
291       306        15         2
300       301         1         7
288       289         1        19
287       304        17         4
25       303       278         5
304       305         1         3
302       304         2         4
283       295        12        13
269       301        32         7
293       307        14         1
272       286        14        22
17       296       279        12
21       305       284         3
276       291        15        17
300       303         3         5
23       305       282         3
298       303         5         5
303       305         2         3
300       305         5         3
278       300        22         8
293       295         2        13
27       293       266        15
302       307         5         1
293       294         1        14
299       304         5         4
303       305         2         3
301       305         4         3
303       305         2         3
291       307        16         1
297       306         9         2
287       306        19         2
283       294        11        14
292       305        13         3
292       295         3        13
303       304         1         4
288       307        19         1
292       295         3        13
280       297        17        11
267       283        16        25
298       307         9         1
297       300         3         8
297       307        10         1
304       307         3         1
282       300        18         8
288       294         6        14
304       307         3         1
25       302       277         6
25       278       253        30
294       304        10         4
302       304         2         4
296       301         5         7
296       301         5         7
268       301        33         7
296       301         5         7
298       303         5         5
284       304        20         4
304       306         2         2
304       305         1         3
24       295       271        13
301       305         4         3
16       299       283         9
260       300        40         8
270       288        18        20
297       301         4         7
297       298         1        10
289       305        16         3
302       305         3         3
291       303        12         5
301       302         1         6
300       303         3         5
23       277       254        31
1       288       287        20
285       302        17         6
288       305        17         3
27       306       279         2
253       306        53         2
302       307         5         1
292       298         6        10
22       288       266        20
286       289         3        19
270       306        36         2
284       287         3        21
289       298         9        10
19       304       285         4
294       304        10         4
273       276         3        32
285       301        16         7
296       302         6         6
293       300         7         8
286       305        19         3
305       307         2         1
277       289        12        19
303       305         2         3
295       306        11         2
303       306         3         2
283       293        10        15
297       298         1        10
297       305         8         3
300       307         7         1
305       307         2         1
305       307         2         1
291       293         2        15
302       304         2         4
304       306         2         2
15       306       291         2
27       301       274         7
284       304        20         4
303       305         2         3
301       304         3         4
27       300       273         8
17       307       290         1
293       301         8         7
27       287       260        21
282       303        21         5
300       306         6         2
21       303       282         5
288       307        19         1
283       289         6        19
283       299        16         9
277       297        20        11
276       292        16        16
303       306         3         2
284       305        21         3
298       299         1         9
288       292         4        16
282       307        25         1
258       301        43         7
273       297        24        11
16       301       285         7
292       303        11         5
21       307       286         1
295       296         1        12
270       281        11        27
302       307         5         1
267       289        22        19
296       298         2        10
299       305         6         3
286       295         9        13
297       302         5         6
298       303         5         5
303       307         4         1
294       298         4        10
290       295         5        13
284       297        13        11
293       295         2        13
285       287         2        21
305       307         2         1
288       307        19         1
302       307         5         1
297       304         7         4
304       306         2         2
287       299        12         9
303       307         4         1
286       302        16         6
253       263        10        45
300       307         7         1
299       307         8         1
299       305         6         3
299       306         7         2
286       307        21         1
300       301         1         7
293       302         9         6
294       297         3        11
306       307         1         1
292       304        12         4
288       306        18         2
301       305         4         3
294       305        11         3
288       304        16         4
295       303         8         5
278       307        29         1
297       307        10         1
286       295         9        13
277       307        30         1
294       296         2        12
273       286        13        22
297       300         3         8
274       287        13        21
300       305         5         3
279       306        27         2
295       307        12         1
24       307       283         1
288       304        16         4
292       307        15         1
293       306        13         2
291       300         9         8
289       307        18         1
14       265       251        43
23       306       283         2
292       300         8         8
290       299         9         9
289       298         9        10
290       294         4        14
298       306         8         2
286       307        21         1
289       306        17         2
22       291       269        17
287       304        17         4
293       301         8         7
291       292         1        16
242       298        56        10
287       304        17         4
299       307         8         1
297       307        10         1
299       306         7         2
299       301         2         7
20       303       283         5
283       306        23         2
303       305         2         3
303       304         1         4
295       297         2        11
278       295        17        13
288       295         7        13
294       305        11         3
278       295        17        13
301       307         6         1
282       286         4        22
304       305         1         3
296       305         9         3
297       306         9         2
299       301         2         7
288       307        19         1
304       306         2         2
300       307         7         1
267       302        35         6
25       305       280         3
305       306         1         2
13       305       292         3
285       300        15         8
244       289        45        19
286       305        19         3
299       305         6         3
303       306         3         2
288       301        13         7
281       283         2        25
299       307         8         1
305       307         2         1
274       302        28         6
301       305         4         3
294       300         6         8
293       294         1        14
301       307         6         1
270       305        35         3
294       306        12         2
290       306        16         2
13       306       293         2
293       300         7         8
283       302        19         6
300       301         1         7
297       300         3         8
303       304         1         4
19       307       288         1
304       305         1         3
287       294         7        14
287       304        17         4
305       307         2         1
293       299         6         9
298       304         6         4
296       298         2        10
301       302         1         6
280       282         2        26
299       307         8         1
27       303       276         5
303       306         3         2
10       279       269        29
284       295        11        13
282       292        10        16
301       302         1         6
262       296        34        12
24       291       267        17
301       307         6         1
17       306       289         2
16       300       284         8
293       304        11         4
272       303        31         5
288       299        11         9
295       306        11         2
306       307         1         1
26       307       281         1
291       293         2        15
287       307        20         1
281       306        25         2
281       289         8        19
284       285         1        23
294       306        12         2
285       294         9        14
279       306        27         2
301       306         5         2
284       301        17         7
297       305         8         3
289       298         9        10
299       300         1         8
273       307        34         1
277       305        28         3
297       306         9         2
302       305         3         3
302       307         5         1
297       298         1        10
306       307         1         1
279       284         5        24
26       307       281         1
295       305        10         3
284       290         6        18
287       302        15         6
298       304         6         4
297       299         2         9
283       292         9        16
302       303         1         5
296       300         4         8
266       295        29        13
279       306        27         2
301       302         1         6
302       303         1         5
305       307         2         1
271       285        14        23
306       307         1         1
305       306         1         2
298       303         5         5
26       302       276         6
299       307         8         1
304       307         3         1
283       302        19         6
5       298       293        10
289       290         1        18
302       307         5         1
298       304         6         4
300       304         4         4
297       299         2         9
20       304       284         4
297       303         6         5
21       306       285         2
286       287         1        21
300       305         5         3
27       304       277         4
7       306       299         2
302       305         3         3
17       300       283         8
296       307        11         1
276       289        13        19
300       303         3         5
300       301         1         7
302       306         4         2
304       306         2         2
304       305         1         3
292       302        10         6
293       299         6         9
301       307         6         1
26       287       261        21
298       307         9         1
302       307         5         1
287       288         1        20
306       307         1         1
299       301         2         7
306       307         1         1
273       289        16        19
305       306         1         2
273       301        28         7
293       297         4        11
297       303         6         5
5       305       300         3
7       292       285        16
17       298       281        10
276       299        23         9
280       281         1        27
265       300        35         8
275       282         7        26
6       300       294         8
211       303        92         5
25       280       255        28
306       307         1         1
280       301        21         7
303       304         1         4
299       302         3         6
287       307        20         1
293       306        13         2
286       304        18         4
299       306         7         2
303       307         4         1
297       307        10         1
289       299        10         9
299       305         6         3
296       307        11         1
292       299         7         9
300       302         2         6
301       302         1         6
298       303         5         5
296       303         7         5
291       296         5        12
282       299        17         9
301       304         3         4
295       299         4         9
27       305       278         3
13       307       294         1
278       298        20        10
286       298        12        10
287       305        18         3
291       304        13         4
297       300         3         8
278       286         8        22
26       305       279         3
282       306        24         2
281       285         4        23
290       299         9         9
284       298        14        10
282       283         1        25
291       303        12         5
295       307        12         1
271       296        25        12
290       303        13         5
297       303         6         5
289       306        17         2
298       307         9         1
295       297         2        11
298       305         7         3
302       307         5         1
299       301         2         7
287       300        13         8
292       299         7         9
287       294         7        14
283       307        24         1
286       301        15         7
10       274       264        34
258       300        42         8
25       305       280         3
298       300         2         8
285       296        11        12
300       304         4         4
290       300        10         8
276       296        20        12
18       297       279        11
283       289         6        19
282       290         8        18
24       303       279         5
301       305         4         3
25       289       264        19
19       305       286         3
283       288         5        20
271       287        16        21
296       307        11         1
306       307         1         1
294       304        10         4
284       298        14        10
298       302         4         6
303       306         3         2
304       307         3         1
291       297         6        11
298       299         1         9
304       307         3         1
301       307         6         1
284       286         2        22
297       302         5         6
279       301        22         7
290       291         1        17
20       294       274        14
283       290         7        18
282       297        15        11
280       290        10        18
280       291        11        17
288       301        13         7
15       279       264        29
295       296         1        12
299       304         5         4
290       295         5        13
300       305         5         3
295       304         9         4
295       296         1        12
299       307         8         1
299       301         2         7
285       298        13        10
16       293       277        15
19       301       282         7
296       303         7         5
302       306         4         2
297       300         3         8
22       287       265        21
16       305       289         3
299       306         7         2
288       299        11         9
4       307       303         1
306       307         1         1
303       307         4         1
298       301         3         7
298       301         3         7
296       299         3         9
24       298       274        10
295       298         3        10
282       285         3        23
258       301        43         7
286       299        13         9
271       294        23        14
289       304        15         4
282       304        22         4
27       300       273         8
279       305        26         3
272       303        31         5
302       306         4         2
280       287         7        21
295       299         4         9
291       306        15         2
291       307        16         1
290       295         5        13
292       305        13         3
26       274       248        34
297       305         8         3
284       303        19         5
299       301         2         7
277       296        19        12
297       307        10         1
294       303         9         5
273       286        13        22
24       307       283         1
292       307        15         1
279       283         4        25
282       307        25         1
19       265       246        43
305       307         2         1
26       307       281         1
305       306         1         2
269       279        10        29
288       299        11         9
300       304         4         4
291       292         1        16
304       306         2         2
304       306         2         2
294       301         7         7
297       303         6         5
286       295         9        13
299       303         4         5
280       300        20         8
292       298         6        10
294       306        12         2
304       306         2         2
272       306        34         2
283       307        24         1
299       301         2         7
25       295       270        13
300       301         1         7
302       303         1         5
301       307         6         1
26       307       281         1
23       295       272        13
294       295         1        13
266       292        26        16
284       294        10        14
294       307        13         1
19       306       287         2
284       301        17         7
306       307         1         1
294       307        13         1
301       305         4         3
254       305        51         3
280       294        14        14
284       289         5        19
294       302         8         6
305       307         2         1
298       305         7         3
296       301         5         7
18       293       275        15
272       302        30         6
304       307         3         1
269       291        22        17
305       306         1         2
265       276        11        32
280       298        18        10
305       306         1         2
290       307        17         1
295       304         9         4
289       307        18         1
284       304        20         4
301       307         6         1
303       307         4         1
245       296        51        12
291       292         1        16
13       306       293         2
295       299         4         9
275       307        32         1
301       304         3         4
293       301         8         7
284       294        10        14
289       305        16         3
304       306         2         2
289       297         8        11
290       292         2        16
290       291         1        17
298       301         3         7
284       299        15         9
301       305         4         3
26       299       273         9
282       294        12        14
300       304         4         4
295       300         5         8
287       294         7        14
302       304         2         4
24       280       256        28
299       303         4         5
289       299        10         9
24       306       282         2
18       302       284         6
26       306       280         2
292       306        14         2
305       306         1         2
295       299         4         9
298       303         5         5
254       302        48         6
306       307         1         1
296       304         8         4
296       305         9         3
286       305        19         3
284       304        20         4
26       307       281         1
304       307         3         1
301       303         2         5
295       307        12         1
304       307         3         1
301       303         2         5
290       292         2        16
303       304         1         4
294       304        10         4
293       307        14         1
294       305        11         3
283       292         9        16
300       307         7         1
268       277         9        31
304       307         3         1
255       304        49         4
285       286         1        22
296       305         9         3
290       307        17         1
287       306        19         2
294       297         3        11
298       305         7         3
291       293         2        15
26       307       281         1
302       304         2         4
297       307        10         1
304       305         1         3
301       304         3         4
293       298         5        10
17       305       288         3
284       293         9        15
304       305         1         3
282       294        12        14
302       305         3         3
301       302         1         6
282       297        15        11
300       304         4         4
295       304         9         4
295       305        10         3
284       300        16         8
297       303         6         5
303       304         1         4
303       305         2         3
297       300         3         8
10       302       292         6
285       291         6        17
278       306        28         2
291       294         3        14
293       307        14         1
270       305        35         3
263       268         5        40
298       305         7         3
300       302         2         6
294       302         8         6
284       295        11        13
23       300       277         8
287       296         9        12
297       302         5         6
289       294         5        14
300       307         7         1
295       299         4         9
291       305        14         3
26       307       281         1
303       307         4         1
302       305         3         3
278       284         6        24
303       304         1         4
270       305        35         3
297       307        10         1
297       298         1        10
16       306       290         2
296       299         3         9
299       303         4         5
297       306         9         2
277       286         9        22
301       306         5         2
290       307        17         1
280       303        23         5
6       302       296         6
26       303       277         5
291       293         2        15
282       304        22         4
290       297         7        11
293       298         5        10
291       292         1        16
291       306        15         2
299       305         6         3
293       298         5        10
285       290         5        18
297       304         7         4
282       292        10        16
288       295         7        13
284       307        23         1
287       299        12         9
258       282        24        26
285       305        20         3
263       305        42         3
284       305        21         3
285       296        11        12
292       298         6        10
294       296         2        12
290       302        12         6
282       296        14        12
281       304        23         4
304       306         2         2
300       303         3         5
25       307       282         1
298       302         4         6
293       300         7         8
282       299        17         9
289       291         2        17
276       300        24         8
26       307       281         1
289       292         3        16
286       306        20         2
18       306       288         2
279       307        28         1
300       304         4         4
287       299        12         9
293       299         6         9
301       305         4         3
304       305         1         3
23       307       284         1
270       277         7        31
299       306         7         2
300       304         4         4
292       301         9         7
268       283        15        25
277       294        17        14
286       307        21         1
290       304        14         4
298       307         9         1
304       306         2         2
294       307        13         1
301       303         2         5
300       301         1         7
12       280       268        28
298       304         6         4
306       307         1         1
295       304         9         4
295       302         7         6
289       302        13         6
292       297         5        11
286       307        21         1
298       301         3         7
295       305        10         3
299       306         7         2
295       303         8         5
304       307         3         1
25       303       278         5
10        26        16       282
24       292       268        16
291       295         4        13
282       302        20         6
288       299        11         9
286       289         3        19
278       298        20        10
289       305        16         3
270       303        33         5
291       296         5        12
301       302         1         6
300       307         7         1
279       296        17        12
267       306        39         2
290       293         3        15
293       298         5        10
16       307       291         1
8       297       289        11
26       303       277         5
298       305         7         3
292       295         3        13
293       297         4        11
285       306        21         2
283       298        15        10
267       300        33         8
291       295         4        13
281       291        10        17
278       303        25         5
300       306         6         2
299       300         1         8
291       306        15         2
302       305         3         3
290       291         1        17
292       301         9         7
291       305        14         3
292       295         3        13
269       294        25        14
272       299        27         9
283       287         4        21
303       307         4         1
305       307         2         1
273       285        12        23
298       306         8         2
300       302         2         6
297       306         9         2
305       306         1         2
288       292         4        16
298       304         6         4
277       294        17        14
284       307        23         1
290       307        17         1
294       306        12         2
300       304         4         4
292       307        15         1
300       304         4         4
305       306         1         2
303       306         3         2
286       306        20         2
299       307         8         1
9       303       294         5
280       306        26         2
305       307         2         1
