397       406         9         8
412       413         1         1
402       413        11         1
391       400         9        14
406       413         7         1
38       408       370         6
398       404         6        10
240       413       173         1
30       403       373        11
32       240       208       174
347       403        56        11
403       410         7         4
409       412         3         2
193       412       219         2
399       405         6         9
394       405        11         9
202       407       205         7
12       397       385        17
411       413         2         1
408       413         5         1
406       408         2         6
410       412         2         2
37       404       367        10
371       408        37         6
410       413         3         1
391       402        11        12
380       407        27         7
400       407         7         7
374       404        30        10
40       387       347        27
412       413         1         1
36       408       372         6
407       413         6         1
411       412         1         2
401       409         8         5
390       413        23         1
282       407       125         7
391       412        21         2
30       409       379         5
392       413        21         1
390       412        22         2
30       390       360        24
408       410         2         4
241       408       167         6
396       412        16         2
39       412       373         2
404       405         1         9
30       406       376         8
404       408         4         6
239       404       165        10
397       407        10         7
39       407       368         7
407       412         5         2
410       411         1         3
387       411        24         3
402       408         6         6
396       408        12         6
396       397         1        17
12       409       397         5
406       413         7         1
389       413        24         1
410       413         3         1
392       413        21         1
403       413        10         1
402       404         2        10
406       411         5         3
394       409        15         5
400       413        13         1
391       407        16         7
409       410         1         4
400       402         2        12
391       403        12        11
402       411         9         3
403       412         9         2
40       412       372         2
392       402        10        12
387       412        25         2
404       411         7         3
279       410       131         4
362       410        48         4
10       408       398         6
38       408       370         6
399       409        10         5
39       404       365        10
390       412        22         2
14       413       399         1
406       409         3         5
198       401       203        13
40       369       329        45
403       406         3         8
410       412         2         2
409       410         1         4
238       412       174         2
282       389       107        25
400       403         3        11
402       406         4         8
401       403         2        11
387       409        22         5
285       401       116        13
394       411        17         3
407       413         6         1
407       411         4         3
411       412         1         2
243       411       168         3
402       410         8         4
390       411        21         3
381       403        22        11
399       412        13         2
400       403         3        11
408       411         3         3
411       413         2         1
28       407       379         7
199       411       212         3
403       410         7         4
389       396         7        18
393       408        15         6
23       410       387         4
403       408         5         6
397       410        13         4
398       409        11         5
204       401       197        13
27       406       379         8
394       396         2        18
230       406       176         8
383       413        30         1
40       413       373         1
404       410         6         4
399       406         7         8
400       404         4        10
371       404        33        10
391       413        22         1
38       408       370         6
406       411         5         3
28       275       247       139
372       410        38         4
392       413        21         1
389       408        19         6
27       413       386         1
408       413         5         1
397       405         8         9
31       404       373        10
399       401         2        13
401       413        12         1
403       410         7         4
399       402         3        12
408       412         4         2
36       262       226       152
36       406       370         8
407       410         3         4
241       411       170         3
388       404        16        10
409       410         1         4
395       411        16         3
399       408         9         6
404       408         4         6
275       397       122        17
388       411        23         3
403       411         8         3
37       277       240       137
377       410        33         4
402       403         1        11
405       410         5         4
394       411        17         3
401       410         9         4
400       410        10         4
237       412       175         2
400       412        12         2
200       408       208         6
399       404         5        10
238       408       170         6
395       400         5        14
37       412       375         2
201       402       201        12
198       408       210         6
388       408        20         6
408       410         2         4
390       408        18         6
399       407         8         7
396       407        11         7
403       413        10         1
401       412        11         2
39       413       374         1
406       413         7         1
411       412         1         2
402       408         6         6
392       411        19         3
393       411        18         3
401       413        12         1
35        40         5       374
398       405         7         9
389       400        11        14
401       410         9         4
410       411         1         3
376       407        31         7
405       407         2         7
405       409         4         5
401       405         4         9
31       411       380         3
245       413       168         1
410       412         2         2
407       409         2         5
403       405         2         9
405       412         7         2
408       413         5         1
189       408       219         6
239       403       164        11
392       412        20         2
410       413         3         1
27       401       374        13
392       400         8        14
397       407        10         7
40       392       352        22
407       413         6         1
243       406       163         8
405       409         4         5
405       407         2         7
403       411         8         3
271       400       129        14
199       407       208         7
404       412         8         2
404       408         4         6
391       402        11        12
370       398        28        16
406       413         7         1
409       413         4         1
9       396       387        18
391       393         2        21
37       405       368         9
399       413        14         1
395       413        18         1
399       408         9         6
27       410       383         4
410       411         1         3
406       412         6         2
393       408        15         6
401       405         4         9
396       408        12         6
390       411        21         3
398       406         8         8
406       411         5         3
40       406       366         8
395       404         9        10
405       412         7         2
408       410         2         4
398       404         6        10
28       409       381         5
406       413         7         1
391       403        12        11
389       413        24         1
204       409       205         5
231       410       179         4
196       413       217         1
405       408         3         6
37       394       357        20
34       408       374         6
408       411         3         3
239       408       169         6
369       413        44         1
398       401         3        13
393       404        11        10
399       411        12         3
394       412        18         2
411       413         2         1
384       402        18        12
36       402       366        12
407       410         3         4
411       412         1         2
410       413         3         1
192       395       203        19
407       408         1         6
397       412        15         2
408       412         4         2
401       413        12         1
393       394         1        20
409       410         1         4
399       408         9         6
189       405       216         9
398       402         4        12
231       408       177         6
404       405         1         9
200       400       200        14
408       411         3         3
277       395       118        19
394       409        15         5
30       404       374        10
411       413         2         1
406       412         6         2
40       413       373         1
404       406         2         8
395       402         7        12
397       410        13         4
9       409       400         5
407       413         6         1
408       413         5         1
405       408         3         6
384       411        27         3
200       389       189        25
194       408       214         6
402       407         5         7
412       413         1         1
409       411         2         3
392       412        20         2
390       410        20         4
385       410        25         4
400       411        11         3
390       412        22         2
399       407         8         7
179       408       229         6
405       406         1         8
407       409         2         5
394       410        16         4
410       412         2         2
400       407         7         7
398       413        15         1
393       403        10        11
398       413        15         1
378       412        34         2
404       411         7         3
272       410       138         4
370       413        43         1
408       411         3         3
410       413         3         1
196       409       213         5
396       399         3        15
39       411       372         3
406       410         4         4
404       405         1         9
388       394         6        20
404       412         8         2
391       399         8        15
407       411         4         3
399       410        11         4
410       412         2         2
401       412        11         2
405       412         7         2
37       403       366        11
240       412       172         2
409       413         4         1
408       412         4         2
397       405         8         9
409       412         3         2
409       413         4         1
401       410         9         4
201       405       204         9
406       409         3         5
394       407        13         7
381       409        28         5
200       408       208         6
411       413         2         1
203       411       208         3
407       412         5         2
386       389         3        25
32       405       373         9
396       407        11         7
394       413        19         1
40       413       373         1
412       413         1         1
396       411        15         3
37       410       373         4
393       407        14         7
406       408         2         6
401       408         7         6
397       413        16         1
282       412       130         2
10       413       403         1
411       412         1         2
39        40         1       374
279       407       128         7
410       411         1         3
397       402         5        12
411       412         1         2
200       412       212         2
398       405         7         9
203       402       199        12
393       396         3        18
397       398         1        16
411       412         1         2
412       413         1         1
255       412       157         2
39       413       374         1
400       412        12         2
277       406       129         8
396       398         2        16
403       409         6         5
406       408         2         6
401       413        12         1
406       409         3         5
405       409         4         5
389       409        20         5
397       398         1        16
401       409         8         5
27       404       377        10
397       398         1        16
395       408        13         6
286       406       120         8
378       408        30         6
198       410       212         4
406       413         7         1
399       412        13         2
408       409         1         5
39       412       373         2
376       411        35         3
230       388       158        26
400       410        10         4
199       245        46       169
404       406         2         8
33       406       373         8
389       409        20         5
406       408         2         6
404       410         6         4
403       412         9         2
368       411        43         3
394       409        15         5
38       404       366        10
406       411         5         3
35       409       374         5
38       411       373         3
37       408       371         6
409       412         3         2
409       410         1         4
30       389       359        25
405       408         3         6
389       410        21         4
407       409         2         5
34       413       379         1
391       402        11        12
397       407        10         7
400       407         7         7
408       413         5         1
404       405         1         9
411       412         1         2
384       403        19        11
198       413       215         1
398       404         6        10
401       409         8         5
406       408         2         6
404       406         2         8
400       413        13         1
385       413        28         1
411       413         2         1
401       412        11         2
402       403         1        11
404       407         3         7
269       385       116        29
396       408        12         6
402       406         4         8
407       412         5         2
405       406         1         8
236       413       177         1
400       402         2        12
386       403        17        11
11       411       400         3
392       399         7        15
389       401        12        13
402       410         8         4
400       410        10         4
383       405        22         9
408       410         2         4
410       413         3         1
399       406         7         8
405       409         4         5
36       413       377         1
33       410       377         4
405       412         7         2
399       404         5        10
375       405        30         9
398       410        12         4
402       403         1        11
397       404         7        10
28       413       385         1
406       409         3         5
410       413         3         1
38       407       369         7
37       403       366        11
392       398         6        16
36       412       376         2
400       401         1        13
412       413         1         1
402       410         8         4
37       236       199       178
408       413         5         1
398       408        10         6
390       398         8        16
40       413       373         1
397       405         8         9
399       410        11         4
401       404         3        10
406       413         7         1
233       412       179         2
399       408         9         6
401       409         8         5
386       402        16        12
404       410         6         4
380       408        28         6
409       412         3         2
370       402        32        12
395       411        16         3
385       413        28         1
405       412         7         2
402       403         1        11
412       413         1         1
370       410        40         4
39       408       369         6
412       413         1         1
401       411        10         3
191       401       210        13
412       413         1         1
394       412        18         2
392       394         2        20
39       412       373         2
378       407        29         7
31       413       382         1
390       403        13        11
388       399        11        15
407       410         3         4
394       405        11         9
405       408         3         6
225       412       187         2
400       405         5         9
402       412        10         2
390       398         8        16
364       397        33        17
389       390         1        24
412       413         1         1
31       409       378         5
39       409       370         5
231       411       180         3
381       397        16        17
406       412         6         2
386       405        19         9
406       411         5         3
34       404       370        10
399       410        11         4
380       401        21        13
410       412         2         2
379       412        33         2
402       408         6         6
396       403         7        11
406       408         2         6
239       405       166         9
394       407        13         7
407       412         5         2
397       406         9         8
377       413        36         1
382       412        30         2
395       401         6        13
403       413        10         1
364       403        39        11
396       412        16         2
407       411         4         3
286       408       122         6
402       404         2        10
373       406        33         8
410       413         3         1
395       402         7        12
35       413       378         1
406       413         7         1
274       407       133         7
406       412         6         2
244       409       165         5
380       413        33         1
406       413         7         1
403       409         6         5
403       407         4         7
394       405        11         9
242       412       170         2
285       406       121         8
274       411       137         3
409       410         1         4
403       409         6         5
409       410         1         4
28       400       372        14
243       408       165         6
409       413         4         1
274       413       139         1
393       401         8        13
412       413         1         1
30       401       371        13
380       406        26         8
409       410         1         4
36       281       245       133
405       410         5         4
243       409       166         5
391       396         5        18
403       411         8         3
386       394         8        20
39       409       370         5
412       413         1         1
411       413         2         1
399       407         8         7
33       412       379         2
411       412         1         2
403       404         1        10
402       413        11         1
402       411         9         3
402       407         5         7
224       274        50       140
265       409       144         5
351       413        62         1
37       409       372         5
275       393       118        21
402       403         1        11
36       413       377         1
409       413         4         1
240       413       173         1
411       412         1         2
398       412        14         2
32       401       369        13
366       404        38        10
403       406         3         8
412       413         1         1
396       407        11         7
409       412         3         2
407       413         6         1
409       413         4         1
407       408         1         6
411       412         1         2
39       409       370         5
400       405         5         9
396       410        14         4
401       402         1        12
401       404         3        10
409       410         1         4
389       412        23         2
28       411       383         3
400       406         6         8
403       404         1        10
406       411         5         3
390       403        13        11
400       413        13         1
403       409         6         5
412       413         1         1
40       411       371         3
377       408        31         6
39       374       335        40
40       410       370         4
244       277        33       137
396       397         1        17
20        40        20       374
390       400        10        14
386       403        17        11
408       410         2         4
411       413         2         1
402       410         8         4
37       413       376         1
182       409       227         5
401       411        10         3
24       409       385         5
33       398       365        16
204       404       200        10
399       405         6         9
396       411        15         3
408       409         1         5
402       403         1        11
400       404         4        10
40       387       347        27
38       403       365        11
390       398         8        16
400       403         3        11
410       411         1         3
404       406         2         8
394       413        19         1
409       410         1         4
411       412         1         2
20       396       376        18
410       412         2         2
202       411       209         3
27       412       385         2
402       405         3         9
409       413         4         1
390       409        19         5
411       412         1         2
396       411        15         3
403       409         6         5
409       412         3         2
39       413       374         1
371       413        42         1
411       412         1         2
409       410         1         4
406       411         5         3
401       413        12         1
271       412       141         2
400       413        13         1
388       408        20         6
409       410         1         4
15       411       396         3
397       408        11         6
29       412       383         2
234       409       175         5
40       371       331        43
391       396         5        18
375       412        37         2
400       410        10         4
387       412        25         2
410       412         2         2
406       409         3         5
202       408       206         6
385       406        21         8
241       407       166         7
365       387        22        27
397       408        11         6
409       413         4         1
372       410        38         4
403       411         8         3
18       413       395         1
409       413         4         1
31       407       376         7
406       411         5         3
404       412         8         2
402       407         5         7
241       413       172         1
394       411        17         3
204       413       209         1
408       413         5         1
385       412        27         2
203       407       204         7
22       412       390         2
406       413         7         1
29       412       383         2
404       406         2         8
198       403       205        11
395       412        17         2
398       407         9         7
392       408        16         6
412       413         1         1
405       410         5         4
31       406       375         8
404       413         9         1
400       403         3        11
381       401        20        13
402       411         9         3
406       412         6         2
411       412         1         2
408       413         5         1
245       413       168         1
404       407         3         7
407       409         2         5
402       412        10         2
409       410         1         4
398       406         8         8
410       413         3         1
179       411       232         3
27       412       385         2
23       388       365        26
395       410        15         4
392       400         8        14
408       409         1         5
382       410        28         4
397       407        10         7
385       404        19        10
407       408         1         6
408       412         4         2
194       397       203        17
407       409         2         5
404       408         4         6
407       413         6         1
407       413         6         1
398       411        13         3
173       402       229        12
395       399         4        15
19        40        21       374
383       401        18        13
366       376        10        38
377       391        14        23
406       412         6         2
391       399         8        15
402       403         1        11
395       411        16         3
282       412       130         2
34       407       373         7
402       407         5         7
401       412        11         2
405       410         5         4
404       406         2         8
405       413         8         1
401       413        12         1
40       408       368         6
410       412         2         2
382       411        29         3
405       411         6         3
283       413       130         1
401       405         4         9
401       412        11         2
408       411         3         3
401       411        10         3
33       394       361        20
399       413        14         1
231       400       169        14
399       400         1        14
35       398       363        16
402       412        10         2
386       409        23         5
25       409       384         5
369       401        32        13
411       413         2         1
392       395         3        19
401       409         8         5
409       410         1         4
387       411        24         3
281       406       125         8
408       412         4         2
34       413       379         1
402       411         9         3
394       408        14         6
402       410         8         4
403       408         5         6
401       402         1        12
411       412         1         2
407       413         6         1
388       411        23         3
26       408       382         6
405       409         4         5
31       412       381         2
33       413       380         1
406       412         6         2
34       411       377         3
384       407        23         7
30       413       383         1
404       412         8         2
405       412         7         2
404       411         7         3
402       407         5         7
406       410         4         4
40       412       372         2
399       408         9         6
405       411         6         3
22       402       380        12
36       403       367        11
376       389        13        25
394       413        19         1
406       412         6         2
20       412       392         2
394       404        10        10
408       409         1         5
401       407         6         7
408       412         4         2
12       406       394         8
399       402         3        12
395       412        17         2
406       410         4         4
401       403         2        11
36       407       371         7
245       413       168         1
399       400         1        14
39       408       369         6
285       413       128         1
401       402         1        12
404       411         7         3
405       413         8         1
26       411       385         3
40       411       371         3
32       400       368        14
411       412         1         2
403       411         8         3
383       407        24         7
40       402       362        12
408       411         3         3
409       411         2         3
412       413         1         1
406       410         4         4
401       408         7         6
388       413        25         1
404       411         7         3
386       411        25         3
37       411       374         3
393       401         8        13
34       386       352        28
404       411         7         3
36       388       352        26
412       413         1         1
245       407       162         7
404       412         8         2
388       406        18         8
412       413         1         1
397       401         4        13
32       413       381         1
399       409        10         5
406       411         5         3
38       412       374         2
404       405         1         9
398       400         2        14
210       409       199         5
400       413        13         1
409       411         2         3
240       411       171         3
406       412         6         2
411       412         1         2
410       412         2         2
34       410       376         4
407       408         1         6
26       410       384         4
407       408         1         6
409       411         2         3
407       413         6         1
282       412       130         2
405       407         2         7
401       408         7         6
401       413        12         1
201       397       196        17
36       411       375         3
395       409        14         5
20       403       383        11
411       412         1         2
403       409         6         5
394       409        15         5
402       408         6         6
256       413       157         1
191       411       220         3
403       409         6         5
381       383         2        31
370       406        36         8
399       402         3        12
409       410         1         4
376       401        25        13
404       412         8         2
381       411        30         3
200       265        65       149
396       409        13         5
387       411        24         3
410       411         1         3
395       396         1        18
39       413       374         1
242       399       157        15
403       404         1        10
395       403         8        11
407       411         4         3
410       413         3         1
391       398         7        16
402       405         3         9
399       403         4        11
384       403        19        11
409       411         2         3
390       409        19         5
411       412         1         2
242       412       170         2
400       407         7         7
254       413       159         1
228       413       185         1
396       397         1        17
405       412         7         2
407       410         3         4
401       412        11         2
380       403        23        11
396       413        17         1
411       412         1         2
378       406        28         8
392       412        20         2
389       412        23         2
401       412        11         2
410       412         2         2
407       408         1         6
355       408        53         6
201       406       205         8
390       401        11        13
401       411        10         3
399       402         3        12
405       411         6         3
405       406         1         8
387       399        12        15
30       406       376         8
16       200       184       214
407       409         2         5
35       400       365        14
394       403         9        11
412       413         1         1
395       412        17         2
404       408         4         6
390       402        12        12
406       410         4         4
187       412       225         2
236       395       159        19
398       406         8         8
383       393        10        21
39       413       374         1
386       398        12        16
407       410         3         4
383       400        17        14
400       412        12         2
390       401        11        13
401       412        11         2
393       407        14         7
388       395         7        19
406       407         1         7
401       403         2        11
392       412        20         2
395       400         5        14
399       402         3        12
36       393       357        21
409       413         4         1
198       411       213         3
391       407        16         7
406       407         1         7
410       411         1         3
241       401       160        13
403       410         7         4
404       406         2         8
407       410         3         4
411       412         1         2
384       409        25         5
202       411       209         3
