276       280         4         1
262       278        16         3
267       277        10         4
261       280        19         1
266       269         3        12
25       270       245        11
272       279         7         2
275       276         1         5
267       274         7         7
266       271         5        10
241       253        12        28
23       279       256         2
26       280       254         1
268       280        12         1
279       280         1         1
26       273       247         8
275       276         1         5
263       275        12         6
271       275         4         6
11       280       269         1
268       279        11         2
276       278         2         3
277       278         1         3
28       261       233        20
173       266        93        15
271       274         3         7
271       277         6         4
278       280         2         1
279       280         1         1
272       280         8         1
268       276         8         5
276       278         2         3
275       280         5         1
25       272       247         9
274       278         4         3
141       263       122        18
8        24        16       257
258       267         9        14
271       280         9         1
279       280         1         1
14       272       258         9
268       269         1        12
266       274         8         7
274       280         6         1
26       274       248         7
259       276        17         5
17       272       255         9
276       280         4         1
274       279         5         2
262       275        13         6
270       274         4         7
23       279       256         2
21       279       258         2
258       280        22         1
268       274         6         7
272       276         4         5
267       276         9         5
242       271        29        10
271       276         5         5
273       278         5         3
271       280         9         1
275       276         1         5
267       277        10         4
275       276         1         5
24       276       252         5
265       278        13         3
270       274         4         7
270       279         9         2
275       280         5         1
270       277         7         4
249       278        29         3
166       279       113         2
20       280       260         1
254       263         9        18
136       279       143         2
262       271         9        10
277       280         3         1
269       280        11         1
263       278        15         3
168       277       109         4
170       279       109         2
267       277        10         4
266       268         2        13
277       278         1         3
274       280         6         1
274       277         3         4
258       271        13        10
271       273         2         8
274       279         5         2
262       277        15         4
268       277         9         4
259       280        21         1
267       279        12         2
27       280       253         1
274       278         4         3
278       279         1         2
276       278         2         3
276       279         3         2
276       279         3         2
261       278        17         3
142       277       135         4
276       280         4         1
273       278         5         3
276       279         3         2
166       279       113         2
259       271        12        10
274       280         6         1
279       280         1         1
275       278         3         3
267       276         9         5
253       272        19         9
16       271       255        10
272       279         7         2
28       271       243        10
275       279         4         2
268       278        10         3
265       277        12         4
264       274        10         7
267       276         9         5
273       276         3         5
151       270       119        11
276       279         3         2
279       280         1         1
16       272       256         9
259       279        20         2
273       275         2         6
270       277         7         4
279       280         1         1
267       279        12         2
241       276        35         5
9       276       267         5
268       277         9         4
271       272         1         9
11       278       267         3
271       280         9         1
274       277         3         4
261       278        17         3
19       276       257         5
278       279         1         2
137       277       140         4
273       276         3         5
271       275         4         6
253       265        12        16
172       278       106         3
276       279         3         2
266       272         6         9
270       271         1        10
268       275         7         6
250       279        29         2
17       277       260         4
254       258         4        23
144       278       134         3
273       274         1         7
170       277       107         4
278       279         1         2
265       279        14         2
236       272        36         9
277       278         1         3
26       162       136       119
274       278         4         3
272       279         7         2
23       259       236        22
264       277        13         4
264       270         6        11
22       277       255         4
279       280         1         1
274       279         5         2
267       276         9         5
278       280         2         1
267       280        13         1
262       273        11         8
274       276         2         5
278       280         2         1
277       279         2         2
266       272         6         9
161       257        96        24
3       155       152       126
19       280       261         1
273       274         1         7
27       271       244        10
270       278         8         3
278       280         2         1
275       276         1         5
277       278         1         3
263       270         7        11
275       278         3         3
262       280        18         1
276       280         4         1
263       271         8        10
26       277       251         4
277       279         2         2
139       273       134         8
267       271         4        10
241       269        28        12
265       272         7         9
275       276         1         5
275       279         4         2
277       280         3         1
276       277         1         4
268       280        12         1
277       278         1         3
276       280         4         1
173       277       104         4
271       273         2         8
272       280         8         1
266       280        14         1
149       280       131         1
265       276        11         5
269       278         9         3
272       280         8         1
270       274         4         7
256       278        22         3
253       264        11        17
169       277       108         4
263       272         9         9
272       278         6         3
268       271         3        10
274       275         1         6
273       280         7         1
171       275       104         6
267       269         2        12
277       280         3         1
273       277         4         4
169       267        98        14
270       280        10         1
278       279         1         2
274       277         3         4
270       277         7         4
275       280         5         1
261       279        18         2
267       279        12         2
258       279        21         2
261       275        14         6
272       276         4         5
227       275        48         6
269       271         2        10
272       277         5         4
277       280         3         1
273       275         2         6
261       271        10        10
269       276         7         5
261       271        10        10
263       278        15         3
265       271         6        10
279       280         1         1
265       274         9         7
276       279         3         2
265       275        10         6
256       276        20         5
272       274         2         7
277       279         2         2
278       280         2         1
266       271         5        10
264       277        13         4
264       267         3        14
272       273         1         8
267       278        11         3
274       276         2         5
278       280         2         1
275       280         5         1
274       278         4         3
273       275         2         6
268       278        10         3
266       274         8         7
26       280       254         1
267       272         5         9
273       278         5         3
144       270       126        11
24       280       256         1
277       278         1         3
12       280       268         1
266       279        13         2
143       273       130         8
268       269         1        12
260       266         6        15
265       279        14         2
141       271       130        10
259       272        13         9
272       274         2         7
271       280         9         1
261       269         8        12
267       280        13         1
265       269         4        12
279       280         1         1
139       276       137         5
261       278        17         3
278       279         1         2
271       279         8         2
277       278         1         3
137       245       108        36
27       277       250         4
161       280       119         1
249       268        19        13
278       280         2         1
28       278       250         3
137       279       142         2
267       278        11         3
275       276         1         5
266       278        12         3
261       273        12         8
272       273         1         8
28       277       249         4
274       278         4         3
277       278         1         3
261       280        19         1
267       280        13         1
278       279         1         2
273       280         7         1
272       275         3         6
169       277       108         4
277       278         1         3
264       276        12         5
273       279         6         2
23       270       247        11
278       280         2         1
26       278       252         3
276       278         2         3
279       280         1         1
268       279        11         2
258       271        13        10
277       279         2         2
270       277         7         4
12       280       268         1
12       275       263         6
273       275         2         6
170       277       107         4
252       280        28         1
269       274         5         7
275       279         4         2
277       279         2         2
266       273         7         8
277       279         2         2
7       272       265         9
265       277        12         4
274       276         2         5
265       271         6        10
263       277        14         4
24       261       237        20
259       279        20         2
274       279         5         2
274       275         1         6
263       268         5        13
276       280         4         1
264       267         3        14
264       270         6        11
172       274       102         7
253       260         7        21
254       267        13        14
165       276       111         5
270       279         9         2
261       279        18         2
258       279        21         2
276       279         3         2
277       278         1         3
255       273        18         8
273       279         6         2
256       274        18         7
267       273         6         8
274       280         6         1
150       275       125         6
272       278         6         3
259       275        16         6
274       278         4         3
16       276       260         5
275       279         4         2
27       280       253         1
265       279        14         2
272       275         3         6
260       280        20         1
262       273        11         8
165       276       111         5
270       275         5         6
259       278        19         3
250       279        29         2
262       274        12         7
245       271        26        10
279       280         1         1
269       280        11         1
171       276       105         5
173       274       101         7
275       277         2         4
277       279         2         2
260       280        20         1
267       279        12         2
279       280         1         1
26       277       251         4
275       276         1         5
274       276         2         5
251       278        27         3
262       264         2        17
273       280         7         1
168       280       112         1
269       278         9         3
263       271         8        10
156       278       122         3
13       258       245        23
264       280        16         1
24       278       254         3
263       268         5        13
136       279       143         2
276       279         3         2
254       279        25         2
269       270         1        11
268       279        11         2
27       279       252         2
259       277        18         4
266       279        13         2
276       277         1         4
20       280       260         1
169       274       105         7
267       275         8         6
28       272       244         9
252       278        26         3
275       276         1         5
138       277       139         4
267       270         3        11
277       280         3         1
271       277         6         4
167       279       112         2
268       272         4         9
262       271         9        10
271       277         6         4
274       275         1         6
21       277       256         4
24       279       255         2
250       267        17        14
271       274         3         7
246       278        32         3
279       280         1         1
269       280        11         1
269       280        11         1
19       275       256         6
276       277         1         4
24       277       253         4
271       280         9         1
255       271        16        10
272       277         5         4
271       274         3         7
267       275         8         6
257       279        22         2
263       272         9         9
26       276       250         5
272       280         8         1
278       279         1         2
277       280         3         1
279       280         1         1
257       279        22         2
267       279        12         2
276       279         3         2
274       279         5         2
255       278        23         3
264       271         7        10
266       267         1        14
279       280         1         1
273       274         1         7
266       270         4        11
272       277         5         4
270       276         6         5
27       271       244        10
276       277         1         4
169       279       110         2
28       280       252         1
271       274         3         7
265       273         8         8
254       275        21         6
266       274         8         7
274       280         6         1
265       267         2        14
278       279         1         2
26       275       249         6
270       278         8         3
270       280        10         1
269       272         3         9
273       277         4         4
275       277         2         4
259       276        17         5
274       277         3         4
248       270        22        11
264       271         7        10
254       278        24         3
253       280        27         1
274       276         2         5
277       279         2         2
266       280        14         1
261       280        19         1
218       280        62         1
26       259       233        22
251       261        10        20
253       259         6        22
20       268       248        13
272       279         7         2
170       277       107         4
266       279        13         2
274       280         6         1
273       280         7         1
269       274         5         7
263       278        15         3
253       277        24         4
27       278       251         3
24       279       255         2
266       267         1        14
274       280         6         1
277       280         3         1
274       278         4         3
274       279         5         2
273       274         1         7
270       277         7         4
27       273       246         8
274       280         6         1
142       276       134         5
258       274        16         7
279       280         1         1
240       257        17        24
269       274         5         7
26       273       247         8
254       273        19         8
268       277         9         4
261       277        16         4
271       276         5         5
277       280         3         1
245       279        34         2
268       278        10         3
261       280        19         1
278       279         1         2
266       278        12         3
260       278        18         3
278       280         2         1
263       267         4        14
141       274       133         7
278       279         1         2
274       279         5         2
279       280         1         1
27       278       251         3
271       279         8         2
274       279         5         2
275       280         5         1
277       280         3         1
271       276         5         5
263       268         5        13
26       242       216        39
260       263         3        18
273       277         4         4
275       280         5         1
277       279         2         2
269       275         6         6
274       278         4         3
271       279         8         2
260       276        16         5
275       279         4         2
269       276         7         5
264       274        10         7
254       278        24         3
263       275        12         6
163       277       114         4
18       270       252        11
5       141       136       140
274       280         6         1
28       280       252         1
28       267       239        14
25       276       251         5
141       275       134         6
27       268       241        13
275       279         4         2
271       276         5         5
257       278        21         3
21       269       248        12
263       279        16         2
8       277       269         4
269       275         6         6
265       279        14         2
277       279         2         2
266       272         6         9
278       280         2         1
273       275         2         6
272       278         6         3
25       276       251         5
142       266       124        15
276       279         3         2
269       278         9         3
277       280         3         1
263       276        13         5
279       280         1         1
276       279         3         2
276       278         2         3
275       278         3         3
278       280         2         1
278       280         2         1
267       275         8         6
21       277       256         4
270       275         5         6
249       279        30         2
269       278         9         3
273       277         4         4
18       279       261         2
25       274       249         7
273       280         7         1
268       277         9         4
273       280         7         1
259       274        15         7
250       280        30         1
273       277         4         4
278       280         2         1
271       276         5         5
25       274       249         7
245       278        33         3
261       264         3        17
264       279        15         2
17       275       258         6
274       278         4         3
264       278        14         3
271       275         4         6
277       278         1         3
269       276         7         5
269       271         2        10
253       271        18        10
248       273        25         8
260       271        11        10
269       276         7         5
266       280        14         1
277       279         2         2
272       273         1         8
265       280        15         1
28       270       242        11
261       271        10        10
168       278       110         3
269       275         6         6
270       280        10         1
265       279        14         2
268       277         9         4
11       280       269         1
268       279        11         2
271       278         7         3
258       277        19         4
267       278        11         3
260       279        19         2
263       267         4        14
276       279         3         2
275       277         2         4
19       270       251        11
274       279         5         2
277       280         3         1
274       279         5         2
271       277         6         4
21       278       257         3
276       277         1         4
274       275         1         6
267       268         1        13
251       272        21         9
24       268       244        13
273       275         2         6
275       280         5         1
276       278         2         3
273       279         6         2
271       276         5         5
245       279        34         2
271       280         9         1
276       280         4         1
272       277         5         4
277       280         3         1
275       277         2         4
271       276         5         5
151       276       125         5
267       278        11         3
269       271         2        10
272       273         1         8
265       268         3        13
278       279         1         2
270       279         9         2
263       280        17         1
273       279         6         2
246       261        15        20
272       280         8         1
269       280        11         1
275       280         5         1
23       275       252         6
171       275       104         6
153       277       124         4
260       272        12         9
239       274        35         7
261       269         8        12
267       269         2        12
257       261         4        20
265       268         3        13
262       279        17         2
255       277        22         4
275       279         4         2
271       279         8         2
260       273        13         8
25       274       249         7
255       276        21         5
157       276       119         5
261       277        16         4
276       280         4         1
279       280         1         1
259       274        15         7
270       279         9         2
258       273        15         8
258       270        12        11
277       280         3         1
257       269        12        12
269       277         8         4
26       253       227        28
274       279         5         2
168       280       112         1
278       279         1         2
249       271        22        10
278       280         2         1
275       278         3         3
250       271        21        10
276       277         1         4
269       278         9         3
275       280         5         1
256       271        15        10
267       273         6         8
20       276       256         5
260       274        14         7
272       278         6         3
277       280         3         1
275       278         3         3
20       277       257         4
278       279         1         2
278       279         1         2
15       277       262         4
263       266         3        15
264       270         6        11
268       278        10         3
265       274         9         7
250       279        29         2
263       278        15         3
173       277       104         4
276       280         4         1
271       280         9         1
173       255        82        26
277       280         3         1
19       278       259         3
272       279         7         2
273       280         7         1
247       278        31         3
24       272       248         9
278       280         2         1
272       275         3         6
273       276         3         5
141       280       139         1
267       269         2        12
276       279         3         2
267       280        13         1
275       278         3         3
269       277         8         4
265       275        10         6
255       269        14        12
263       268         5        13
271       272         1         9
270       274         4         7
259       274        15         7
257       269        12        12
27       277       250         4
277       280         3         1
269       280        11         1
276       278         2         3
263       280        17         1
248       276        28         5
272       280         8         1
253       274        21         7
273       276         3         5
152       274       122         7
275       276         1         5
275       277         2         4
272       279         7         2
260       279        19         2
24       251       227        30
261       276        15         5
275       278         3         3
263       280        17         1
272       273         1         8
254       279        25         2
230       278        48         3
272       276         4         5
22       279       257         2
267       280        13         1
24       278       254         3
277       280         3         1
270       275         5         6
137       280       143         1
269       279        10         2
266       275         9         6
271       275         4         6
274       277         3         4
28       273       245         8
137       280       143         1
258       278        20         3
274       275         1         6
262       278        16         3
260       273        13         8
277       278         1         3
276       280         4         1
18       273       255         8
251       274        23         7
274       276         2         5
275       279         4         2
259       279        20         2
270       271         1        10
269       270         1        11
269       270         1        11
273       274         1         7
271       279         8         2
254       272        18         9
274       275         1         6
275       279         4         2
263       275        12         6
262       280        18         1
272       275         3         6
271       280         9         1
276       278         2         3
259       278        19         3
273       275         2         6
272       277         5         4
268       279        11         2
277       278         1         3
260       273        13         8
156       247        91        34
5       271       266        10
266       280        14         1
244       279        35         2
278       279         1         2
278       280         2         1
260       270        10        11
171       263        92        18
272       278         6         3
273       280         7         1
258       261         3        20
251       270        19        11
258       267         9        14
275       278         3         3
268       280        12         1
271       273         2         8
270       273         3         8
272       275         3         6
26       263       237        18
264       271         7        10
272       274         2         7
270       276         6         5
138       274       136         7
167       267       100        14
19       277       258         4
172       275       103         6
254       278        24         3
16       280       264         1
267       268         1        13
274       275         1         6
254       272        18         9
269       273         4         8
276       277         1         4
19       278       259         3
271       277         6         4
259       270        11        11
173       272        99         9
14       276       262         5
265       267         2        14
19       261       242        20
141       278       137         3
275       276         1         5
162       278       116         3
265       280        15         1
172       276       104         5
277       280         3         1
270       277         7         4
263       273        10         8
255       278        23         3
26       278       252         3
136       276       140         5
276       277         1         4
270       280        10         1
272       280         8         1
273       279         6         2
270       274         4         7
277       278         1         3
264       278        14         3
139       275       136         6
271       276         5         5
27       277       250         4
270       272         2         9
273       280         7         1
137       280       143         1
271       274         3         7
271       274         3         7
262       278        16         3
279       280         1         1
267       277        10         4
265       275        10         6
262       273        11         8
269       270         1        11
269       271         2        10
28       278       250         3
266       267         1        14
273       274         1         7
275       278         3         3
270       278         8         3
278       279         1         2
275       279         4         2
271       280         9         1
23       275       252         6
25       278       253         3
273       276         3         5
268       277         9         4
22       279       257         2
265       273         8         8
164       280       116         1
267       278        11         3
269       277         8         4
270       277         7         4
270       279         9         2
279       280         1         1
14       279       265         2
269       271         2        10
173       274       101         7
277       280         3         1
271       273         2         8
271       274         3         7
13       276       263         5
276       279         3         2
261       280        19         1
262       279        17         2
25       271       246        10
265       271         6        10
267       279        12         2
262       269         7        12
170       257        87        24
269       271         2        10
276       280         4         1
265       274         9         7
275       280         5         1
277       280         3         1
274       277         3         4
271       273         2         8
276       277         1         4
261       278        17         3
272       278         6         3
276       279         3         2
278       280         2         1
166       275       109         6
274       279         5         2
264       275        11         6
276       279         3         2
276       278         2         3
267       273         6         8
272       279         7         2
140       280       140         1
10       267       257        14
16       278       262         3
263       280        17         1
168       275       107         6
271       272         1         9
272       279         7         2
20       280       260         1
24       279       255         2
276       278         2         3
28       278       250         3
273       274         1         7
2       273       271         8
251       269        18        12
28       278       250         3
275       277         2         4
271       278         7         3
263       280        17         1
249       265        16        16
269       275         6         6
274       280         6         1
27       276       249         5
274       280         6         1
271       272         1         9
269       271         2        10
268       279        11         2
269       277         8         4
263       273        10         8
27       277       250         4
140       280       140         1
275       276         1         5
26       279       253         2
268       273         5         8
276       280         4         1
273       277         4         4
273       278         5         3
264       279        15         2
266       275         9         6
266       271         5        10
272       277         5         4
244       275        31         6
269       275         6         6
273       276         3         5
278       280         2         1
278       280         2         1
265       269         4        12
262       278        16         3
272       274         2         7
266       278        12         3
276       277         1         4
166       267       101        14
265       267         2        14
274       277         3         4
265       277        12         4
