296       300         4         5
290       297         7         8
293       304        11         1
297       298         1         7
302       303         1         2
299       303         4         2
285       303        18         2
299       301         2         4
293       304        11         1
289       297         8         8
301       304         3         1
296       301         5         4
300       301         1         4
300       301         1         4
272       294        22        11
285       295        10        10
270       279         9        26
283       303        20         2
297       304         7         1
298       300         2         5
272       303        31         2
287       302        15         3
275       302        27         3
280       301        21         4
302       304         2         1
257       304        47         1
293       301         8         4
244       299        55         6
290       299         9         6
288       302        14         3
24       277       253        28
299       301         2         4
283       299        16         6
20       303       283         2
286       292         6        13
294       304        10         1
279       297        18         8
279       303        24         2
24       285       261        20
278       302        24         3
266       302        36         3
20       284       264        21
295       297         2         8
284       292         8        13
302       304         2         1
291       303        12         2
286       293         7        12
300       302         2         3
291       300         9         5
270       290        20        15
302       304         2         1
296       304         8         1
293       301         8         4
283       295        12        10
289       299        10         6
299       303         4         2
277       282         5        23
296       298         2         7
301       302         1         3
266       296        30         9
291       292         1        13
272       295        23        10
282       288         6        17
289       294         5        11
289       304        15         1
10       291       281        14
297       298         1         7
15        16         1       289
295       304         9         1
276       297        21         8
288       289         1        16
289       300        11         5
295       300         5         5
293       297         4         8
298       304         6         1
295       297         2         8
296       304         8         1
287       294         7        11
303       304         1         1
281       286         5        19
299       301         2         4
292       302        10         3
287       293         6        12
295       304         9         1
290       302        12         3
291       292         1        13
284       303        19         2
18       301       283         4
296       304         8         1
302       304         2         1
278       304        26         1
294       297         3         8
300       301         1         4
292       303        11         2
296       299         3         6
300       304         4         1
302       304         2         1
279       298        19         7
286       297        11         8
288       304        16         1
295       304         9         1
285       289         4        16
253       304        51         1
270       302        32         3
301       304         3         1
292       296         4         9
296       298         2         7
262       304        42         1
294       303         9         2
280       290        10        15
291       296         5         9
277       301        24         4
288       296         8         9
296       304         8         1
269       285        16        20
302       303         1         2
8       304       296         1
301       304         3         1
19       303       284         2
286       303        17         2
283       286         3        19
286       288         2        17
290       296         6         9
269       296        27         9
277       300        23         5
286       298        12         7
291       301        10         4
300       304         4         1
298       303         5         2
24       288       264        17
15       301       286         4
296       303         7         2
278       303        25         2
295       302         7         3
18       298       280         7
301       302         1         3
298       303         5         2
275       304        29         1
293       303        10         2
289       300        11         5
288       295         7        10
296       304         8         1
288       290         2        15
286       289         3        16
286       303        17         2
292       304        12         1
20       291       271        14
289       302        13         3
286       304        18         1
295       303         8         2
10        23        13       282
298       304         6         1
301       303         2         2
300       303         3         2
291       294         3        11
289       303        14         2
290       300        10         5
8        21        13       284
302       304         2         1
303       304         1         1
290       295         5        10
24       303       279         2
299       301         2         4
300       303         3         2
298       299         1         6
10       299       289         6
276       278         2        27
298       302         4         3
10       300       290         5
292       293         1        12
19       261       242        44
275       302        27         3
293       295         2        10
18       301       283         4
23       298       275         7
296       298         2         7
297       298         1         7
284       290         6        15
292       301         9         4
278       295        17        10
291       302        11         3
298       299         1         6
292       303        11         2
296       298         2         7
17       302       285         3
26       302       276         3
283       296        13         9
287       297        10         8
295       302         7         3
296       302         6         3
303       304         1         1
282       295        13        10
260       303        43         2
277       280         3        25
24       295       271        10
298       299         1         6
282       298        16         7
287       293         6        12
18       292       274        13
292       299         7         6
294       299         5         6
15       303       288         2
303       304         1         1
290       301        11         4
17       295       278        10
285       289         4        16
261       285        24        20
278       295        17        10
290       304        14         1
299       302         3         3
295       297         2         8
284       293         9        12
289       299        10         6
301       303         2         2
297       299         2         6
296       297         1         8
26       302       276         3
297       300         3         5
293       304        11         1
25       303       278         2
300       302         2         3
25       262       237        43
279       283         4        22
294       299         5         6
284       304        20         1
23       301       278         4
291       297         6         8
302       303         1         2
294       299         5         6
294       301         7         4
297       299         2         6
22       301       279         4
6       299       293         6
301       302         1         3
286       287         1        18
300       304         4         1
288       302        14         3
12       301       289         4
278       293        15        12
300       302         2         3
298       304         6         1
297       299         2         6
290       292         2        13
303       304         1         1
269       302        33         3
261       280        19        25
283       295        12        10
298       304         6         1
295       297         2         8
293       297         4         8
289       304        15         1
291       299         8         6
288       303        15         2
290       301        11         4
294       299         5         6
285       304        19         1
266       287        21        18
303       304         1         1
298       299         1         6
292       304        12         1
287       293         6        12
272       278         6        27
294       303         9         2
274       301        27         4
283       303        20         2
295       300         5         5
23       298       275         7
297       303         6         2
257       298        41         7
21       304       283         1
289       304        15         1
20       301       281         4
20       303       283         2
282       301        19         4
297       303         6         2
261       285        24        20
285       303        18         2
5       301       296         4
271       294        23        11
20       296       276         9
294       303         9         2
291       301        10         4
302       304         2         1
291       302        11         3
289       300        11         5
281       304        23         1
280       301        21         4
295       299         4         6
284       285         1        20
26       303       277         2
292       301         9         4
297       304         7         1
299       301         2         4
290       297         7         8
303       304         1         1
275       296        21         9
292       300         8         5
291       303        12         2
290       303        13         2
295       302         7         3
286       303        17         2
294       304        10         1
299       304         5         1
287       289         2        16
293       297         4         8
295       296         1         9
296       299         3         6
299       303         4         2
286       299        13         6
290       303        13         2
282       298        16         7
299       303         4         2
303       304         1         1
278       302        24         3
294       299         5         6
294       301         7         4
284       295        11        10
302       304         2         1
291       292         1        13
303       304         1         1
290       293         3        12
269       299        30         6
274       304        30         1
297       300         3         5
287       302        15         3
299       302         3         3
293       299         6         6
13       267       254        38
296       300         4         5
243       289        46        16
293       301         8         4
288       303        15         2
295       301         6         4
298       302         4         3
270       292        22        13
303       304         1         1
278       299        21         6
289       293         4        12
294       301         7         4
280       300        20         5
280       288         8        17
297       304         7         1
13       290       277        15
25       295       270        10
291       297         6         8
290       295         5        10
296       304         8         1
285       297        12         8
282       289         7        16
290       291         1        14
13       296       283         9
290       294         4        11
298       299         1         6
281       295        14        10
276       288        12        17
296       300         4         5
274       288        14        17
299       302         3         3
252       302        50         3
288       304        16         1
300       301         1         4
250       263        13        42
289       299        10         6
10       304       294         1
287       304        17         1
285       303        18         2
295       303         8         2
264       304        40         1
287       303        16         2
299       302         3         3
290       301        11         4
300       304         4         1
26       295       269        10
296       301         5         4
276       304        28         1
277       300        23         5
290       299         9         6
300       301         1         4
295       298         3         7
301       304         3         1
279       288         9        17
299       304         5         1
25       295       270        10
286       296        10         9
26       280       254        25
286       290         4        15
260       303        43         2
299       304         5         1
276       282         6        23
297       303         6         2
291       304        13         1
284       294        10        11
287       303        16         2
14        20         6       285
299       300         1         5
289       294         5        11
24       296       272         9
299       304         5         1
25       283       258        22
300       303         3         2
290       297         7         8
287       292         5        13
294       302         8         3
284       302        18         3
296       301         5         4
293       299         6         6
298       299         1         6
302       303         1         2
295       299         4         6
297       304         7         1
231       301        70         4
290       297         7         8
294       300         6         5
290       300        10         5
292       302        10         3
231       300        69         5
292       304        12         1
288       291         3        14
288       293         5        12
293       298         5         7
19       299       280         6
12       303       291         2
5       284       279        21
25       270       245        35
300       301         1         4
24       290       266        15
265       289        24        16
299       304         5         1
292       298         6         7
303       304         1         1
19       290       271        15
269       289        20        16
288       297         9         8
303       304         1         1
297       303         6         2
284       297        13         8
297       302         5         3
284       303        19         2
10       293       283        12
299       301         2         4
294       300         6         5
23       304       281         1
295       299         4         6
278       304        26         1
296       304         8         1
279       303        24         2
291       295         4        10
295       300         5         5
294       303         9         2
290       295         5        10
298       304         6         1
263       289        26        16
18       295       277        10
20       303       283         2
290       299         9         6
23       303       280         2
297       304         7         1
288       291         3        14
285       297        12         8
293       302         9         3
302       304         2         1
295       302         7         3
17       297       280         8
302       303         1         2
298       299         1         6
292       303        11         2
269       291        22        14
15       301       286         4
265       299        34         6
276       294        18        11
295       301         6         4
289       291         2        14
288       299        11         6
282       294        12        11
20       304       284         1
284       300        16         5
291       293         2        12
288       295         7        10
296       304         8         1
15       304       289         1
253       303        50         2
295       302         7         3
248       303        55         2
291       304        13         1
290       304        14         1
284       300        16         5
287       304        17         1
282       290         8        15
276       299        23         6
293       296         3         9
12       302       290         3
293       301         8         4
12       304       292         1
293       294         1        11
12       286       274        19
286       287         1        18
262       298        36         7
298       302         4         3
296       297         1         8
286       298        12         7
20       295       275        10
280       291        11        14
300       302         2         3
291       300         9         5
297       300         3         5
276       286        10        19
289       300        11         5
284       286         2        19
290       299         9         6
297       300         3         5
299       304         5         1
288       293         5        12
301       303         2         2
301       303         2         2
264       278        14        27
12       303       291         2
26       303       277         2
275       285        10        20
289       303        14         2
262       279        17        26
301       304         3         1
292       301         9         4
26       294       268        11
294       303         9         2
295       302         7         3
285       286         1        19
292       294         2        11
298       299         1         6
24       300       276         5
303       304         1         1
301       302         1         3
293       303        10         2
19       300       281         5
275       296        21         9
287       298        11         7
11       304       293         1
282       304        22         1
26       304       278         1
301       302         1         3
294       302         8         3
291       300         9         5
14       299       285         6
3        15        12       290
292       294         2        11
303       304         1         1
298       303         5         2
4       284       280        21
14       294       280        11
300       304         4         1
294       303         9         2
294       302         8         3
23       299       276         6
289       297         8         8
276       290        14        15
279       290        11        15
281       290         9        15
24       289       265        16
299       301         2         4
8       291       283        14
291       301        10         4
298       300         2         5
297       300         3         5
301       302         1         3
264       304        40         1
301       304         3         1
284       296        12         9
300       304         4         1
26       279       253        26
301       302         1         3
298       299         1         6
288       300        12         5
297       299         2         6
301       302         1         3
298       304         6         1
296       301         5         4
282       293        11        12
296       298         2         7
297       299         2         6
26       304       278         1
303       304         1         1
15       290       275        15
302       304         2         1
288       304        16         1
287       304        17         1
290       304        14         1
23       287       264        18
25       304       279         1
295       299         4         6
271       303        32         2
279       303        24         2
293       303        10         2
300       304         4         1
294       298         4         7
299       303         4         2
296       304         8         1
280       303        23         2
291       301        10         4
289       300        11         5
284       293         9        12
23       301       278         4
272       304        32         1
296       301         5         4
290       292         2        13
25       301       276         4
301       303         2         2
21       301       280         4
297       304         7         1
298       300         2         5
287       303        16         2
279       301        22         4
301       304         3         1
271       304        33         1
286       303        17         2
301       303         2         2
291       292         1        13
281       303        22         2
23       297       274         8
19       299       280         6
289       304        15         1
287       304        17         1
279       297        18         8
277       303        26         2
298       303         5         2
289       292         3        13
275       291        16        14
289       290         1        15
9       302       293         3
294       304        10         1
300       304         4         1
26       296       270         9
293       299         6         6
302       303         1         2
299       300         1         5
285       296        11         9
292       295         3        10
301       303         2         2
295       299         4         6
289       297         8         8
294       304        10         1
289       300        11         5
283       295        12        10
289       298         9         7
282       284         2        21
285       299        14         6
5       303       298         2
293       298         5         7
286       301        15         4
283       302        19         3
272       299        27         6
279       303        24         2
295       300         5         5
268       286        18        19
10       299       289         6
302       303         1         2
284       299        15         6
302       304         2         1
287       290         3        15
293       298         5         7
293       297         4         8
248       302        54         3
303       304         1         1
22       297       275         8
299       303         4         2
297       298         1         7
292       297         5         8
291       300         9         5
297       302         5         3
270       303        33         2
288       300        12         5
7       297       290         8
298       303         5         2
301       304         3         1
296       297         1         8
276       294        18        11
294       300         6         5
25       303       278         2
284       286         2        19
297       300         3         5
292       297         5         8
277       304        27         1
276       286        10        19
275       304        29         1
289       294         5        11
299       300         1         5
296       301         5         4
295       297         2         8
4       304       300         1
291       301        10         4
23       296       273         9
20       302       282         3
297       304         7         1
299       304         5         1
288       300        12         5
297       301         4         4
301       304         3         1
279       304        25         1
286       296        10         9
282       301        19         4
289       304        15         1
17       304       287         1
11       296       285         9
302       304         2         1
286       300        14         5
268       297        29         8
9       302       293         3
277       285         8        20
273       299        26         6
272       301        29         4
15       303       288         2
277       289        12        16
25       298       273         7
298       304         6         1
295       302         7         3
262       287        25        18
291       299         8         6
281       298        17         7
294       297         3         8
301       303         2         2
297       301         4         4
298       301         3         4
8       303       295         2
301       304         3         1
13       299       286         6
297       302         5         3
298       299         1         6
287       294         7        11
298       302         4         3
271       300        29         5
297       301         4         4
4       304       300         1
295       303         8         2
292       304        12         1
291       303        12         2
302       303         1         2
294       303         9         2
288       298        10         7
286       300        14         5
294       299         5         6
281       293        12        12
283       300        17         5
295       304         9         1
270       299        29         6
21       294       273        11
22       304       282         1
15       290       275        15
298       300         2         5
296       297         1         8
23       300       277         5
275       289        14        16
16       303       287         2
299       300         1         5
297       303         6         2
24       300       276         5
279       294        15        11
279       289        10        16
293       304        11         1
12       304       292         1
7       302       295         3
3       279       276        26
15       299       284         6
269       304        35         1
266       302        36         3
303       304         1         1
297       302         5         3
281       301        20         4
285       289         4        16
298       300         2         5
294       300         6         5
298       301         3         4
300       301         1         4
285       299        14         6
285       304        19         1
296       303         7         2
294       295         1        10
288       295         7        10
294       298         4         7
243       301        58         4
282       287         5        18
293       294         1        11
297       302         5         3
289       303        14         2
266       298        32         7
293       302         9         3
296       304         8         1
301       304         3         1
281       304        23         1
26       300       274         5
289       304        15         1
282       299        17         6
266       297        31         8
26       265       239        40
295       299         4         6
277       291        14        14
300       304         4         1
301       304         3         1
301       303         2         2
282       304        22         1
272       302        30         3
294       295         1        10
286       304        18         1
296       297         1         8
302       304         2         1
266       303        37         2
296       304         8         1
297       301         4         4
22       304       282         1
279       298        19         7
287       291         4        14
13       303       290         2
23       303       280         2
23       303       280         2
6       277       271        28
300       303         3         2
301       302         1         3
280       304        24         1
301       303         2         2
291       292         1        13
284       300        16         5
302       304         2         1
26       302       276         3
300       302         2         3
288       303        15         2
23       285       262        20
290       302        12         3
289       304        15         1
298       303         5         2
296       301         5         4
282       298        16         7
300       304         4         1
301       304         3         1
299       301         2         4
291       304        13         1
283       302        19         3
303       304         1         1
297       304         7         1
14       301       287         4
285       293         8        12
296       299         3         6
22       274       252        31
25       304       279         1
300       302         2         3
303       304         1         1
298       301         3         4
266       303        37         2
24       277       253        28
266       304        38         1
291       298         7         7
300       301         1         4
299       300         1         5
278       284         6        21
14       271       257        34
292       301         9         4
301       304         3         1
291       293         2        12
2       300       298         5
295       298         3         7
296       302         6         3
302       303         1         2
294       304        10         1
293       303        10         2
284       299        15         6
15       299       284         6
297       304         7         1
295       302         7         3
292       301         9         4
285       299        14         6
17       300       283         5
283       291         8        14
296       304         8         1
282       298        16         7
11       299       288         6
294       302         8         3
302       304         2         1
298       304         6         1
298       302         4         3
26       290       264        15
300       302         2         3
297       301         4         4
20       287       267        18
20       293       273        12
297       300         3         5
290       297         7         8
291       303        12         2
297       298         1         7
302       303         1         2
298       304         6         1
298       302         4         3
280       303        23         2
13       298       285         7
12       295       283        10
280       302        22         3
302       303         1         2
301       304         3         1
9       303       294         2
295       303         8         2
293       300         7         5
290       303        13         2
300       301         1         4
292       303        11         2
296       298         2         7
289       295         6        10
295       298         3         7
294       303         9         2
26       304       278         1
26       302       276         3
293       297         4         8
269       304        35         1
252       292        40        13
26       291       265        14
14       299       285         6
299       301         2         4
296       301         5         4
21       304       283         1
289       294         5        11
288       302        14         3
301       303         2         2
287       297        10         8
301       303         2         2
281       294        13        11
297       300         3         5
286       288         2        17
298       301         3         4
299       300         1         5
302       304         2         1
301       304         3         1
23       296       273         9
281       304        23         1
280       301        21         4
26       296       270         9
289       304        15         1
274       283         9        22
292       300         8         5
293       304        11         1
19       304       285         1
291       296         5         9
18        22         4       283
297       304         7         1
290       298         8         7
296       304         8         1
295       303         8         2
266       303        37         2
295       301         6         4
299       302         3         3
279       300        21         5
23       294       271        11
288       292         4        13
289       298         9         7
297       304         7         1
280       304        24         1
285       291         6        14
279       289        10        16
296       298         2         7
298       299         1         6
298       302         4         3
261       296        35         9
279       280         1        25
291       295         4        10
302       304         2         1
262       303        41         2
299       303         4         2
301       302         1         3
295       298         3         7
286       290         4        15
272       290        18        15
285       297        12         8
281       296        15         9
20       294       274        11
287       299        12         6
296       299         3         6
288       295         7        10
294       304        10         1
300       304         4         1
302       303         1         2
272       302        30         3
299       302         3         3
297       304         7         1
296       304         8         1
289       301        12         4
297       298         1         7
297       303         6         2
303       304         1         1
291       294         3        11
291       303        12         2
282       286         4        19
269       298        29         7
276       286        10        19
302       304         2         1
294       302         8         3
280       299        19         6
262       300        38         5
6       294       288        11
295       301         6         4
288       296         8         9
21       273       252        32
302       304         2         1
15       294       279        11
297       301         4         4
298       303         5         2
288       304        16         1
287       302        15         3
