330       333         3         5
315       331        16         7
312       334        22         4
319       330        11         8
316       328        12        10
331       333         2         5
316       328        12        10
328       336         8         2
327       337        10         1
332       334         2         4
333       335         2         3
325       327         2        11
330       333         3         5
329       335         6         3
26       328       302        10
280       324        44        14
329       336         7         2
327       329         2         9
300       330        30         8
7       334       327         4
27       331       304         7
332       337         5         1
305       326        21        12
321       327         6        11
316       332        16         6
27       336       309         2
334       337         3         1
335       336         1         2
326       337        11         1
311       321        10        17
23       337       314         1
13       311       298        27
293       305        12        33
334       336         2         2
20       323       303        15
330       336         6         2
331       334         3         4
312       324        12        14
316       333        17         5
323       327         4        11
336       337         1         1
312       337        25         1
335       336         1         2
335       336         1         2
332       337         5         1
323       324         1        14
332       335         3         3
321       337        16         1
334       336         2         2
336       337         1         1
325       328         3        10
328       337         9         1
20       335       315         3
315       330        15         8
335       337         2         1
320       333        13         5
327       328         1        10
291       334        43         4
329       332         3         6
9       321       312        17
17       336       319         2
328       330         2         8
326       335         9         3
326       332         6         6
284       285         1        53
328       334         6         4
336       337         1         1
316       336        20         2
322       337        15         1
27       333       306         5
328       329         1         9
335       337         2         1
322       337        15         1
23       333       310         5
329       336         7         2
288       329        41         9
323       331         8         7
325       333         8         5
321       333        12         5
316       333        17         5
311       315         4        23
22       333       311         5
295       337        42         1
327       335         8         3
277       283         6        55
316       317         1        21
310       319         9        19
321       336        15         2
325       328         3        10
310       321        11        17
331       334         3         4
311       328        17        10
13       322       309        16
328       336         8         2
314       318         4        20
16        21         5       317
331       337         6         1
333       336         3         2
329       335         6         3
330       332         2         6
335       337         2         1
22       336       314         2
320       332        12         6
299       326        27        12
304       320        16        18
322       334        12         4
24       335       311         3
335       337         2         1
25       337       312         1
304       327        23        11
326       332         6         6
320       325         5        13
316       334        18         4
22       331       309         7
312       329        17         9
20       326       306        12
20       335       315         3
320       337        17         1
332       336         4         2
330       331         1         7
27       334       307         4
331       337         6         1
335       337         2         1
24       307       283        31
326       336        10         2
325       331         6         7
302       328        26        10
308       311         3        27
328       337         9         1
333       336         3         2
323       331         8         7
21       336       315         2
8       331       323         7
332       336         4         2
330       337         7         1
308       331        23         7
325       331         6         7
314       333        19         5
324       328         4        10
332       334         2         4
318       329        11         9
311       336        25         2
324       329         5         9
309       326        17        12
25       309       284        29
286       300        14        38
312       336        24         2
322       333        11         5
318       336        18         2
306       336        30         2
320       332        12         6
333       335         2         3
25       299       274        39
319       321         2        17
327       334         7         4
18       337       319         1
297       335        38         3
326       334         8         4
334       337         3         1
325       327         2        11
308       322        14        16
296       310        14        28
324       331         7         7
316       324         8        14
309       315         6        23
25       336       311         2
331       334         3         4
332       336         4         2
326       335         9         3
309       310         1        28
310       326        16        12
326       332         6         6
328       330         2         8
303       336        33         2
320       324         4        14
335       337         2         1
322       334        12         4
314       329        15         9
277       304        27        34
311       323        12        15
285       303        18        35
313       317         4        21
328       336         8         2
319       321         2        17
320       334        14         4
323       324         1        14
333       337         4         1
325       327         2        11
321       327         6        11
293       309        16        29
315       326        11        12
323       336        13         2
310       324        14        14
335       336         1         2
6       337       331         1
304       323        19        15
15       328       313        10
332       337         5         1
303       308         5        30
321       329         8         9
280       335        55         3
315       326        11        12
319       324         5        14
332       337         5         1
322       336        14         2
15       331       316         7
319       334        15         4
330       331         1         7
315       324         9        14
329       336         7         2
19       328       309        10
26       313       287        25
308       336        28         2
327       328         1        10
332       337         5         1
329       337         8         1
332       335         3         3
316       336        20         2
314       335        21         3
321       323         2        15
331       337         6         1
323       334        11         4
321       333        12         5
300       319        19        19
275       287        12        51
301       337        36         1
311       335        24         3
10       318       308        20
290       336        46         2
286       296        10        42
333       336         3         2
331       332         1         6
325       332         7         6
334       335         1         3
312       336        24         2
328       329         1         9
319       325         6        13
312       337        25         1
320       336        16         2
325       337        12         1
295       313        18        25
310       329        19         9
294       308        14        30
334       337         3         1
331       334         3         4
309       325        16        13
321       330         9         8
330       337         7         1
328       334         6         4
24       324       300        14
332       337         5         1
328       337         9         1
317       322         5        16
299       334        35         4
323       333        10         5
330       337         7         1
24       309       285        29
321       323         2        15
291       337        46         1
300       324        24        14
331       335         4         3
335       336         1         2
328       330         2         8
319       335        16         3
330       336         6         2
321       332        11         6
308       329        21         9
329       334         5         4
325       337        12         1
319       337        18         1
315       328        13        10
326       331         5         7
336       337         1         1
24       334       310         4
330       335         5         3
336       337         1         1
12       315       303        23
317       331        14         7
282       335        53         3
299       331        32         7
322       332        10         6
312       327        15        11
9       319       310        19
331       336         5         2
335       337         2         1
313       315         2        23
301       324        23        14
312       337        25         1
302       320        18        18
27       337       310         1
329       335         6         3
326       333         7         5
326       332         6         6
328       335         7         3
322       333        11         5
332       337         5         1
6       331       325         7
314       329        15         9
321       328         7        10
334       337         3         1
316       336        20         2
332       335         3         3
312       324        12        14
318       337        19         1
27       329       302         9
328       332         4         6
332       337         5         1
333       337         4         1
328       333         5         5
323       329         6         9
320       325         5        13
327       328         1        10
303       334        31         4
309       327        18        11
302       336        34         2
319       337        18         1
332       334         2         4
319       335        16         3
314       317         3        21
328       331         3         7
304       335        31         3
318       319         1        19
304       330        26         8
323       334        11         4
326       334         8         4
317       337        20         1
327       334         7         4
326       334         8         4
334       335         1         3
318       332        14         6
321       328         7        10
311       319         8        19
331       335         4         3
302       330        28         8
326       337        11         1
314       333        19         5
6       328       322        10
319       333        14         5
317       329        12         9
307       325        18        13
326       329         3         9
25       305       280        33
312       325        13        13
299       337        38         1
330       334         4         4
323       337        14         1
311       336        25         2
321       332        11         6
27       329       302         9
325       335        10         3
328       334         6         4
328       330         2         8
329       330         1         8
326       333         7         5
304       316        12        22
336       337         1         1
322       337        15         1
330       332         2         6
12       337       325         1
303       327        24        11
300       331        31         7
314       325        11        13
306       314         8        24
325       332         7         6
316       331        15         7
296       316        20        22
325       337        12         1
23       336       313         2
326       333         7         5
316       335        19         3
328       337         9         1
335       337         2         1
311       333        22         5
324       333         9         5
326       335         9         3
320       333        13         5
311       318         7        20
301       336        35         2
313       333        20         5
331       333         2         5
318       336        18         2
320       327         7        11
329       337         8         1
333       335         2         3
21       324       303        14
332       335         3         3
310       322        12        16
22       336       314         2
316       330        14         8
313       328        15        10
316       330        14         8
332       336         4         2
324       331         7         7
325       328         3        10
27       321       294        17
318       326         8        12
296       301         5        37
328       329         1         9
318       322         4        16
334       336         2         2
330       334         4         4
328       332         4         6
326       335         9         3
323       327         4        11
316       332        16         6
317       337        20         1
318       336        18         2
326       337        11         1
280       315        35        23
19       337       318         1
330       337         7         1
307       335        28         3
10        15         5       323
307       333        26         5
308       332        24         6
332       336         4         2
315       319         4        19
304       331        27         7
23        25         2       313
329       333         4         5
321       322         1        16
264       311        47        27
336       337         1         1
317       336        19         2
314       330        16         8
327       329         2         9
310       324        14        14
317       336        19         2
313       317         4        21
308       333        25         5
334       337         3         1
316       334        18         4
331       336         5         2
328       331         3         7
328       332         4         6
329       333         4         5
314       326        12        12
297       324        27        14
332       335         3         3
18       337       319         1
311       335        24         3
332       334         2         4
335       337         2         1
305       330        25         8
327       335         8         3
327       337        10         1
325       328         3        10
314       327        13        11
335       336         1         2
318       319         1        19
335       337         2         1
326       328         2        10
335       337         2         1
325       333         8         5
21       329       308         9
332       335         3         3
14       327       313        11
19       336       317         2
321       325         4        13
329       335         6         3
314       331        17         7
310       331        21         7
22       333       311         5
296       336        40         2
23       325       302        13
327       334         7         4
294       334        40         4
324       336        12         2
330       335         5         3
323       326         3        12
322       327         5        11
328       336         8         2
333       336         3         2
296       325        29        13
290       291         1        47
323       331         8         7
317       335        18         3
19       310       291        28
306       336        30         2
310       320        10        18
325       337        12         1
12       332       320         6
324       330         6         8
322       329         7         9
327       332         5         6
334       337         3         1
303       322        19        16
317       333        16         5
320       326         6        12
15       325       310        13
331       334         3         4
330       331         1         7
25       330       305         8
328       333         5         5
320       335        15         3
311       337        26         1
317       318         1        20
8       335       327         3
332       336         4         2
319       329        10         9
269       303        34        35
322       331         9         7
287       304        17        34
311       323        12        15
331       336         5         2
315       335        20         3
326       331         5         7
330       337         7         1
314       315         1        23
327       337        10         1
333       336         3         2
324       336        12         2
303       309         6        29
319       334        15         4
25       337       312         1
331       332         1         6
327       329         2         9
305       319        14        19
324       331         7         7
330       334         4         4
313       336        23         2
26       336       310         2
332       333         1         5
292       322        30        16
314       325        11        13
301       323        22        15
328       337         9         1
311       326        15        12
334       335         1         3
298       332        34         6
327       330         3         8
319       336        17         2
26       333       307         5
311       314         3        24
308       317         9        21
320       329         9         9
331       332         1         6
330       332         2         6
325       333         8         5
321       329         8         9
321       323         2        15
326       333         7         5
309       313         4        25
319       333        14         5
301       332        31         6
330       337         7         1
322       328         6        10
329       336         7         2
317       329        12         9
321       335        14         3
19       332       313         6
308       335        27         3
301       337        36         1
295       314        19        24
302       315        13        23
327       330         3         8
22       327       305        11
336       337         1         1
322       328         6        10
335       337         2         1
311       330        19         8
314       330        16         8
292       330        38         8
328       331         3         7
335       336         1         2
327       329         2         9
299       321        22        17
333       336         3         2
327       337        10         1
319       330        11         8
328       337         9         1
317       320         3        18
325       327         2        11
334       335         1         3
312       337        25         1
333       334         1         4
323       333        10         5
298       299         1        39
333       336         3         2
335       336         1         2
321       336        15         2
324       326         2        12
312       326        14        12
332       333         1         5
316       326        10        12
334       337         3         1
334       337         3         1
313       319         6        19
2       325       323        13
315       324         9        14
321       325         4        13
322       331         9         7
316       321         5        17
330       337         7         1
327       331         4         7
334       336         2         2
313       333        20         5
18       334       316         4
299       333        34         5
27       327       300        11
318       324         6        14
331       333         2         5
325       332         7         6
318       335        17         3
312       332        20         6
309       337        28         1
332       337         5         1
310       326        16        12
335       336         1         2
22       337       315         1
300       322        22        16
332       336         4         2
317       335        18         3
27       335       308         3
12       329       317         9
317       325         8        13
336       337         1         1
311       337        26         1
322       328         6        10
306       332        26         6
315       326        11        12
325       337        12         1
307       318        11        20
327       332         5         6
334       337         3         1
322       325         3        13
311       331        20         7
308       337        29         1
330       331         1         7
331       337         6         1
312       313         1        25
324       336        12         2
24       330       306         8
330       333         3         5
286       300        14        38
10       336       326         2
310       333        23         5
336       337         1         1
317       324         7        14
335       336         1         2
317       336        19         2
321       337        16         1
311       317         6        21
327       329         2         9
9       326       317        12
304       312         8        26
25       331       306         7
331       332         1         6
334       337         3         1
310       336        26         2
303       331        28         7
325       337        12         1
330       332         2         6
13       336       323         2
302       312        10        26
312       332        20         6
322       336        14         2
23       334       311         4
326       329         3         9
25       323       298        15
317       337        20         1
324       326         2        12
9       337       328         1
325       329         4         9
326       334         8         4
334       337         3         1
294       305        11        33
325       331         6         7
327       333         6         5
332       336         4         2
329       334         5         4
336       337         1         1
315       322         7        16
319       326         7        12
333       334         1         4
296       322        26        16
325       334         9         4
317       335        18         3
313       315         2        23
2       330       328         8
306       317        11        21
326       335         9         3
333       334         1         4
307       310         3        28
327       331         4         7
303       336        33         2
331       334         3         4
302       312        10        26
334       337         3         1
330       331         1         7
335       336         1         2
303       308         5        30
322       324         2        14
332       335         3         3
299       304         5        34
328       337         9         1
315       337        22         1
312       335        23         3
330       331         1         7
305       328        23        10
303       325        22        13
294       315        21        23
331       335         4         3
321       323         2        15
331       337         6         1
330       337         7         1
325       332         7         6
301       306         5        32
19       337       318         1
312       337        25         1
331       337         6         1
316       328        12        10
327       336         9         2
330       335         5         3
336       337         1         1
331       336         5         2
317       336        19         2
332       337         5         1
329       330         1         8
335       337         2         1
296       336        40         2
326       336        10         2
8        24        16       314
19       323       304        15
315       335        20         3
320       337        17         1
324       329         5         9
320       330        10         8
24       336       312         2
27       333       306         5
316       321         5        17
323       329         6         9
331       337         6         1
318       333        15         5
335       337         2         1
327       331         4         7
316       333        17         5
327       336         9         2
330       336         6         2
19       325       306        13
304       328        24        10
7       305       298        33
26       317       291        21
317       336        19         2
4       330       326         8
322       323         1        15
335       337         2         1
21       336       315         2
309       333        24         5
26       323       297        15
318       334        16         4
300       332        32         6
321       325         4        13
294       300         6        38
317       329        12         9
316       322         6        16
317       325         8        13
330       333         3         5
321       328         7        10
19       336       317         2
267       326        59        12
335       337         2         1
329       331         2         7
324       330         6         8
304       311         7        27
297       337        40         1
334       336         2         2
335       336         1         2
302       303         1        35
331       332         1         6
331       335         4         3
324       330         6         8
313       330        17         8
27       322       295        16
309       324        15        14
336       337         1         1
331       334         3         4
312       336        24         2
17       328       311        10
331       332         1         6
329       334         5         4
317       335        18         3
313       331        18         7
314       329        15         9
326       330         4         8
329       337         8         1
282       286         4        52
323       335        12         3
20       309       289        29
332       336         4         2
331       332         1         6
310       329        19         9
327       332         5         6
335       336         1         2
318       333        15         5
331       333         2         5
326       329         3         9
317       335        18         3
333       337         4         1
323       335        12         3
333       334         1         4
314       333        19         5
312       334        22         4
321       329         8         9
334       335         1         3
301       310         9        28
16       331       315         7
333       334         1         4
331       336         5         2
332       336         4         2
319       325         6        13
331       337         6         1
334       336         2         2
294       333        39         5
321       337        16         1
331       333         2         5
17       290       273        48
14       311       297        27
315       332        17         6
329       332         3         6
321       335        14         3
328       334         6         4
310       317         7        21
328       332         4         6
320       321         1        17
330       337         7         1
326       331         5         7
330       335         5         3
333       336         3         2
317       333        16         5
314       318         4        20
324       337        13         1
312       331        19         7
297       315        18        23
322       324         2        14
300       313        13        25
334       337         3         1
27       334       307         4
319       330        11         8
309       337        28         1
332       333         1         5
325       330         5         8
336       337         1         1
313       323        10        15
322       331         9         7
313       317         4        21
329       337         8         1
326       327         1        11
314       334        20         4
321       335        14         3
327       332         5         6
323       334        11         4
13       337       324         1
331       333         2         5
305       310         5        28
16       322       306        16
332       337         5         1
325       330         5         8
333       334         1         4
316       327        11        11
26       335       309         3
295       322        27        16
323       330         7         8
324       325         1        13
312       335        23         3
310       331        21         7
320       331        11         7
298       321        23        17
27       327       300        11
327       333         6         5
333       337         4         1
323       333        10         5
18       319       301        19
305       324        19        14
331       337         6         1
328       332         4         6
13       320       307        18
315       331        16         7
316       326        10        12
318       332        14         6
329       336         7         2
306       311         5        27
311       321        10        17
325       328         3        10
26       337       311         1
333       336         3         2
324       331         7         7
286       316        30        22
327       330         3         8
24       312       288        26
325       332         7         6
318       337        19         1
335       337         2         1
333       336         3         2
327       336         9         2
287       311        24        27
312       336        24         2
307       322        15        16
333       336         3         2
286       328        42        10
317       329        12         9
13       328       315        10
304       323        19        15
318       323         5        15
318       336        18         2
27       334       307         4
307       319        12        19
324       326         2        12
324       329         5         9
25       321       296        17
328       332         4         6
327       335         8         3
333       335         2         3
327       337        10         1
306       337        31         1
305       330        25         8
24       337       313         1
322       333        11         5
315       323         8        15
26       328       302        10
321       330         9         8
291       325        34        13
322       329         7         9
334       337         3         1
335       336         1         2
312       331        19         7
317       327        10        11
330       335         5         3
321       330         9         8
27       337       310         1
332       335         3         3
22       309       287        29
295       318        23        20
314       332        18         6
326       332         6         6
317       334        17         4
326       331         5         7
318       333        15         5
321       327         6        11
275       302        27        36
323       326         3        12
324       331         7         7
330       331         1         7
330       335         5         3
328       331         3         7
308       329        21         9
317       318         1        20
329       333         4         5
335       337         2         1
331       336         5         2
299       314        15        24
308       311         3        27
327       337        10         1
316       336        20         2
297       330        33         8
313       317         4        21
1       302       301        36
331       332         1         6
316       322         6        16
326       337        11         1
11       331       320         7
325       327         2        11
335       337         2         1
323       337        14         1
336       337         1         1
311       323        12        15
332       333         1         5
333       335         2         3
320       330        10         8
324       337        13         1
317       334        17         4
327       335         8         3
314       336        22         2
336       337         1         1
325       334         9         4
4       331       327         7
328       336         8         2
332       334         2         4
327       335         8         3
331       334         3         4
336       337         1         1
327       336         9         2
288       312        24        26
308       311         3        27
328       332         4         6
333       337         4         1
316       336        20         2
334       337         3         1
335       337         2         1
318       336        18         2
330       337         7         1
21       334       313         4
332       336         4         2
316       330        14         8
331       332         1         6
323       324         1        14
329       330         1         8
315       337        22         1
327       334         7         4
318       320         2        18
