269       436       167        11
435       446        11         1
377       412        35        35
398       399         1        48
439       442         3         5
442       444         2         3
24       446       422         1
437       438         1         9
442       446         4         1
435       443         8         4
282       415       133        32
432       442        10         5
420       423         3        24
438       442         4         5
259       440       181         7
415       438        23         9
427       430         3        17
275       446       171         1
429       444        15         3
402       425        23        22
408       414         6        33
438       446         8         1
13       425       412        22
433       440         7         7
398       438        40         9
416       428        12        19
445       446         1         1
440       445         5         2
439       440         1         7
368       432        64        15
203       444       241         3
413       437        24        10
411       430        19        17
408       432        24        15
434       443         9         4
25       445       420         2
393       413        20        34
415       423         8        24
430       439         9         8
423       425         2        22
445       446         1         1
443       444         1         3
440       442         2         5
433       441         8         6
415       433        18        14
441       446         5         1
419       446        27         1
438       445         7         2
424       435        11        12
422       424         2        23
405       445        40         2
431       439         8         8
432       435         3        12
36       445       409         2
222       446       224         1
443       445         2         2
436       445         9         2
426       431         5        16
12       203       191       244
204       441       237         6
430       446        16         1
425       442        17         5
444       445         1         2
434       440         6         7
417       430        13        17
441       442         1         5
442       445         3         2
429       431         2        16
437       442         5         5
32       228       196       219
401       414        13        33
283       446       163         1
30       438       408         9
243       430       187        17
424       439        15         8
423       432         9        15
442       445         3         2
420       430        10        17
445       446         1         1
436       440         4         7
435       437         2        10
426       433         7        14
35       444       409         3
39       284       245       163
396       444        48         3
420       428         8        19
440       446         6         1
438       439         1         8
279       440       161         7
436       438         2         9
20       434       414        13
438       444         6         3
421       446        25         1
435       445        10         2
441       444         3         3
242       437       195        10
440       445         5         2
414       443        29         4
444       446         2         1
418       439        21         8
272       438       166         9
429       437         8        10
444       445         1         2
430       432         2        15
442       444         2         3
239       443       204         4
445       446         1         1
12       445       433         2
27       432       405        15
11       446       435         1
438       446         8         1
423       435        12        12
433       436         3        11
25       444       419         3
422       428         6        19
285       445       160         2
40       446       406         1
26       444       418         3
440       441         1         6
384       410        26        37
437       441         4         6
434       442         8         5
442       444         2         3
433       438         5         9
432       446        14         1
229       445       216         2
442       446         4         1
241       445       204         2
418       439        21         8
403       439        36         8
434       444        10         3
438       444         6         3
426       431         5        16
40       239       199       208
418       439        21         8
434       442         8         5
445       446         1         1
441       444         3         3
432       441         9         6
419       424         5        23
427       431         4        16
418       442        24         5
438       442         4         5
425       443        18         4
398       427        29        20
431       436         5        11
434       444        10         3
405       422        17        25
428       441        13         6
421       446        25         1
434       440         6         7
270       445       175         2
444       446         2         1
438       440         2         7
28       426       398        21
442       446         4         1
439       443         4         4
432       446        14         1
422       434        12        13
428       439        11         8
40       445       405         2
442       445         3         2
400       442        42         5
418       429        11        18
442       446         4         1
439       446         7         1
415       429        14        18
433       440         7         7
431       445        14         2
427       446        19         1
443       444         1         3
443       444         1         3
432       438         6         9
412       436        24        11
434       441         7         6
444       446         2         1
201       284        83       163
233       446       213         1
442       446         4         1
435       436         1        11
423       446        23         1
427       446        19         1
423       441        18         6
424       440        16         7
392       445        53         2
429       446        17         1
30       282       252       165
440       446         6         1
31       404       373        43
429       445        16         2
244       440       196         7
27       431       404        16
422       445        23         2
39       445       406         2
442       443         1         4
439       440         1         7
443       444         1         3
410       438        28         9
438       444         6         3
32       445       413         2
436       437         1        10
238       437       199        10
436       438         2         9
29       445       416         2
235       429       194        18
36       444       408         3
426       436        10        11
425       438        13         9
404       442        38         5
397       446        49         1
427       434         7        13
438       445         7         2
242       445       203         2
433       440         7         7
444       445         1         2
425       436        11        11
436       440         4         7
425       440        15         7
270       441       171         6
435       439         4         8
38       443       405         4
437       445         8         2
443       446         3         1
400       424        24        23
440       445         5         2
433       446        13         1
418       445        27         2
444       446         2         1
19       433       414        14
38       436       398        11
435       436         1        11
39       437       398        10
443       446         3         1
432       433         1        14
413       426        13        21
38       282       244       165
38       439       401         8
424       425         1        22
431       442        11         5
14       435       421        12
36       445       409         2
423       427         4        20
374       444        70         3
425       434         9        13
430       437         7        10
412       446        34         1
440       444         4         3
443       444         1         3
34       433       399        14
437       438         1         9
433       440         7         7
34       440       406         7
383       432        49        15
440       444         4         3
423       442        19         5
429       444        15         3
415       423         8        24
430       442        12         5
203       439       236         8
35       439       404         8
425       435        10        12
426       431         5        16
433       440         7         7
440       443         3         4
419       427         8        20
427       437        10        10
277       420       143        27
439       440         1         7
431       446        15         1
436       438         2         9
422       445        23         2
39       445       406         2
418       431        13        16
433       439         6         8
435       446        11         1
402       443        41         4
444       445         1         2
435       444         9         3
444       446         2         1
407       441        34         6
414       445        31         2
443       446         3         1
419       422         3        25
31       434       403        13
441       443         2         4
419       446        27         1
436       444         8         3
423       443        20         4
428       434         6        13
435       436         1        11
245       420       175        27
435       443         8         4
410       423        13        24
440       444         4         3
443       446         3         1
37       428       391        19
429       435         6        12
430       440        10         7
434       442         8         5
409       445        36         2
32       437       405        10
25       440       415         7
35       445       410         2
433       442         9         5
438       441         3         6
437       441         4         6
432       445        13         2
430       437         7        10
435       436         1        11
443       446         3         1
435       439         4         8
25       445       420         2
284       446       162         1
440       445         5         2
399       413        14        34
31       432       401        15
436       442         6         5
420       432        12        15
415       436        21        11
430       446        16         1
438       442         4         5
432       440         8         7
431       445        14         2
439       444         5         3
402       405         3        42
430       441        11         6
412       432        20        15
423       442        19         5
230       439       209         8
442       443         1         4
431       432         1        15
416       423         7        24
422       442        20         5
31       438       407         9
432       433         1        14
411       436        25        11
441       443         2         4
439       445         6         2
279       438       159         9
407       421        14        26
437       439         2         8
276       432       156        15
36       441       405         6
230       446       216         1
427       443        16         4
426       431         5        16
445       446         1         1
443       445         2         2
229       429       200        18
33       244       211       203
239       441       202         6
409       445        36         2
387       438        51         9
435       437         2        10
426       445        19         2
277       440       163         7
444       446         2         1
436       443         7         4
227       417       190        30
427       443        16         4
418       442        24         5
281       416       135        31
444       445         1         2
427       446        19         1
426       435         9        12
434       444        10         3
424       438        14         9
435       445        10         2
30       433       403        14
419       437        18        10
21        37        16       410
429       444        15         3
444       446         2         1
431       439         8         8
24       431       407        16
240       427       187        20
410       437        27        10
437       445         8         2
431       443        12         4
443       446         3         1
435       444         9         3
244       439       195         8
433       443        10         4
421       439        18         8
439       443         4         4
440       446         6         1
422       445        23         2
423       444        21         3
408       441        33         6
434       437         3        10
434       446        12         1
431       441        10         6
430       446        16         1
434       435         1        12
434       439         5         8
439       443         4         4
240       424       184        23
412       437        25        10
410       421        11        26
35       442       407         5
431       442        11         5
31       413       382        34
420       446        26         1
414       441        27         6
396       439        43         8
435       444         9         3
442       445         3         2
439       446         7         1
418       434        16        13
416       434        18        13
424       436        12        11
412       421         9        26
28       446       418         1
420       428         8        19
431       438         7         9
434       440         6         7
433       443        10         4
423       439        16         8
232       436       204        11
39       438       399         9
433       441         8         6
440       441         1         6
440       443         3         4
277       428       151        19
428       432         4        15
425       443        18         4
439       444         5         3
26       444       418         3
414       433        19        14
443       445         2         2
429       435         6        12
416       446        30         1
434       441         7         6
242       419       177        28
37       204       167       243
426       442        16         5
243       442       199         5
421       429         8        18
431       445        14         2
418       444        26         3
428       442        14         5
409       438        29         9
429       430         1        17
439       446         7         1
440       444         4         3
433       439         6         8
32       415       383        32
34       446       412         1
416       441        25         6
416       432        16        15
417       446        29         1
435       444         9         3
443       444         1         3
29       442       413         5
437       445         8         2
428       440        12         7
435       436         1        11
413       423        10        24
435       443         8         4
32       425       393        22
425       438        13         9
436       446        10         1
409       427        18        20
440       441         1         6
432       440         8         7
398       440        42         7
440       442         2         5
419       420         1        27
5       439       434         8
434       442         8         5
436       444         8         3
430       441        11         6
423       446        23         1
406       412         6        35
436       446        10         1
445       446         1         1
434       441         7         6
436       445         9         2
422       438        16         9
27       445       418         2
441       444         3         3
443       445         2         2
429       446        17         1
419       441        22         6
387       415        28        32
438       445         7         2
23       425       402        22
243       283        40       164
420       445        25         2
437       439         2         8
432       433         1        14
424       446        22         1
204       437       233        10
437       446         9         1
243       446       203         1
282       435       153        12
440       441         1         6
438       442         4         5
278       439       161         8
284       445       161         2
422       433        11        14
36       445       409         2
424       435        11        12
426       446        20         1
437       442         5         5
410       427        17        20
441       443         2         4
443       444         1         3
38       431       393        16
14       404       390        43
443       446         3         1
432       436         4        11
32       441       409         6
438       443         5         4
12       431       419        16
414       435        21        12
411       438        27         9
432       441         9         6
438       441         3         6
40       414       374        33
439       442         3         5
23       438       415         9
37       443       406         4
35       444       409         3
29       444       415         3
37       442       405         5
430       446        16         1
438       446         8         1
401       446        45         1
369       430        61        17
435       446        11         1
428       443        15         4
438       440         2         7
424       431         7        16
429       441        12         6
442       446         4         1
18       439       421         8
40       436       396        11
432       437         5        10
37       392       355        55
39       445       406         2
422       444        22         3
442       446         4         1
438       442         4         5
433       444        11         3
426       444        18         3
434       446        12         1
37       442       405         5
32       203       171       244
16       441       425         6
31       238       207       209
433       439         6         8
18       444       426         3
240       431       191        16
22       443       421         4
402       423        21        24
430       431         1        16
390       435        45        12
203       420       217        27
422       429         7        18
240       446       206         1
440       444         4         3
281       413       132        34
422       433        11        14
426       444        18         3
425       436        11        11
232       412       180        35
35       427       392        20
415       443        28         4
444       446         2         1
431       442        11         5
398       446        48         1
430       436         6        11
432       441         9         6
32       444       412         3
439       445         6         2
441       442         1         5
430       444        14         3
32       445       413         2
443       446         3         1
393       407        14        40
440       444         4         3
407       446        39         1
241       445       204         2
437       442         5         5
439       443         4         4
438       442         4         5
431       433         2        14
415       416         1        31
387       436        49        11
396       424        28        23
428       436         8        11
431       433         2        14
420       425         5        22
4       445       441         2
416       446        30         1
401       436        35        11
429       438         9         9
433       441         8         6
424       429         5        18
445       446         1         1
39       429       390        18
438       441         3         6
423       446        23         1
438       446         8         1
26       377       351        70
441       444         3         3
415       440        25         7
400       407         7        40
442       445         3         2
245       446       201         1
441       446         5         1
433       440         7         7
243       398       155        49
438       446         8         1
434       436         2        11
410       436        26        11
216       432       216        15
440       446         6         1
437       442         5         5
445       446         1         1
435       441         6         6
11       417       406        30
28       434       406        13
440       445         5         2
437       440         3         7
437       445         8         2
436       442         6         5
399       411        12        36
428       445        17         2
417       436        19        11
22       430       408        17
440       442         2         5
442       446         4         1
40       244       204       203
436       446        10         1
37       422       385        25
204       446       242         1
38       438       400         9
439       441         2         6
202       427       225        20
33       436       403        11
281       446       165         1
418       441        23         6
428       432         4        15
435       441         6         6
435       437         2        10
429       430         1        17
444       445         1         2
36       445       409         2
38       435       397        12
417       431        14        16
444       446         2         1
423       424         1        23
285       438       153         9
432       446        14         1
441       445         4         2
440       443         3         4
36       443       407         4
38       440       402         7
36       436       400        11
432       434         2        13
441       443         2         4
433       440         7         7
425       433         8        14
401       440        39         7
436       446        10         1
444       445         1         2
415       437        22        10
403       444        41         3
430       433         3        14
409       430        21        17
440       445         5         2
416       425         9        22
435       439         4         8
431       446        15         1
418       424         6        23
430       446        16         1
429       446        17         1
437       444         7         3
436       438         2         9
423       445        22         2
431       434         3        13
438       444         6         3
445       446         1         1
420       433        13        14
38       445       407         2
36       443       407         4
240       431       191        16
278       286         8       161
204       425       221        22
401       421        20        26
428       430         2        17
431       446        15         1
429       444        15         3
444       446         2         1
431       443        12         4
399       427        28        20
437       441         4         6
285       446       161         1
425       442        17         5
437       442         5         5
429       439        10         8
421       426         5        21
441       446         5         1
436       445         9         2
435       438         3         9
444       445         1         2
442       446         4         1
427       445        18         2
424       439        15         8
33       446       413         1
435       437         2        10
431       444        13         3
432       445        13         2
39       446       407         1
282       434       152        13
420       446        26         1
421       445        24         2
445       446         1         1
435       440         5         7
437       439         2         8
426       445        19         2
240       417       177        30
428       445        17         2
440       445         5         2
412       419         7        28
243       442       199         5
214       438       224         9
432       446        14         1
437       445         8         2
31       437       406        10
441       444         3         3
440       444         4         3
406       444        38         3
414       438        24         9
40       425       385        22
430       434         4        13
423       424         1        23
425       443        18         4
27       434       407        13
438       445         7         2
38       434       396        13
425       431         6        16
412       439        27         8
441       443         2         4
436       440         4         7
437       439         2         8
431       444        13         3
435       446        11         1
410       439        29         8
402       422        20        25
440       445         5         2
416       431        15        16
401       420        19        27
421       435        14        12
441       446         5         1
437       440         3         7
235       436       201        11
420       443        23         4
440       444         4         3
396       421        25        26
439       446         7         1
442       443         1         4
39       444       405         3
425       439        14         8
421       435        14        12
418       430        12        17
285       422       137        25
40       440       400         7
439       440         1         7
431       434         3        13
432       446        14         1
438       443         5         4
443       444         1         3
434       440         6         7
418       425         7        22
445       446         1         1
280       445       165         2
35       253       218       194
425       434         9        13
280       412       132        35
401       445        44         2
416       443        27         4
397       401         4        46
384       437        53        10
424       438        14         9
432       435         3        12
442       445         3         2
439       446         7         1
436       441         5         6
409       426        17        21
437       445         8         2
438       443         5         4
445       446         1         1
436       438         2         9
416       424         8        23
440       441         1         6
441       446         5         1
436       445         9         2
444       446         2         1
434       443         9         4
400       437        37        10
39       438       399         9
424       445        21         2
427       446        19         1
424       442        18         5
441       443         2         4
432       442        10         5
404       440        36         7
432       445        13         2
437       446         9         1
203       446       243         1
38       434       396        13
428       437         9        10
431       437         6        10
421       433        12        14
431       445        14         2
424       439        15         8
419       431        12        16
40       445       405         2
31       444       413         3
433       437         4        10
34       444       410         3
425       432         7        15
435       445        10         2
203       445       242         2
404       410         6        37
433       440         7         7
427       430         3        17
418       446        28         1
439       441         2         6
258       446       188         1
397       440        43         7
402       445        43         2
415       421         6        26
422       429         7        18
408       436        28        11
412       442        30         5
40       440       400         7
415       432        17        15
433       443        10         4
38       445       407         2
437       446         9         1
435       443         8         4
442       445         3         2
432       445        13         2
435       439         4         8
438       442         4         5
32       446       414         1
19       429       410        18
372       390        18        57
409       413         4        34
410       424        14        23
419       444        25         3
430       439         9         8
421       428         7        19
427       438        11         9
419       444        25         3
430       434         4        13
444       445         1         2
436       446        10         1
423       427         4        20
426       444        18         3
438       443         5         4
436       438         2         9
29       437       408        10
432       445        13         2
430       441        11         6
424       440        16         7
407       426        19        21
424       442        18         5
432       433         1        14
434       446        12         1
40       432       392        15
425       430         5        17
425       433         8        14
429       431         2        16
35       423       388        24
442       444         2         3
434       443         9         4
432       439         7         8
439       443         4         4
431       440         9         7
422       439        17         8
413       429        16        18
430       445        15         2
283       407       124        40
30       442       412         5
202       436       234        11
445       446         1         1
443       446         3         1
40       445       405         2
422       444        22         3
423       439        16         8
24       425       401        22
434       438         4         9
435       441         6         6
422       432        10        15
245       434       189        13
432       440         8         7
433       441         8         6
239       442       203         5
40       436       396        11
201       444       243         3
438       444         6         3
33       417       384        30
421       443        22         4
388       439        51         8
444       446         2         1
285       441       156         6
417       440        23         7
416       445        29         2
275       412       137        35
437       442         5         5
439       446         7         1
423       425         2        22
435       445        10         2
418       423         5        24
444       446         2         1
439       445         6         2
427       428         1        19
418       425         7        22
21       436       415        11
424       427         3        20
389       424        35        23
421       443        22         4
18       432       414        15
407       442        35         5
427       442        15         5
414       439        25         8
28       446       418         1
281       444       163         3
427       432         5        15
444       445         1         2
26       445       419         2
427       442        15         5
283       441       158         6
441       443         2         4
437       445         8         2
386       440        54         7
29       411       382        36
438       445         7         2
442       443         1         4
406       416        10        31
435       446        11         1
420       445        25         2
399       438        39         9
29       443       414         4
243       446       203         1
439       443         4         4
421       431        10        16
442       446         4         1
18       417       399        30
34       444       410         3
438       444         6         3
434       444        10         3
429       443        14         4
432       433         1        14
436       437         1        10
40       438       398         9
281       438       157         9
411       446        35         1
442       446         4         1
439       441         2         6
426       445        19         2
441       445         4         2
280       431       151        16
438       440         2         7
427       441        14         6
396       434        38        13
438       440         2         7
434       438         4         9
413       431        18        16
283       417       134        30
433       441         8         6
431       445        14         2
435       439         4         8
421       426         5        21
413       419         6        28
422       443        21         4
443       445         2         2
400       432        32        15
431       440         9         7
411       439        28         8
437       444         7         3
443       445         2         2
441       446         5         1
431       433         2        14
427       433         6        14
437       446         9         1
37       446       409         1
440       445         5         2
40       438       398         9
435       441         6         6
425       436        11        11
407       418        11        29
428       444        16         3
420       428         8        19
39       443       404         4
