273       275         2         6
279       280         1         1
273       280         7         1
15       271       256        10
267       280        13         1
164       277       113         4
143       277       134         4
249       255         6        26
278       279         1         2
257       271        14        10
270       280        10         1
255       265        10        16
277       280         3         1
248       268        20        13
264       273         9         8
272       277         5         4
26       269       243        12
261       279        18         2
264       275        11         6
261       276        15         5
27       280       253         1
266       279        13         2
279       280         1         1
254       275        21         6
274       280         6         1
276       280         4         1
270       278         8         3
26       277       251         4
271       276         5         5
19       278       259         3
22       277       255         4
264       277        13         4
22       272       250         9
142       278       136         3
263       274        11         7
28       263       235        18
274       280         6         1
262       277        15         4
265       270         5        11
172       275       103         6
28       269       241        12
23       279       256         2
270       279         9         2
254       272        18         9
207       266        59        15
271       279         8         2
260       278        18         3
270       274         4         7
23       278       255         3
248       273        25         8
276       280         4         1
274       280         6         1
257       278        21         3
274       276         2         5
264       280        16         1
268       275         7         6
269       280        11         1
269       279        10         2
246       280        34         1
273       277         4         4
268       272         4         9
271       275         4         6
270       280        10         1
274       278         4         3
22       276       254         5
264       277        13         4
166       277       111         4
279       280         1         1
269       270         1        11
252       259         7        22
12       277       265         4
154       279       125         2
272       279         7         2
269       274         5         7
255       261         6        20
272       280         8         1
270       272         2         9
265       280        15         1
252       278        26         3
266       267         1        14
266       278        12         3
266       280        14         1
17       279       262         2
263       280        17         1
267       276         9         5
258       277        19         4
273       274         1         7
270       275         5         6
278       279         1         2
26       272       246         9
263       265         2        16
270       277         7         4
269       280        11         1
274       275         1         6
272       275         3         6
254       264        10        17
270       280        10         1
274       278         4         3
271       277         6         4
23       277       254         4
276       280         4         1
257       279        22         2
263       278        15         3
21       274       253         7
268       275         7         6
270       277         7         4
277       278         1         3
267       270         3        11
276       280         4         1
255       271        16        10
273       277         4         4
277       280         3         1
249       276        27         5
277       280         3         1
267       277        10         4
171       278       107         3
277       278         1         3
274       280         6         1
249       277        28         4
276       277         1         4
276       279         3         2
170       279       109         2
262       270         8        11
277       280         3         1
25       263       238        18
241       266        25        15
256       276        20         5
18       266       248        15
278       280         2         1
22       279       257         2
273       279         6         2
16       143       127       138
278       279         1         2
263       276        13         5
272       280         8         1
262       280        18         1
264       271         7        10
248       273        25         8
268       278        10         3
253       261         8        20
269       270         1        11
238       278        40         3
256       278        22         3
259       279        20         2
263       278        15         3
27       280       253         1
244       268        24        13
27       280       253         1
248       276        28         5
275       278         3         3
255       268        13        13
264       273         9         8
271       274         3         7
273       280         7         1
269       274         5         7
141       172        31       109
272       274         2         7
273       276         3         5
275       276         1         5
270       279         9         2
265       269         4        12
24       273       249         8
273       277         4         4
279       280         1         1
273       277         4         4
265       276        11         5
266       268         2        13
258       273        15         8
274       280         6         1
267       273         6         8
274       278         4         3
269       270         1        11
26       271       245        10
143       279       136         2
269       274         5         7
263       277        14         4
273       279         6         2
273       280         7         1
274       278         4         3
262       267         5        14
274       276         2         5
275       276         1         5
139       269       130        12
258       279        21         2
273       277         4         4
273       280         7         1
275       278         3         3
272       275         3         6
4       164       160       117
266       273         7         8
272       280         8         1
267       277        10         4
141       266       125        15
26       264       238        17
266       270         4        11
138       275       137         6
272       280         8         1
273       276         3         5
270       274         4         7
13       278       265         3
271       279         8         2
138       274       136         7
272       273         1         8
279       280         1         1
277       280         3         1
266       268         2        13
264       274        10         7
279       280         1         1
271       273         2         8
275       280         5         1
268       272         4         9
142       269       127        12
254       276        22         5
269       278         9         3
256       280        24         1
5       270       265        11
254       267        13        14
260       279        19         2
276       278         2         3
262       275        13         6
172       277       105         4
270       271         1        10
247       279        32         2
261       273        12         8
276       278         2         3
272       278         6         3
26       277       251         4
273       276         3         5
141       279       138         2
27       280       253         1
262       279        17         2
262       273        11         8
261       263         2        18
20       257       237        24
267       278        11         3
257       277        20         4
276       279         3         2
275       279         4         2
263       275        12         6
256       279        23         2
271       279         8         2
274       276         2         5
271       279         8         2
279       280         1         1
274       278         4         3
165       272       107         9
277       278         1         3
173       277       104         4
26       279       253         2
272       277         5         4
274       278         4         3
275       280         5         1
27       280       253         1
16       269       253        12
265       270         5        11
267       273         6         8
11       279       268         2
274       277         3         4
143       277       134         4
276       279         3         2
268       276         8         5
258       272        14         9
26       275       249         6
23       275       252         6
272       273         1         8
255       268        13        13
277       279         2         2
15       280       265         1
258       271        13        10
269       275         6         6
268       276         8         5
263       267         4        14
278       280         2         1
274       277         3         4
268       277         9         4
261       277        16         4
273       275         2         6
278       279         1         2
271       278         7         3
265       275        10         6
258       279        21         2
271       280         9         1
264       265         1        16
248       276        28         5
258       269        11        12
261       270         9        11
279       280         1         1
276       280         4         1
26       279       253         2
236       277        41         4
270       277         7         4
139       275       136         6
267       274         7         7
268       280        12         1
269       274         5         7
275       277         2         4
278       280         2         1
276       280         4         1
275       280         5         1
277       279         2         2
263       275        12         6
269       276         7         5
273       277         4         4
263       277        14         4
269       280        11         1
270       278         8         3
263       270         7        11
265       269         4        12
142       268       126        13
138       279       141         2
15       267       252        14
274       280         6         1
143       272       129         9
22       280       258         1
137       280       143         1
271       278         7         3
273       274         1         7
250       274        24         7
262       275        13         6
275       277         2         4
274       278         4         3
264       276        12         5
266       279        13         2
236       272        36         9
277       278         1         3
276       279         3         2
277       280         3         1
266       276        10         5
277       280         3         1
274       277         3         4
24       253       229        28
275       279         4         2
269       278         9         3
271       274         3         7
274       280         6         1
265       273         8         8
277       279         2         2
26       269       243        12
20       275       255         6
278       280         2         1
268       274         6         7
271       278         7         3
276       279         3         2
267       268         1        13
271       279         8         2
277       279         2         2
274       276         2         5
268       277         9         4
173       278       105         3
257       272        15         9
273       279         6         2
248       276        28         5
142       274       132         7
143       275       132         6
169       274       105         7
277       279         2         2
264       266         2        15
262       280        18         1
265       280        15         1
172       272       100         9
266       274         8         7
278       279         1         2
271       280         9         1
26       280       254         1
273       278         5         3
272       275         3         6
27       271       244        10
24       280       256         1
172       277       105         4
276       279         3         2
170       280       110         1
23       274       251         7
270       280        10         1
243       255        12        26
277       280         3         1
28       272       244         9
269       277         8         4
279       280         1         1
167       279       112         2
263       269         6        12
266       280        14         1
279       280         1         1
268       278        10         3
271       280         9         1
28       277       249         4
18       274       256         7
276       280         4         1
22       279       257         2
278       280         2         1
22       269       247        12
257       271        14        10
16       274       258         7
141       276       135         5
252       269        17        12
26       246       220        35
264       280        16         1
253       268        15        13
274       279         5         2
264       278        14         3
267       279        12         2
275       277         2         4
274       279         5         2
273       275         2         6
264       269         5        12
275       276         1         5
273       275         2         6
275       280         5         1
268       277         9         4
172       279       107         2
136       269       133        12
27       272       245         9
274       278         4         3
253       275        22         6
278       280         2         1
21       248       227        33
275       278         3         3
254       266        12        15
168       270       102        11
263       265         2        16
273       279         6         2
266       268         2        13
278       279         1         2
173       277       104         4
278       280         2         1
265       271         6        10
276       279         3         2
277       279         2         2
172       276       104         5
274       277         3         4
272       278         6         3
262       269         7        12
275       278         3         3
277       280         3         1
262       266         4        15
24       277       253         4
261       276        15         5
265       278        13         3
256       280        24         1
143       261       118        20
151       280       129         1
274       275         1         6
265       273         8         8
268       270         2        11
270       276         6         5
270       276         6         5
269       276         7         5
268       279        11         2
248       262        14        19
278       280         2         1
263       277        14         4
275       278         3         3
10       144       134       137
144       279       135         2
273       279         6         2
269       278         9         3
269       272         3         9
247       274        27         7
272       279         7         2
267       280        13         1
265       270         5        11
270       279         9         2
27       280       253         1
136       277       141         4
276       277         1         4
274       278         4         3
23       278       255         3
268       270         2        11
262       280        18         1
270       279         9         2
26       278       252         3
143       274       131         7
272       273         1         8
19       276       257         5
277       278         1         3
278       279         1         2
228       279        51         2
26       249       223        32
249       272        23         9
144       278       134         3
261       280        19         1
264       279        15         2
269       280        11         1
21       274       253         7
275       280         5         1
266       271         5        10
12       279       267         2
275       280         5         1
256       277        21         4
270       276         6         5
278       279         1         2
268       279        11         2
274       275         1         6
266       270         4        11
267       269         2        12
279       280         1         1
244       279        35         2
264       266         2        15
264       279        15         2
260       279        19         2
264       273         9         8
261       268         7        13
274       280         6         1
274       280         6         1
151       277       126         4
267       272         5         9
251       273        22         8
157       271       114        10
261       277        16         4
270       280        10         1
271       280         9         1
263       274        11         7
260       278        18         3
277       279         2         2
25       277       252         4
272       276         4         5
260       275        15         6
279       280         1         1
140       277       137         4
262       265         3        16
271       272         1         9
269       280        11         1
245       275        30         6
258       269        11        12
261       266         5        15
169       280       111         1
266       275         9         6
251       267        16        14
267       278        11         3
273       279         6         2
269       277         8         4
271       280         9         1
263       278        15         3
265       280        15         1
170       276       106         5
27       280       253         1
273       279         6         2
268       280        12         1
262       271         9        10
269       280        11         1
20       277       257         4
279       280         1         1
257       280        23         1
136       280       144         1
143       278       135         3
256       260         4        21
258       274        16         7
268       280        12         1
279       280         1         1
266       272         6         9
278       280         2         1
258       277        19         4
260       272        12         9
266       277        11         4
270       278         8         3
259       280        21         1
271       280         9         1
258       277        19         4
24       265       241        16
275       280         5         1
277       279         2         2
254       276        22         5
259       277        18         4
277       278         1         3
161       279       118         2
247       267        20        14
265       275        10         6
279       280         1         1
276       277         1         4
275       279         4         2
261       279        18         2
249       275        26         6
277       280         3         1
19       274       255         7
268       278        10         3
256       266        10        15
277       280         3         1
264       279        15         2
140       276       136         5
273       276         3         5
27       274       247         7
141       278       137         3
268       279        11         2
275       278         3         3
274       278         4         3
268       274         6         7
275       277         2         4
24       278       254         3
18       280       262         1
28       280       252         1
276       278         2         3
25       272       247         9
267       276         9         5
274       280         6         1
276       278         2         3
140       278       138         3
276       279         3         2
242       262        20        19
258       280        22         1
253       275        22         6
260       276        16         5
139       277       138         4
259       266         7        15
142       277       135         4
269       277         8         4
261       275        14         6
264       279        15         2
136       273       137         8
277       280         3         1
271       276         5         5
266       268         2        13
265       278        13         3
270       274         4         7
267       280        13         1
172       271        99        10
167       278       111         3
267       273         6         8
269       273         4         8
259       277        18         4
240       269        29        12
270       273         3         8
26       280       254         1
261       272        11         9
258       278        20         3
273       277         4         4
274       275         1         6
22       280       258         1
266       277        11         4
271       275         4         6
271       278         7         3
271       280         9         1
270       278         8         3
267       276         9         5
23       278       255         3
141       274       133         7
271       273         2         8
277       280         3         1
26       273       247         8
279       280         1         1
166       280       114         1
144       271       127        10
265       278        13         3
20       278       258         3
252       279        27         2
269       273         4         8
21       255       234        26
7       279       272         2
270       279         9         2
271       279         8         2
269       280        11         1
267       276         9         5
272       278         6         3
264       269         5        12
266       267         1        14
151       275       124         6
276       280         4         1
270       272         2         9
27       280       253         1
257       268        11        13
277       280         3         1
269       270         1        11
274       277         3         4
21       265       244        16
276       280         4         1
273       277         4         4
271       274         3         7
276       279         3         2
260       269         9        12
155       280       125         1
269       279        10         2
272       273         1         8
255       268        13        13
269       279        10         2
278       279         1         2
269       275         6         6
275       276         1         5
172       245        73        36
20       278       258         3
158       269       111        12
268       280        12         1
265       277        12         4
268       276         8         5
262       279        17         2
141       280       139         1
166       280       114         1
259       279        20         2
273       278         5         3
277       280         3         1
257       275        18         6
173       271        98        10
275       280         5         1
254       280        26         1
277       279         2         2
23       279       256         2
266       279        13         2
266       277        11         4
277       280         3         1
264       272         8         9
261       280        19         1
253       255         2        26
266       278        12         3
19       272       253         9
270       276         6         5
272       280         8         1
266       277        11         4
273       280         7         1
271       276         5         5
254       273        19         8
274       279         5         2
279       280         1         1
270       274         4         7
274       279         5         2
26       266       240        15
266       280        14         1
255       278        23         3
278       279         1         2
256       279        23         2
19       265       246        16
277       280         3         1
272       273         1         8
267       271         4        10
275       276         1         5
273       276         3         5
272       273         1         8
271       278         7         3
272       275         3         6
271       273         2         8
276       280         4         1
278       280         2         1
275       278         3         3
254       275        21         6
278       280         2         1
267       270         3        11
143       277       134         4
273       278         5         3
20       164       144       117
272       280         8         1
26       275       249         6
277       280         3         1
19       276       257         5
18       273       255         8
275       279         4         2
259       276        17         5
251       266        15        15
275       280         5         1
257       276        19         5
255       276        21         5
28       265       237        16
279       280         1         1
279       280         1         1
141       265       124        16
268       279        11         2
278       280         2         1
252       278        26         3
265       280        15         1
268       269         1        12
265       270         5        11
269       280        11         1
275       276         1         5
274       278         4         3
267       278        11         3
277       280         3         1
275       280         5         1
274       275         1         6
143       280       137         1
272       273         1         8
279       280         1         1
27       278       251         3
10       280       270         1
274       276         2         5
272       274         2         7
277       279         2         2
12       275       263         6
277       280         3         1
277       279         2         2
273       277         4         4
267       280        13         1
12       279       267         2
264       280        16         1
241       274        33         7
249       274        25         7
272       277         5         4
23       277       254         4
277       280         3         1
20       277       257         4
271       273         2         8
273       274         1         7
276       277         1         4
23       267       244        14
267       278        11         3
265       279        14         2
270       274         4         7
279       280         1         1
21       280       259         1
272       274         2         7
274       277         3         4
268       269         1        12
260       261         1        20
260       262         2        19
143       271       128        10
274       276         2         5
277       279         2         2
251       276        25         5
279       280         1         1
274       276         2         5
267       276         9         5
273       280         7         1
258       277        19         4
27       269       242        12
273       277         4         4
277       279         2         2
273       277         4         4
276       277         1         4
273       276         3         5
274       275         1         6
277       280         3         1
262       275        13         6
278       279         1         2
254       268        14        13
27       267       240        14
264       280        16         1
276       280         4         1
256       264         8        17
271       274         3         7
158       273       115         8
279       280         1         1
276       280         4         1
259       280        21         1
270       280        10         1
24       278       254         3
272       275         3         6
250       271        21        10
26       277       251         4
266       275         9         6
271       274         3         7
273       280         7         1
261       279        18         2
274       277         3         4
268       280        12         1
270       273         3         8
266       280        14         1
27       274       247         7
265       278        13         3
27       138       111       143
260       274        14         7
276       279         3         2
279       280         1         1
27       280       253         1
159       265       106        16
276       279         3         2
276       280         4         1
276       280         4         1
264       280        16         1
273       279         6         2
24       144       120       137
270       280        10         1
260       271        11        10
260       275        15         6
275       279         4         2
244       277        33         4
244       250         6        31
166       271       105        10
273       275         2         6
265       266         1        15
276       279         3         2
278       279         1         2
271       279         8         2
170       280       110         1
277       280         3         1
267       280        13         1
12       274       262         7
269       279        10         2
261       269         8        12
262       272        10         9
27       269       242        12
259       270        11        11
268       272         4         9
25       278       253         3
269       273         4         8
263       280        17         1
23       166       143       115
28       280       252         1
258       275        17         6
274       280         6         1
27       274       247         7
1       279       278         2
275       277         2         4
270       276         6         5
26       276       250         5
277       278         1         3
270       277         7         4
26       276       250         5
144       277       133         4
20       269       249        12
270       280        10         1
171       270        99        11
277       279         2         2
15       275       260         6
274       277         3         4
160       279       119         2
270       274         4         7
269       274         5         7
275       280         5         1
270       277         7         4
28       278       250         3
271       279         8         2
260       279        19         2
136       260       124        21
265       274         9         7
266       271         5        10
250       279        29         2
248       270        22        11
267       279        12         2
23       280       257         1
279       280         1         1
270       278         8         3
276       277         1         4
272       274         2         7
258       271        13        10
271       276         5         5
28       280       252         1
277       279         2         2
269       279        10         2
265       280        15         1
232       274        42         7
264       269         5        12
278       280         2         1
28       279       251         2
274       276         2         5
23       264       241        17
278       280         2         1
250       280        30         1
165       279       114         2
278       279         1         2
15       271       256        10
252       280        28         1
26       271       245        10
168       274       106         7
276       279         3         2
262       271         9        10
275       276         1         5
275       276         1         5
22       278       256         3
163       273       110         8
265       278        13         3
268       279        11         2
21       268       247        13
24       270       246        11
265       274         9         7
273       275         2         6
27       271       244        10
165       280       115         1
270       274         4         7
267       277        10         4
268       279        11         2
271       280         9         1
263       279        16         2
254       272        18         9
21       280       259         1
277       279         2         2
279       280         1         1
278       280         2         1
276       279         3         2
27       266       239        15
272       278         6         3
278       279         1         2
272       279         7         2
263       280        17         1
266       280        14         1
274       276         2         5
273       276         3         5
264       272         8         9
276       277         1         4
272       278         6         3
142       269       127        12
278       279         1         2
242       275        33         6
17       279       262         2
261       276        15         5
273       277         4         4
278       280         2         1
274       277         3         4
228       275        47         6
272       273         1         8
256       270        14        11
16       276       260         5
267       280        13         1
259       274        15         7
266       276        10         5
276       278         2         3
267       274         7         7
28       280       252         1
266       276        10         5
260       278        18         3
270       275         5         6
255       280        25         1
264       280        16         1
276       278         2         3
20       278       258         3
278       280         2         1
172       276       104         5
