785      859      53      853      35
826      816      48      897      16
83      72      820      893      2
52      60      795      922      39
829      785      60      909      28
943      894      13      863      3
835      792      15      877      69
72      68      811      855      27
827      843      4      836      50
817      830      40      853      48
898      832      26      895      6
871      895      16      865      40
860      809      6      1002      1
84      101      677      798      99
902      854      19      890      7
868      886      27      870      8
931      847      3      928      3
906      858      5      864      20
799      835      37      846      42
850      841      2      897      7
924      901      1      884      25
910      904      1      864      12
865      868      10      828      48
880      924      2      907      7
841      857      11      889      29
817      796      48      936      8
847      842      17      907      11
840      812      20      896      3
872      864      30      900      2
834      864      59      906      0
807      845      24      905      16
818      829      63      839      10
810      914      11      906      13
902      946      17      894      1
38      49      820      894      3
900      911      0      918      1
862      838      37      789      36
849      815      40      872      13
863      825      86      879      12
36      34      875      936      3
842      873      22      854      36
48      51      835      917      2
856      828      22      878      20
818      892      15      907      4
876      845      18      861      13
773      853      25      862      16
793      824      9      756      77
825      807      25      910      49
869      875      34      849      8
10      10      14      29      869
886      869      31      911      1
826      889      54      856      4
873      864      5      873      7
804      805      2      797      56
775      753      91      821      15
765      822      139      879      13
900      887      3      899      16
817      855      20      937      46
867      886      26      843      7
833      894      7      927      35
886      816      8      870      20
814      884      3      895      6
876      883      30      919      9
903      836      4      892      16
532      525      301      858      48
877      833      12      840      33
865      829      11      804      62
833      861      20      913      26
75      67      777      918      23
83      60      793      808      7
814      875      38      859      2
867      813      60      903      7
27      27      15      44      917
886      875      24      863      10
552      540      350      898      5
872      860      31      901      11
851      909      1      864      24
875      913      8      860      1
81      79      825      902      16
935      933      2      880      3
849      839      9      844      24
868      868      2      919      17
850      835      9      883      9
863      776      92      916      2
816      861      22      881      57
77      84      797      869      18
837      872      43      823      36
874      824      57      831      12
825      871      6      867      17
890      862      14      871      25
942      851      21      915      12
833      853      48      852      15
935      886      27      904      3
950      897      9      873      5
820      821      79      898      1
816      808      79      857      3
775      790      64      887      15
824      800      65      911      13
888      852      29      881      1
812      782      37      854      80
895      812      2      868      31
876      803      42      871      30
858      861      43      914      6
860      895      5      868      14
862      896      5      899      1
880      884      3      924      14
888      834      71      890      9
838      874      52      815      20
892      881      23      924      3
806      763      28      800      60
884      864      41      878      3
898      883      1      904      2
867      890      16      843      23
910      887      5      852      4
865      864      12      859      13
844      798      69      954      15
789      761      32      833      57
782      868      93      877      15
818      800      45      899      21
781      792      54      840      23
87      72      783      903      13
81      82      799      914      4
809      796      68      853      33
836      893      2      873      16
834      852      53      909      15
87      82      857      828      15
831      901      28      886      8
891      820      14      898      18
876      897      28      875      14
83      79      797      870      17
511      474      390      855      38
48      54      825      918      5
45      40      851      853      12
85      102      756      869      18
917      838      13      836      22
58      62      803      855      41
791      777      65      839      40
863      909      7      864      3
885      816      28      873      8
841      887      2      872      28
886      873      5      923      12
494      500      366      893      0
916      844      2      885      1
46      34      816      900      9
901      898      5      833      20
875      851      28      937      3
68      53      848      913      1
83      101      784      865      8
845      867      36      921      2
897      825      15      852      23
752      839      67      895      19
776      783      79      873      1
495      559      382      835      7
841      853      21      887      35
891      893      33      886      13
70      55      830      845      22
882      872      5      910      10
865      805      16      864      17
755      817      74      868      11
937      929      4      813      5
835      836      27      905      12
48      50      850      844      8
816      873      34      870      2
894      862      2      927      20
90      88      805      897      2
856      856      5      908      9
812      863      25      901      24
820      847      2      868      19
56      55      839      823      19
894      869      10      868      4
872      850      28      836      23
872      896      9      905      9
872      891      14      908      18
94      85      811      904      2
825      883      61      901      1
889      835      21      901      15
852      855      31      886      9
820      803      38      880      22
799      750      72      967      6
922      828      2      897      17
884      857      18      915      37
853      836      89      937      6
859      809      10      884      31
863      928      7      868      5
871      893      3      868      4
884      867      20      886      33
93      80      836      894      4
834      854      29      892      10
816      895      4      830      2
854      882      23      887      19
893      883      9      815      33
842      761      45      835      35
840      840      13      803      11
38      39      837      908      2
52      62      850      869      1
904      875      4      953      3
820      861      9      841      42
834      850      18      892      5
895      866      42      845      13
74      79      794      886      15
835      805      63      915      3
833      828      21      881      32
740      777      138      915      15
889      845      18      810      26
850      845      28      911      15
916      894      0      908      1
863      918      4      853      9
28      27      847      867      8
493      488      340      857      38
19      29      761      844      52
842      859      17      900      30
832      862      15      868      7
855      833      28      902      6
829      935      15      962      11
860      853      63      865      8
804      867      22      856      48
847      836      6      889      13
869      932      8      858      11
845      847      5      890      5
790      778      121      890      2
889      867      7      877      4
888      868      34      886      33
916      869      1      892      15
811      865      103      937      5
36      28      773      878      19
473      450      402      898      8
881      849      2      914      4
833      830      29      899      15
71      83      805      887      12
912      870      3      908      4
783      811      41      852      35
869      838      44      823      20
813      821      32      839      50
417      433      423      898      23
869      865      69      897      2
63      77      843      850      21
11      11      805      911      36
88      72      720      871      12
872      803      6      861      38
32      35      873      893      9
878      843      24      843      36
908      890      13      877      29
886      908      8      887      10
865      871      12      879      11
877      879      26      868      2
838      882      27      898      9
773      800      92      880      7
72      65      801      909      11
512      515      379      866      2
734      686      132      853      36
70      89      755      866      11
836      840      7      877      42
818      808      7      853      66
870      841      13      894      20
831      902      9      919      15
844      892      3      845      8
67      79      799      911      20
892      858      2      875      14
883      864      52      904      2
803      786      97      910      32
884      827      13      909      22
78      94      835      909      8
469      471      431      846      48
66      99      827      862      39
93      101      842      863      23
881      893      4      932      2
813      903      40      907      4
904      822      4      811      29
784      774      73      857      23
66      73      833      897      4
898      878      29      919      6
888      861      10      856      25
841      872      24      923      28
819      887      3      872      20
895      879      35      889      2
818      843      18      880      22
812      800      32      850      37
841      868      30      862      3
871      787      26      852      13
860      867      42      910      18
865      871      10      894      16
891      928      5      877      9
899      879      1      904      5
923      901      8      925      5
786      748      43      871      56
846      867      22      872      14
796      863      43      925      4
885      854      5      864      30
909      895      12      890      8
863      866      12      897      7
816      864      14      859      10
7      5      889      885      16
906      848      37      910      3
897      856      1      870      15
26      26      795      866      10
834      875      8      863      28
879      864      27      889      18
862      833      13      776      37
901      815      37      915      7
879      814      42      857      15
849      896      11      910      10
864      846      14      869      1
865      881      7      817      30
816      851      33      787      31
904      914      9      893      4
794      708      104      797      45
78      81      815      857      27
840      817      9      884      34
503      536      299      864      41
883      874      3      879      9
848      869      38      911      4
825      783      93      899      6
78      82      775      868      55
819      874      54      899      0
814      917      26      846      5
859      846      4      879      26
842      862      27      913      35
866      851      5      857      29
868      891      9      846      5
828      872      12      794      24
901      859      18      858      12
836      865      50      855      4
799      845      34      798      71
59      70      853      903      9
80      71      741      821      38
470      442      416      912      35
849      882      4      844      42
82      59      803      916      25
908      960      6      899      8
822      811      61      914      35
875      891      14      861      27
63      56      789      814      54
843      827      40      882      17
911      884      2      877      2
916      863      5      897      8
911      905      3      937      2
859      904      5      888      11
865      857      16      882      1
856      872      20      889      13
870      821      47      819      8
871      857      30      888      1
693      663      209      883      10
819      910      13      860      1
72      60      811      933      10
849      857      16      979      7
80      70      816      875      5
830      790      28      834      27
865      926      5      902      9
865      846      8      809      57
844      875      14      842      7
880      837      11      887      15
937      891      13      924      6
851      875      8      853      2
898      862      9      913      13
869      833      1      860      31
923      922      1      889      0
826      877      35      926      8
837      821      20      902      2
862      779      63      873      14
843      870      9      965      1
894      899      6      879      7
862      809      9      896      29
853      839      6      867      18
887      809      24      907      5
54      62      815      898      16
898      824      19      856      24
929      905      11      867      16
834      788      50      901      15
757      816      89      867      38
75      68      810      844      14
806      865      19      847      21
94      84      789      853      2
833      885      22      867      15
854      890      7      911      2
831      880      11      868      1
878      817      41      910      24
894      876      7      874      13
897      858      2      836      2
865      913      2      951      16
914      847      1      840      12
54      52      822      878      12
552      564      371      876      10
892      902      2      841      10
60      97      739      873      54
884      873      5      865      6
516      523      324      859      21
890      887      11      905      15
815      874      24      850      29
928      913      33      862      11
936      850      16      872      9
70      75      802      945      25
826      866      15      798      66
48      50      853      888      27
88      87      825      911      7
750      788      59      856      94
936      802      4      875      7
877      824      23      857      15
865      860      24      903      7
823      871      7      830      56
916      860      20      894      13
899      892      10      871      4
817      854      52      855      14
571      531      318      830      54
831      844      15      884      47
938      860      27      950      7
80      74      818      862      5
679      722      168      878      7
844      833      37      876      16
809      806      94      900      13
888      905      12      900      13
839      810      72      883      10
81      83      797      865      15
83      77      804      875      21
792      841      61      930      2
849      817      35      907      21
848      818      43      903      14
59      60      827      886      13
833      852      38      890      34
903      863      17      846      2
873      872      3      820      10
834      869      60      923      3
821      885      4      887      3
879      813      14      849      35
839      865      22      887      22
945      916      4      844      8
856      852      20      924      1
874      844      6      889      39
892      853      15      949      9
899      868      25      812      23
884      892      38      925      8
26      23      792      907      21
816      822      27      824      23
859      817      23      898      39
827      871      20      882      10
873      898      3      844      24
866      868      2      889      12
772      816      69      878      15
881      843      26      893      19
741      804      76      851      8
881      906      10      872      3
847      942      16      861      9
898      859      23      912      1
846      849      2      907      3
741      733      136      873      14
813      819      33      818      12
861      851      44      868      9
38      34      780      896      11
887      878      40      840      1
904      868      25      860      17
874      869      1      901      4
813      827      13      797      56
872      904      22      927      1
889      911      9      860      12
849      864      16      813      22
926      841      14      870      4
794      897      20      833      53
815      764      21      818      62
856      836      14      858      23
895      837      7      926      2
823      807      70      891      10
75      73      822      803      20
872      888      27      881      20
483      499      424      897      3
904      868      3      856      5
882      801      48      858      5
853      813      50      858      26
70      69      782      866      5
943      852      1      885      11
80      99      781      879      3
819      802      90      820      17
829      855      14      877      24
899      919      17      920      3
812      843      36      863      14
872      864      10      898      29
855      846      16      856      32
863      861      40      891      2
426      406      412      866      64
846      922      26      830      25
847      837      25      803      26
778      822      3      791      64
866      806      12      873      37
837      875      23      948      21
836      790      17      836      44
748      761      48      844      62
69      59      808      873      17
52      63      855      925      13
78      63      833      900      23
765      814      85      863      22
795      851      50      870      25
828      862      20      861      11
61      57      857      922      6
828      851      25      922      1
885      881      2      911      1
42      29      823      838      56
837      885      0      875      2
745      735      81      927      25
87      76      793      947      4
73      71      820      954      2
849      841      5      923      15
800      858      40      838      40
940      898      3      930      14
893      844      8      922      5
792      797      50      839      9
58      65      822      929      3
859      846      0      872      12
863      837      46      916      12
806      826      33      851      32
63      68      807      869      4
870      878      3      902      27
879      878      13      943      3
492      492      280      834      105
837      871      48      870      20
845      810      22      866      14
820      819      28      900      7
831      838      24      853      12
886      832      42      962      9
795      851      34      867      8
885      844      6      881      48
835      806      5      820      66
937      865      3      858      18
932      916      8      919      0
886      837      6      907      15
816      820      25      884      46
803      759      89      845      3
719      651      160      859      15
872      909      28      857      8
844      805      41      876      6
863      873      7      888      28
912      875      14      893      8
826      784      10      824      85
847      834      38      823      51
780      786      37      813      27
56      76      803      851      32
61      65      788      898      31
862      929      9      874      14
851      894      4      898      9
838      876      23      853      29
889      868      7      857      2
803      856      4      893      39
86      94      727      846      62
84      98      821      893      15
858      890      2      900      1
792      812      93      912      3
896      915      13      931      3
861      858      5      897      25
846      827      7      856      51
842      881      6      864      36
856      922      2      852      9
832      864      8      862      6
825      823      16      883      44
892      886      39      893      12
824      884      9      892      13
874      890      0      832      13
875      869      2      891      8
879      860      11      907      2
839      832      28      871      49
862      815      19      828      46
845      855      17      873      13
467      446      381      792      58
870      771      43      869      31
904      864      4      933      5
72      75      802      939      2
808      797      30      874      29
835      824      24      831      25
872      840      14      873      25
815      813      47      898      1
39      54      3      77      866
836      920      24      862      27
846      846      33      924      8
905      853      25      948      4
908      913      14      913      4
882      871      17      884      16
855      911      11      875      18
824      865      21      902      23
876      821      12      873      21
821      764      59      875      19
66      73      464      517      373
792      843      50      860      16
935      878      12      844      2
878      907      50      884      4
894      873      17      868      3
837      800      3      886      48
881      893      27      893      11
27      25      850      866      12
855      853      51      898      17
869      922      3      931      4
886      910      0      920      6
861      873      41      880      0
886      828      16      890      8
942      846      15      932      3
933      882      10      867      11
85      77      790      867      46
28      34      866      827      68
6      9      890      877      5
896      889      20      890      7
882      878      7      947      4
832      878      4      879      6
897      872      10      856      7
816      824      103      829      2
877      858      20      854      11
836      859      47      815      18
857      866      37      900      33
915      910      1      873      7
875      914      8      878      8
852      860      45      933      9
878      894      24      895      1
43      43      863      844      10
856      783      51      877      23
873      874      15      894      1
817      881      27      880      17
877      886      18      986      10
835      845      43      859      18
805      860      77      854      4
878      867      2      897      8
802      855      16      887      30
827      859      43      924      2
53      48      752      819      90
848      807      37      898      8
851      870      20      866      24
828      773      15      843      42
896      859      7      909      43
842      873      25      893      14
779      843      66      873      2
844      867      40      916      0
81      66      833      924      0
876      830      41      943      4
847      853      25      869      23
95      88      808      888      4
855      834      20      871      31
19      29      864      945      11
882      888      14      876      1
876      897      36      904      7
878      848      0      772      44
872      898      35      913      7
835      801      54      943      6
871      900      3      818      9
909      855      5      893      25
835      837      8      895      32
885      854      5      870      9
884      847      2      883      7
766      819      37      909      15
823      834      13      800      70
869      868      11      890      6
860      822      36      836      7
856      890      4      897      8
888      823      42      865      3
26      46      874      885      2
879      802      25      837      9
847      907      36      885      3
844      871      21      885      10
913      798      5      871      26
848      801      45      924      22
881      877      9      834      35
70      70      759      897      16
861      922      15      931      6
888      844      29      886      7
809      820      50      892      3
912      892      46      907      3
886      918      4      875      15
827      838      48      893      29
834      817      90      897      8
890      899      2      829      27
883      883      10      878      2
888      906      12      947      2
832      882      7      878      1
820      899      75      898      6
741      817      52      880      46
850      911      22      877      8
904      807      3      871      35
800      854      9      863      21
836      843      50      878      34
858      842      40      895      5
854      858      8      837      14
827      850      25      892      0
808      798      69      895      17
59      75      853      910      6
783      746      42      859      57
860      884      9      861      15
898      916      2      895      6
872      868      5      901      3
884      833      3      900      36
934      884      0      805      35
874      927      5      882      5
750      768      80      859      13
867      839      3      843      7
557      508      315      892      38
871      879      14      843      23
885      846      1      909      1
882      869      8      898      7
847      855      8      826      28
788      883      11      875      17
894      868      7      920      14
842      868      3      906      17
835      896      37      905      6
857      846      1      905      14
876      891      3      856      7
73      81      701      852      59
819      806      90      887      10
847      829      12      889      0
870      866      19      885      10
906      952      1      871      5
846      810      30      930      8
832      841      5      841      33
82      70      835      845      27
832      850      6      847      8
51      70      820      912      20
824      880      43      890      0
94      89      755      963      2
856      899      10      917      15
69      65      838      893      15
857      845      56      868      7
795      858      56      885      24
750      747      88      866      33
85      72      798      881      3
13      6      848      873      16
801      838      26      854      43
514      519      334      916      5
812      827      8      865      70
847      851      2      848      57
830      810      58      914      9
911      929      1      886      5
75      72      820      922      5
942      886      7      898      11
887      872      4      885      7
898      851      31      837      2
526      520      301      853      41
811      846      6      842      19
806      855      64      873      2
742      785      4      803      66
830      863      19      933      12
51      67      823      912      4
872      924      13      899      0
817      854      6      863      15
803      794      26      813      30
837      862      48      892      11
885      879      18      896      16
854      839      7      800      59
80      60      851      892      6
879      869      5      841      7
901      878      16      869      7
480      507      396      852      10
840      837      21      839      53
726      806      103      923      14
873      819      16      915      8
762      845      48      893      4
884      798      54      852      12
753      808      120      786      13
907      878      2      824      5
66      66      753      850      36
850      836      7      883      2
853      914      51      887      8
804      827      16      841      56
897      914      1      890      0
31      17      751      803      56
782      848      91      894      0
79      54      785      806      59
43      44      777      773      61
886      905      31      874      13
833      834      31      899      4
517      572      318      906      44
854      829      9      836      31
916      792      10      920      20
788      874      24      896      1
837      877      9      869      8
847      788      11      828      47
70      74      798      929      5
895      878      59      899      3
444      443      497      863      2
737      729      116      807      65
897      849      10      879      8
872      970      4      896      6
837      867      13      917      16
934      903      7      911      17
872      827      66      877      1
919      905      2      911      1
854      841      43      947      3
895      891      13      887      6
854      911      6      920      2
868      884      6      878      7
904      882      23      896      8
867      872      36      904      13
874      875      15      894      13
16      15      479      507      383
537      540      309      878      34
787      786      52      848      25
864      870      5      884      5
860      801      17      826      54
884      842      6      908      18
794      842      42      817      20
819      815      43      808      47
844      820      14      883      12
786      850      44      867      15
722      699      135      832      28
897      834      11      866      8
918      870      16      875      7
848      853      8      906      8
887      919      7      873      17
820      851      29      875      48
835      828      28      981      5
84      80      804      889      10
483      490      251      717      123
867      829      59      846      6
874      880      12      825      4
57      79      814      912      15
901      892      8      877      1
84      87      810      850      28
882      894      1      865      13
835      870      38      898      9
55      62      3      62      847
864      866      3      901      8
866      873      25      892      1
832      931      18      846      30
829      907      49      902      3
76      81      757      852      35
817      832      17      923      37
812      856      3      827      80
553      521      326      883      19
863      877      7      909      19
739      761      129      899      8
917      877      2      841      1
790      778      88      905      28
947      893      14      890      11
879      880      6      873      9
925      913      1      919      2
870      830      23      811      29
786      807      56      915      30
45      48      803      916      4
843      885      9      909      3
929      899      5      900      17
829      813      41      865      14
832      879      0      878      23
938      931      1      891      4
875      835      32      939      0
821      823      36      834      41
844      857      7      843      1
940      873      3      962      24
839      772      101      848      4
69      74      799      829      7
838      851      41      903      12
841      835      68      888      14
895      870      59      889      12
870      888      19      908      4
879      841      4      879      18
72      72      800      853      9
829      874      18      874      11
918      903      6      893      3
876      898      3      947      15
834      853      32      902      7
799      792      103      897      11
879      878      15      961      13
796      838      24      840      31
81      102      767      880      29
904      881      22      891      2
887      867      20      870      16
893      899      18      919      9
901      791      3      936      15
848      818      41      875      21
860      898      1      893      4
884      879      38      925      4
841      808      22      949      4
826      840      25      878      14
863      871      31      846      3
904      848      1      888      14
38      44      818      864      28
58      69      835      917      6
891      822      4      892      21
896      875      10      872      21
876      814      27      924      9
865      836      4      840      23
830      822      35      829      25
846      906      2      882      9
894      876      24      828      17
42      62      759      880      33
826      812      23      850      26
82      68      829      838      5
876      841      3      873      14
507      514      328      874      47
902      911      10      919      23
885      848      6      876      32
849      920      1      880      2
858      838      34      931      9
850      914      43      894      5
864      874      3      857      40
85      81      762      885      28
819      775      6      919      14
534      529      288      811      93
842      796      15      806      67
807      829      47      909      3
440      465      451      818      8
853      905      6      892      21
101      102      758      802      105
806      836      5      806      64
800      834      36      858      16
874      889      3      862      16
857      843      14      875      2
847      777      63      851      26
832      857      26      936      4
797      809      52      877      16
903      849      10      869      26
846      809      21      840      32
854      888      51      933      1
803      784      63      864      5
863      905      36      869      9
828      837      4      825      69
851      833      4      895      20
92      93      794      872      0
520      513      370      857      22
42      35      811      903      10
813      890      5      894      25
761      740      81      842      37
76      67      785      868      26
836      846      23      816      33
818      839      32      826      38
861      877      8      861      53
77      80      9      85      835
72      71      782      868      43
825      840      17      855      27
842      851      27      905      3
897      871      3      843      2
47      41      19      72      804
888      839      62      899      4
552      537      367      869      7
840      862      21      897      6
49      51      822      859      18
11      12      871      843      3
874      844      13      896      13
841      815      21      814      24
92      87      794      854      3
814      833      38      890      35
824      821      1      871      37
86      62      736      864      35
879      912      4      944      6
863      816      23      810      37
812      829      24      875      19
879      893      8      889      2
885      836      39      871      2
912      899      5      911      3
65      66      786      892      38
921      892      1      883      2
849      770      66      910      23
905      873      2      919      2
845      832      29      845      11
879      884      65      845      19
799      848      50      898      5
782      791      55      860      7
896      920      1      913      9
746      800      109      887      6
63      71      771      859      27
852      953      8      905      6
832      834      2      859      51
517      510      349      926      5
880      916      7      932      6
851      870      14      881      38
855      893      22      910      13
841      825      35      930      2
477      476      399      876      10
87      80      809      847      18
92      92      759      912      16
813      808      86      915      9
3      0      925      892      28
844      811      47      883      5
885      846      22      869      14
834      838      9      863      34
866      897      8      907      23
858      884      8      859      12
66      73      807      834      81
847      849      42      852      6
922      839      3      929      2
831      873      26      908      20
753      818      78      892      2
888      884      13      852      2
936      904      4      833      26
872      817      55      905      5
819      859      0      901      25
97      91      829      900      9
821      816      43      880      6
865      855      22      825      30
835      808      34      858      23
829      877      44      905      3
820      793      10      785      91
42      34      829      895      2
859      886      7      950      22
821      822      21      825      47
50      59      826      904      6
815      823      43      896      14
886      917      4      909      1
68      68      778      823      46
871      807      30      976      0
914      934      2      918      4
433      467      415      925      2
896      904      7      875      7
67      77      804      881      3
856      882      69      863      3
891      850      33      911      7
888      912      5      876      20
77      63      810      885      7
929      923      1      911      3
94      79      824      894      4
111      87      797      904      4
53      51      853      807      30
