2035      1923      984      2979      35
2791      2777      40      2943      22
2722      2751      117      2863      119
2825      2797      83      2895      8
2977      2877      11      3035      11
2827      2776      71      2814      38
2891      2882      30      2939      31
257      258      2631      2837      79
2821      2835      57      2983      48
2724      2761      139      2833      63
2720      2813      43      2702      103
2826      2779      55      2870      64
1453      1399      1410      2894      12
2858      2848      57      2925      24
2556      2559      61      2546      295
2806      2682      110      2814      85
2795      2879      69      2985      41
272      258      2592      2894      121
2907      2926      50      2891      13
2802      2839      15      2937      41
2905      2944      17      2865      36
2689      2793      82      2777      106
2729      2680      112      2872      35
2684      2784      155      2779      35
2835      2825      59      2950      8
2823      2852      11      2880      33
2553      2543      237      2785      135
297      282      2590      2814      68
1403      1329      1498      2823      87
2903      2890      11      2800      29
2862      2708      108      2930      40
2707      2826      120      2808      73
2863      2795      97      2888      21
2854      2983      27      2910      44
2930      2843      8      3014      7
2821      2853      25      2870      90
2733      2780      105      2797      113
2663      2761      176      2854      63
2756      2703      55      2868      116
279      287      2475      2802      143
2909      2760      28      2861      71
2991      2920      17      2816      7
2948      3002      11      2987      7
2871      2804      62      2907      8
2746      2778      37      2955      93
1455      1444      1399      2857      110
2928      2741      58      2735      120
1955      1933      999      2970      7
2873      2895      39      2875      17
2607      2715      212      2848      37
239      223      17      281      2715
2766      2707      9      2722      161
2898      2975      47      2902      13
2906      2910      16      2843      7
2655      2685      191      2874      30
2780      2916      69      2840      76
2778      2820      86      2867      5
2843      2902      88      2909      8
2772      2820      143      3017      10
1711      1752      1146      2858      12
2848      2892      104      2936      19
2687      2663      121      2925      73
2617      2667      261      2830      44
2772      2772      58      2965      33
2673      2620      192      2857      11
2702      2730      14      2745      163
1298      1380      1518      2819      13
2829      2806      52      2921      12
2854      2904      33      2927      5
2883      2876      23      2890      26
1335      1415      1385      2673      153
2764      2866      98      2838      5
2740      2746      102      2980      44
2890      2914      69      2960      8
2805      2898      33      2738      75
2725      2836      101      2829      77
2754      2809      107      2976      13
2006      2053      894      2913      16
2700      2726      105      2829      126
2828      2895      93      2834      7
2884      2897      21      2937      11
2912      2752      101      2930      27
1678      1652      1181      2952      19
2966      2884      50      2892      9
2789      2952      76      2995      26
2873      2901      35      2864      21
2819      2885      40      2844      44
212      206      2606      2678      153
2797      2850      12      2814      46
2804      2922      16      2862      11
2904      2817      54      2939      48
2831      2823      53      2915      19
1994      2084      938      2958      9
1364      1402      1383      2732      143
2770      2750      64      2883      110
2767      2788      84      2724      59
2804      2827      43      2933      6
2640      2546      279      2953      48
2927      2793      36      2879      6
2782      2818      130      2917      10
1376      1397      1492      2785      37
2899      2930      26      2862      10
2830      2936      75      2975      17
2748      2797      103      2852      54
1435      1336      1386      2766      85
1671      1680      792      2456      388
2828      2831      54      2912      20
3008      2845      6      2898      8
2882      2753      35      2913      11
2768      2802      99      2910      20
284      265      2373      2559      336
249      268      2743      2888      16
2888      2797      80      2773      43
130      149      2766      2914      22
2879      2924      23      2890      11
2783      2830      60      2854      74
2791      2897      71      2855      59
2923      2790      15      2883      20
2750      2772      14      2834      128
1710      1700      1141      2817      98
2891      2915      51      2866      4
223      228      2387      2683      283
2823      2770      56      2978      23
2874      2782      19      2936      59
206      166      1821      1978      897
2884      2867      4      2961      9
2567      2574      212      2869      111
2807      2879      80      2927      20
2766      2766      71      2842      107
2028      1964      885      2852      71
2778      2757      124      2959      7
2804      2859      95      3007      30
2824      2836      51      2851      46
2832      2932      44      2847      19
2829      2711      78      2901      87
2698      2645      213      2882      42
15      14      2894      2885      67
2715      2815      24      2798      98
2780      2807      57      2944      54
2944      2791      8      2851      54
2860      2850      16      2815      88
2812      2842      70      2882      28
2746      2804      9      2904      24
1934      1981      974      2847      24
2958      2954      3      2917      10
2441      2539      370      2936      51
2651      2690      205      2861      19
1189      1224      1638      2820      37
2777      2805      36      2841      135
2754      2734      209      2842      9
2808      2857      54      2873      4
2873      2774      14      2776      49
2743      2703      69      2940      72
1902      1919      1021      2899      12
2894      2855      69      2826      37
181      187      2722      2944      25
1381      1436      1484      2917      31
2837      2932      69      2883      17
2882      2868      17      2944      2
2833      2812      37      2964      9
2873      2930      32      2945      6
2874      2881      58      2956      33
2733      2740      148      3024      12
2951      2883      8      2923      18
2746      2722      100      2906      66
2758      2735      59      2847      102
2753      2922      26      2905      8
2943      2905      17      3042      8
2896      2849      40      2950      64
1348      1390      1587      2854      40
2914      2869      8      2829      38
2866      2859      51      2898      28
2835      2764      129      2873      6
2866      2822      64      2929      8
128      144      2765      2884      54
2793      2878      65      2830      72
2791      2863      23      2929      70
2551      2590      182      2772      79
2798      2880      37      2944      52
2889      2879      23      2913      27
2903      2922      14      2885      9
1396      1394      1146      2628      442
2905      2877      27      2898      12
2730      2708      80      2900      86
2858      2774      30      2922      80
2873      2812      31      2715      89
2769      2755      66      2876      66
2735      2804      69      2892      20
2847      2885      38      2956      30
2783      2828      28      2880      100
124      143      2746      2932      25
2848      2801      65      2843      6
2877      2883      37      2855      21
2866      2919      68      2871      26
2848      2762      96      2943      43
1422      1373      1489      2899      12
163      167      2732      2848      11
78      65      2795      2937      23
1800      1888      875      2887      76
2691      2740      187      2934      18
289      276      2625      2889      21
2850      2946      24      2878      9
2893      2984      18      2928      8
1987      2034      932      2890      11
2909      2844      19      2898      44
2906      2850      65      2849      7
310      264      2696      2984      30
129      129      2719      2993      15
2730      2773      75      2823      123
1420      1456      1463      3006      17
2887      2718      8      2825      56
1688      1730      1177      2912      8
2719      2692      78      2941      98
2887      2871      58      2881      7
2801      2885      52      2956      27
1717      1607      310      2038      849
2782      2757      75      2919      54
216      188      2661      2812      67
2894      2880      17      2985      19
2689      2704      187      2978      9
2774      2817      21      2883      72
269      274      2653      2976      9
163      165      2640      2763      151
2885      2903      33      2990      17
243      287      2711      2881      23
2940      2887      7      2975      32
1363      1401      1213      2653      316
2695      2768      115      2905      20
195      193      2661      2890      51
1688      1717      47      1724      1213
2769      2840      22      2774      80
2881      2841      40      2962      14
2866      2767      121      2949      38
2708      2644      186      2880      46
2893      2897      19      2885      7
2813      2787      7      2824      70
2721      2818      94      2889      112
2696      2695      202      2946      8
2744      2778      93      2803      38
2816      2802      7      2859      49
229      200      2748      2931      37
1404      1409      1403      2838      82
2856      2744      11      3069      13
2852      2989      11      2946      21
2889      2772      48      2833      113
2904      2851      29      2903      20
2915      2957      26      2979      11
2712      2726      209      2875      22
2871      2792      29      2830      20
2849      2875      93      2838      27
257      247      2555      2882      87
2871      2789      26      2845      53
2877      2797      95      2753      68
2784      2694      160      2953      31
2829      2815      50      2726      130
2792      2822      135      2868      15
2762      2857      97      2847      7
2803      2907      46      3038      5
2829      2838      21      2918      38
2887      2991      21      2825      8
2748      2675      119      3004      77
2824      2846      32      2791      39
2754      2738      104      2935      29
2804      2976      23      2926      30
2839      2779      16      2815      66
2773      2966      28      2906      49
2765      2854      82      2839      67
2583      2641      292      2904      46
2866      2798      10      2817      86
2903      2919      33      2945      8
2931      2889      18      2958      9
2798      2882      31      2913      60
1559      1575      1333      2901      35
219      239      2696      2860      13
1745      1762      985      2760      182
1969      1998      838      2780      98
2811      2808      52      2894      28
2819      2897      20      2812      68
2652      2708      172      2899      4
2871      2892      71      2867      5
2839      2808      42      2917      51
1920      1880      1032      2866      10
2838      2831      81      2855      55
1384      1371      1506      2863      51
1722      1720      1138      2854      50
2674      2732      222      2879      47
276      251      2601      2868      42
1386      1440      1422      2801      22
65      94      2905      2898      31
2930      2835      26      2916      57
2721      2664      192      2917      23
2725      2821      80      2901      53
2859      2905      11      2907      25
2687      2712      103      2762      87
1738      1739      1183      2928      36
2786      2810      53      2844      14
2948      2908      10      2944      46
2803      2892      33      2939      41
256      232      2562      2801      170
2771      2823      126      2970      37
2762      2772      163      2935      48
2723      2801      137      3006      11
2978      2889      29      3009      32
1472      1443      1538      2845      10
2752      2835      146      3011      6
2881      2912      20      2875      49
279      273      2705      2920      14
2810      2862      29      2902      23
260      275      2436      2836      197
2790      2705      59      2831      61
2861      2851      32      2906      48
2866      2883      46      2859      14
1401      1361      1511      2910      30
2767      2695      127      2905      45
2593      2553      294      2890      37
2823      2947      28      2914      46
276      284      2626      2905      28
2943      2870      27      2828      51
2576      2744      139      2945      53
2883      2840      73      2932      14
1696      1781      1237      2917      15
2934      2937      13      2860      17
2800      2779      38      2805      88
2845      2838      19      2933      26
2686      2773      136      2774      97
2635      2763      25      2803      174
2901      2921      25      2877      53
2942      2942      10      2936      39
2009      1991      900      3003      29
1745      1764      1064      2793      112
2785      2835      19      2971      37
2905      2847      29      2914      20
2835      2845      19      2943      17
2755      2876      49      2995      26
2650      2624      150      2760      120
2824      2855      30      2860      107
2773      2903      12      2918      11
2891      2924      25      2921      20
255      268      2606      2927      15
2749      2783      104      2889      72
2840      2892      8      2993      24
2942      2898      5      2998      6
2807      2750      138      2946      21
2656      2658      235      2954      15
2742      2781      65      2897      50
2762      2733      133      2832      29
2773      2857      29      2782      124
2874      2814      45      2910      27
2764      2702      117      2783      93
2917      2829      45      2931      42
2938      2896      7      2842      59
2733      2848      47      3014      12
2892      2822      42      2891      31
2854      2884      10      2948      8
2701      2672      33      2743      173
2671      2662      91      2837      105
2790      2750      104      2816      62
1269      1195      1782      2952      9
2924      2928      10      3019      13
2820      2968      15      3007      16
2940      2804      10      2974      50
194      193      2721      2922      68
2942      2832      24      2954      11
2849      2747      19      2835      129
2870      2947      24      3009      13
1651      1702      1147      2994      47
2852      2797      68      2807      49
2853      2804      135      2905      24
2667      2921      106      2830      83
2946      2880      9      2898      8
2857      2871      8      2880      20
2738      2788      188      2960      18
1511      1495      1338      2687      172
2839      2786      27      2924      48
2794      2876      101      2821      74
2842      2850      69      2792      43
2823      2710      169      2899      21
2740      2715      42      2861      65
1679      1766      1267      3042      7
2827      2882      43      3011      9
2941      2834      46      2865      77
293      292      2658      3003      5
2772      2775      39      2842      106
2912      2909      8      2943      38
2640      2703      148      2921      53
2632      2530      216      2845      126
299      292      2595      2845      82
2731      2801      133      2927      28
2816      2840      142      2957      6
282      241      2642      2840      17
233      214      2572      2775      164
2827      2797      59      2836      16
2057      1990      872      2917      38
2731      2747      46      2716      137
2888      2810      47      2870      58
2752      2802      122      2879      34
2762      2802      33      2695      123
2735      2678      236      2917      5
2846      2782      86      2822      29
2009      2056      859      2876      81
2836      2899      5      2943      29
2818      2816      97      2850      9
2822      2847      52      3015      20
1738      1734      1223      2901      59
2791      2842      32      2906      50
2795      2812      63      3001      8
1478      1430      1367      2779      112
1417      1436      1476      2930      94
2802      2810      84      2947      54
1386      1333      1428      2875      74
2672      2711      87      2785      109
2892      2830      76      2898      19
2869      2846      13      2980      12
2900      2832      80      2861      14
2972      2916      6      2829      35
2854      2769      82      2913      32
2788      2748      71      2956      15
1948      1977      849      2766      156
2782      2812      11      2886      78
2802      2916      20      2944      17
1742      1765      1130      2773      47
2812      2880      60      2955      11
2735      2789      74      2900      36
2910      2746      79      2864      8
2712      2813      72      2841      65
2774      2810      10      2788      74
305      278      2658      2978      6
281      248      2540      2811      86
2917      2831      14      2985      22
214      231      2633      2959      15
2744      2875      31      2777      59
2781      2719      45      2848      129
2654      2535      240      2911      5
2808      2951      15      2978      17
302      287      2468      2774      201
225      225      2704      2873      84
2772      2777      84      2932      6
2735      2733      56      2740      171
2855      2880      12      2876      77
2832      2802      68      2892      8
2902      2788      45      2911      50
2851      2825      57      2852      8
2818      2739      33      2906      97
2857      2772      95      2995      4
2984      2894      10      2908      8
2759      2861      9      2753      123
2907      2918      64      2911      19
2740      2793      49      2842      73
254      237      2544      2876      44
218      221      2763      2885      42
2687      2737      113      2855      97
2869      2848      70      2975      32
2769      2676      202      2933      24
2846      2856      85      2836      12
2734      2804      139      2964      8
2846      2729      144      2885      25
2869      2895      47      2858      5
2777      2725      66      2946      97
2982      2849      22      2967      14
2813      2809      63      2981      11
1455      1479      1453      2860      9
1951      1997      926      2786      61
2789      2714      222      2943      30
1456      1458      1494      2908      34
2782      2896      100      2807      22
2053      1974      886      2841      29
2906      2898      39      2874      24
2747      2906      91      2917      26
275      282      2612      2962      61
2808      2882      66      3011      25
2791      2840      18      2771      98
2890      2924      8      2959      34
255      253      2613      2954      39
1722      1598      1321      2912      10
2838      2840      23      2767      65
2761      2701      85      2953      90
2743      2683      207      2832      17
2673      2746      230      2845      55
2865      2904      62      2978      20
2859      2843      11      2803      66
1894      1993      844      2716      147
2811      2693      155      2892      2
2689      2664      153      2879      69
2834      2884      37      2917      33
2790      2798      43      2804      83
2908      2859      88      2859      27
2643      2735      208      3050      42
198      186      2586      2769      131
2807      2950      25      2854      59
2816      2735      154      2886      11
2718      2783      124      2898      63
258      284      2496      2831      111
2590      2683      84      2668      204
2917      2887      8      3002      32
1711      1617      991      2585      293
2669      2721      180      2951      8
2830      2709      124      2896      43
2790      2798      48      2690      83
2855      2707      166      2925      9
2767      2805      9      2707      82
2761      2836      126      2921      8
3016      2957      5      3082      8
271      271      2559      2863      53
1401      1412      1359      2702      107
269      286      2653      3010      68
2810      2837      24      2751      161
2010      1849      985      2933      28
2970      2984      6      2962      27
2849      2778      33      2838      77
1686      1717      1249      2989      19
2892      2901      33      2907      22
2693      2751      109      2789      59
2845      2901      21      2853      5
2860      2823      13      2863      77
2840      2990      18      2958      8
275      258      2583      2916      26
2869      2837      44      2895      75
2770      2749      34      2839      101
2834      2767      190      2916      10
2765      2784      14      2841      74
2904      2870      17      2859      96
285      262      2630      2848      33
2822      2834      72      2889      64
2764      2829      130      2853      17
2789      2765      161      2998      5
1983      2044      844      2981      50
2870      2799      45      2926      22
2869      2928      13      2857      36
2988      2945      16      2857      5
2911      2931      18      2814      25
2821      2891      34      2903      36
2829      2814      46      2778      122
2820      2885      17      3065      34
2907      2826      33      2887      77
2734      2686      260      2864      20
2860      2788      46      2809      72
2796      2804      142      2955      8
2808      2901      6      2912      10
2877      2883      51      2955      43
211      222      2533      2651      173
1352      1397      1506      2893      59
2838      2860      16      2955      38
2776      2824      15      2824      85
2672      2567      200      2825      82
2759      2724      85      2706      125
2711      2957      36      2832      12
2763      2800      100      2924      33
1376      1427      1473      2876      77
2935      2892      24      2824      42
2870      2876      6      2889      11
1343      1333      1581      2887      9
2817      2738      59      2927      32
2002      1977      883      2883      82
269      280      2518      2829      100
2653      2699      174      2889      48
2824      2785      56      2858      106
2722      2771      134      2945      14
2774      2791      91      2974      12
2864      2853      44      2924      11
2785      2843      95      2899      41
2915      2811      17      2860      65
2967      2878      6      2853      22
2848      2847      9      2842      64
2742      2710      50      2854      110
1730      1709      1158      2857      72
2958      2841      9      2990      28
2700      2726      138      2973      8
270      277      2656      2836      20
2795      2723      148      2883      94
2544      2503      316      2853      117
2802      2813      90      2926      13
2838      2772      20      2810      145
2812      2702      78      2894      32
2867      2866      79      2885      10
2772      2813      71      2880      12
1279      1176      1558      2847      52
2798      2802      42      2879      55
1986      2023      793      2809      113
2787      2801      25      2790      116
2867      2768      21      2917      41
1697      1712      1222      2956      11
2811      2779      111      2824      33
2673      2778      131      2766      61
1359      1388      1425      2838      98
2779      2943      54      2918      17
2067      2052      870      2942      5
2751      2863      89      3043      12
1709      1695      1165      2885      68
2730      2625      103      2817      111
2782      2773      116      2940      27
108      118      2759      2739      55
1921      1921      886      2933      41
131      121      2884      3064      10
2785      2765      162      2848      36
2850      2891      74      2876      30
1987      2056      913      2915      18
2744      2798      132      3008      12
2592      2662      260      2934      21
2031      1985      915      2974      10
2792      2915      24      2861      61
2804      2658      184      2901      25
2839      2987      41      3012      9
2808      2798      15      2818      35
2885      2813      15      2886      50
2797      2825      93      2950      18
2757      2843      29      2863      69
2821      2859      130      2849      40
2603      2632      358      2862      4
253      266      2697      2916      11
2863      2882      51      3090      22
2822      2817      11      2792      71
2827      2758      57      2934      66
1399      1362      1585      2859      45
1691      1685      1156      2850      88
1716      1711      1154      2911      4
1737      1742      1174      2907      36
2872      2895      27      2962      4
2060      1991      884      2848      12
2759      2756      86      2848      170
2936      2875      6      2953      12
2766      2909      32      2819      10
2805      2747      33      2800      78
2820      2977      6      3043      12
2815      2850      22      2901      27
2888      2772      55      2834      45
2975      2826      13      2842      65
2784      2776      61      2854      71
2725      2686      121      2867      99
1333      1470      1305      2725      172
2761      2837      38      2968      6
2791      2808      119      2924      10
2897      2864      42      2812      6
2631      2699      264      2887      46
244      272      2535      2808      151
2783      2864      7      2805      96
2812      2731      91      2924      24
2955      2875      9      2845      15
2709      2759      82      2818      111
2874      2788      16      2827      73
2721      2705      151      2782      97
221      218      2644      2899      107
2816      2824      89      2844      39
2876      2883      17      2915      28
2804      2830      77      2892      47
2866      2879      25      2994      6
2739      2783      78      2894      116
2826      2681      157      2856      8
2846      2791      112      2986      40
2707      2746      91      2808      25
1718      1711      1238      2834      7
204      179      2754      2875      35
2754      2819      136      2951      49
2862      2957      51      2880      25
2821      2903      59      2869      22
210      209      2655      2934      34
2785      2826      7      2790      129
2806      2748      108      2848      30
2740      2659      150      2950      62
2618      2555      274      2891      74
2931      2859      16      2846      22
2796      2754      111      2859      12
2797      2789      49      2817      143
2819      2682      119      2908      21
2701      2788      162      2958      8
116      116      1578      1727      1204
2995      2929      19      2911      7
2738      2916      38      2847      7
2819      2794      100      2822      14
2676      2683      166      2911      74
263      292      2595      2879      25
2855      2862      49      2814      51
248      216      2716      2895      43
2848      2781      100      2943      12
2913      2880      29      2876      21
2789      2779      109      2910      37
2828      2857      8      3003      14
2796      2812      6      2695      162
2814      2777      88      2955      8
1903      1903      905      2854      94
2890      2860      19      3013      8
2910      2995      19      2907      5
2720      2677      107      2867      85
2697      2772      82      2908      60
2853      2819      45      2894      62
2647      2788      253      2886      31
2950      2934      27      2938      19
2890      2804      47      2856      6
2855      2915      32      2890      40
2895      2841      37      2917      10
1453      1443      1475      2867      47
2855      2791      57      2963      17
2862      2816      9      2897      46
2803      2817      48      2914      26
2693      2648      249      2991      6
2928      2949      62      2918      27
2919      2804      52      2854      52
2916      2817      66      2856      28
1331      1251      1690      2937      16
2849      2839      111      2943      7
1368      1292      251      1640      1264
2909      2879      9      2905      20
2047      2069      863      2898      55
2962      2883      13      2994      17
2749      2792      69      2922      58
1724      1715      1241      2907      10
2811      2902      40      2988      4
1613      1575      1245      2882      65
2961      2919      31      2945      23
2785      2725      185      2934      26
2887      2817      72      2943      23
282      262      2349      2604      239
2784      2955      35      2932      19
2897      2814      33      2950      43
2850      2851      40      2895      36
2847      2814      29      2802      23
2961      2900      18      2939      12
305      254      2548      2936      31
2784      2731      128      2969      11
2857      2954      78      2949      14
224      214      2588      2781      50
284      271      2725      3006      10
2818      2788      22      2756      123
2947      2892      10      2906      35
1425      1397      1517      2936      22
2785      2779      100      2829      36
2830      2871      8      2778      78
2722      2856      53      2968      14
2726      2702      154      2953      8
2810      2827      99      2970      17
2758      2574      196      2920      15
2894      2755      8      2809      111
257      233      2658      2885      16
300      274      2586      2886      60
2856      2835      54      2865      85
2836      2807      79      2990      19
2880      2761      104      2929      18
2888      2970      17      2841      37
2725      2805      79      2735      145
2915      3027      12      2916      32
2899      2898      23      2973      36
173      163      2697      2766      69
2804      2743      42      2834      106
2689      2746      66      2906      91
2901      2787      72      2825      54
2847      2836      40      2901      55
2919      2838      10      2963      13
2889      2730      51      2948      19
2721      2737      124      2923      28
2881      2960      37      2837      41
2877      2823      27      2876      87
1995      1901      927      2911      63
1158      1158      1683      2849      48
2877      2856      87      2899      30
1739      1713      1148      2988      25
2923      2816      119      2771      77
2905      2833      19      2928      12
2726      2830      38      2888      67
3043      2902      10      2870      24
179      159      2724      2831      21
2727      2793      48      2857      45
1882      1987      970      2878      42
2979      2932      9      2916      6
1712      1765      1150      2833      90
2904      2838      20      2765      87
2775      2723      33      2892      45
235      228      2448      2663      202
2903      2910      17      2939      20
2894      2819      36      2943      7
2929      2870      7      2819      49
2940      2926      27      2990      13
2976      2923      20      2912      6
2837      2764      35      2947      72
245      220      2563      2931      41
2832      2801      66      2906      33
2784      2838      37      2882      14
2713      2860      19      2900      41
2904      2833      60      2875      15
2885      2828      18      2984      8
2700      2686      164      2790      52
2734      2690      219      2822      33
2905      3043      7      2943      7
2735      2741      87      2912      65
2866      2798      114      2839      14
2828      2834      91      3001      6
2854      2849      73      2887      8
2892      2809      9      2850      43
285      290      2507      2836      74
2834      2917      30      2881      7
2881      2951      7      2854      62
2772      2816      35      2822      64
247      307      14      274      2630
2733      2783      184      2875      10
2756      2843      88      2897      72
2865      2864      18      2845      36
2930      2907      36      2885      35
2725      2808      130      2910      24
2796      2870      61      2952      35
255      243      2637      2791      33
2678      2699      38      2730      157
1962      2030      909      2886      24
187      193      2719      2970      19
2903      2858      17      2983      24
2839      2751      30      2866      31
2051      2076      875      2878      81
1412      1459      1447      2965      23
2760      2799      115      2855      54
2875      2823      15      2835      88
2760      2798      83      2958      15
2634      2686      314      2886      14
2812      2823      59      2884      49
2713      2570      50      2698      188
1655      1773      1245      2875      54
2758      2787      151      2860      39
2869      2944      36      2925      7
2811      2891      48      2897      9
2715      2737      138      2817      91
1383      1443      350      1808      1124
2050      1966      31      2015      908
2666      2688      218      2825      14
250      228      1413      1698      1310
180      146      2814      2825      28
2545      2487      216      2790      121
2842      2819      43      2965      9
2545      2552      346      2843      28
2874      2827      36      2866      73
208      218      2681      2838      83
2795      2711      97      2826      83
2956      2831      10      2794      34
1300      1321      1435      2814      193
2641      2724      13      2692      148
2742      2706      26      2775      148
2729      2613      127      2812      75
2793      2747      50      2757      141
2767      2787      105      2872      21
278      277      2649      2862      62
2770      2883      97      2959      15
1475      1473      1466      2959      14
2813      2896      85      2925      9
1986      1992      906      2985      33
2582      2657      307      2877      53
1429      1396      1453      2898      93
1679      1703      1195      2777      129
2700      2673      36      2867      105
2804      2867      69      2863      21
2977      2930      11      2898      40
2890      2949      69      2825      8
2736      2853      61      2829      7
310      288      2553      2821      139
2902      2846      11      2872      18
2876      2938      25      2986      9
2807      2781      61      2865      31
1792      1703      1186      2915      10
3017      2955      17      2966      10
2845      2790      103      2866      8
2725      2714      50      2899      73
2815      2911      44      2898      23
2704      2626      203      2825      45
194      178      2686      2751      81
2769      2721      2      2858      49
2704      2798      87      2878      21
2934      2986      19      2946      17
2066      1915      906      2820      34
2860      2809      63      2888      25
2727      2630      229      2897      69
2887      2758      133      2901      44
2822      2952      36      2961      13
2886      2723      110      2963      6
2769      2828      32      2817      82
1605      1539      1370      2982      32
2720      2732      219      2879      45
1661      1737      1133      2861      89
270      285      2657      2926      8
2856      2895      27      2867      35
2860      2788      108      2862      18
2763      2801      126      2835      46
2665      2763      81      2917      67
2873      2778      141      2902      2
2770      2931      9      2984      44
2860      2733      20      2805      134
2885      2738      62      2773      62
2771      2759      56      2855      108
2812      2809      45      2808      74
2697      2710      20      2797      203
2845      2827      93      2879      38
2689      2747      216      2854      23
2768      2724      86      2843      16
2813      2701      73      2840      91
1380      1382      1416      2774      53
1304      1379      1612      2831      23
1331      1343      1450      2782      150
273      272      2709      2893      36
2831      2837      91      2804      44
102      83      2849      2814      71
1873      1840      1102      2810      31
2858      2844      45      2932      39
2754      2861      21      2865      64
2765      2799      84      2928      9
2803      2896      50      2903      33
1990      2114      938      2905      38
2909      2880      21      2863      48
2815      2717      90      2821      90
2873      2842      43      2954      17
40      41      2700      2755      166
2842      2849      98      2893      23
2814      2851      24      2828      62
2791      2877      41      2883      79
2886      2877      7      2895      17
1754      1777      1020      2790      178
2872      2945      20      2967      9
2869      2843      8      2845      52
2910      2903      49      2903      33
2776      2936      16      2893      37
2823      2851      26      2839      94
2769      2682      117      2876      46
1458      1438      1464      2772      130
2857      2862      31      2843      50
2707      2846      39      2896      61
1915      2024      868      2918      18
2706      2862      112      2900      8
2700      2690      148      2836      101
257      259      2805      2833      17
2804      2775      193      2985      32
2727      2906      53      3027      8
2843      2827      58      2883      12
2867      2877      49      3022      14
2743      2702      26      2751      134
2604      2742      95      2904      94
2795      2816      174      2999      20
2748      2770      109      2937      7
2847      2795      19      2830      119
81      74      187      263      2725
2782      2873      30      2901      44
2873      2932      14      2903      19
2869      2926      7      2894      15
2707      2631      83      2769      192
1695      1643      952      2715      265
2892      2944      8      2910      64
2833      2834      13      2837      53
2844      2843      34      2886      83
2864      2888      8      2944      42
1734      1710      1077      2832      124
2816      2855      14      2928      33
2071      2013      926      2932      8
1433      1463      1416      2990      87
2904      2878      34      2900      17
2851      2891      51      2927      22
2601      2582      326      2887      74
2786      2790      159      2940      36
1722      1729      1195      2903      34
2777      2831      15      2947      70
2746      2725      21      2829      112
2472      2454      314      2857      78
2755      2891      88      2912      49
2938      2908      31      3005      6
2888      2797      81      2961      9
1403      1294      1516      2842      49
2824      2778      147      2960      22
1720      1665      1163      2801      68
2817      2867      54      2923      6
213      254      2598      2848      84
269      275      2655      2714      69
2068      2095      901      2907      11
2927      2897      54      2851      38
2866      2836      136      2910      12
2761      2690      101      2916      60
2926      2881      16      2904      33
2756      2769      8      2887      80
2839      2855      36      3044      17
2809      2897      107      2896      20
2763      2746      211      2868      27
2800      2766      4      2811      105
2952      2969      25      2959      15
2845      2755      108      2804      89
2737      2758      95      2823      110
2875      2840      61      2941      22
282      263      2473      2799      214
2752      2819      122      2821      47
2849      3056      8      2922      25
2743      2828      171      2925      6
2928      2845      49      2894      23
2749      2685      115      2771      123
1708      1701      1160      2815      100
2719      2754      212      2887      35
2900      2999      5      2893      38
2832      2866      10      2841      126
2847      2767      38      2935      29
2886      2837      23      2941      45
2727      2738      134      2964      29
2552      2665      309      2925      50
2940      2831      49      2827      38
310      266      2636      2908      21
180      213      2496      2722      276
2864      2767      69      2914      7
2879      2915      6      2928      10
2723      2791      47      2778      154
2918      2755      38      2813      71
2684      2680      203      2882      63
1778      1786      1144      2814      90
2750      2766      39      2971      46
2846      2940      39      2921      30
