942      958      1095      2113      26
2094      1980      42      2023      43
2025      1943      51      2118      41
1925      1943      63      2043      103
2007      2115      11      2158      4
1972      2101      30      2043      16
2002      2013      84      2059      45
1738      1802      319      2023      14
2047      2019      6      2051      51
1705      1693      385      2163      8
2049      2116      10      2143      4
2014      2071      1      2025      69
173      152      1918      1990      27
2044      1965      23      2004      85
161      145      49      189      1886
2119      2102      6      2090      25
1077      1182      860      2012      68
2060      2014      51      2094      18
2033      2063      21      2039      44
1981      2040      51      2129      5
2041      2044      46      2030      33
2063      2062      40      2076      24
2040      2071      4      2051      44
1967      2011      68      2051      45
2055      2179      48      2032      3
137      119      1854      2082      72
1987      1945      70      2068      28
2051      2071      16      1982      26
2092      2183      14      2128      13
1990      2116      5      2024      70
1978      1977      56      2007      53
2016      1944      87      2108      3
2022      2108      9      2141      14
1933      1959      145      2137      12
1971      2033      88      2126      12
1955      1978      155      2050      17
2041      2036      71      2078      24
2050      2007      19      2095      50
145      128      1861      2086      49
1887      1853      6      2008      144
79      59      1976      2095      47
2121      2074      9      2085      9
128      163      1882      2098      20
2058      2012      36      2119      4
1947      1953      87      2061      64
2079      2017      20      2073      42
1867      1919      143      2146      20
2046      2045      63      2053      25
1998      1929      71      2060      62
2098      2012      35      2093      40
923      1009      1116      2099      5
2046      2171      7      2145      13
2034      2090      37      2149      4
2098      2079      27      2072      9
2000      2110      28      2012      59
107      129      1802      1833      207
2111      2008      67      2104      14
2022      2004      5      2039      44
2090      2051      8      2129      15
1871      1940      50      1969      132
1990      2052      55      2021      16
2013      2000      62      2015      34
2024      1968      46      2008      74
1946      1958      103      2019      17
2018      2017      9      2089      23
2105      2051      39      2102      4
2090      2017      30      2094      26
2073      2074      10      2078      28
1020      1000      1122      2057      10
147      163      1921      2036      38
2129      2038      44      2130      10
2033      2115      9      2019      32
2075      1995      51      2139      27
10      7      2103      2164      8
175      186      1955      2049      25
1990      2033      32      1999      84
2012      2022      76      2018      13
2015      2053      21      2072      14
1951      2005      68      2094      51
143      158      1907      2149      14
2010      2042      45      2073      5
2044      2041      17      2075      4
1985      1933      53      2080      16
1849      1816      230      1988      21
2085      1972      54      2034      3
2058      2044      13      2089      23
2025      2047      37      2059      46
2156      2051      15      2079      11
161      155      1927      2099      3
973      958      1004      2028      43
1848      1869      170      2050      88
2004      1980      79      2073      27
1994      2078      27      2012      29
2009      1850      55      2016      29
137      140      1958      2065      29
2047      1990      27      2080      34
934      940      1097      2139      42
2085      2031      43      1988      21
2096      2093      18      2115      9
2083      2045      10      2172      27
2072      2091      55      2022      15
2050      1921      64      2081      28
184      168      1887      2046      93
2019      1982      38      2025      71
1885      1952      109      2018      42
1955      1940      158      2094      31
2049      2044      19      2024      74
2007      2056      42      2061      39
2020      1986      86      2059      10
2060      2034      26      2018      17
1994      2075      34      2118      23
2050      2056      26      2070      21
180      153      1758      1983      171
2019      2062      28      2046      20
2026      2006      6      2056      44
2007      2062      61      2145      8
98      127      1811      2022      81
189      168      1924      2013      31
197      165      1967      2008      8
185      190      1841      2054      13
2019      1977      97      2030      25
2059      2024      29      2077      16
1111      1090      950      2066      8
75      84      1892      2008      57
2010      2081      17      2067      17
1876      1816      156      2042      100
2121      2039      11      2030      23
1994      1915      111      2042      36
2081      2054      4      2097      33
2035      2074      25      2137      19
2028      2051      15      2083      58
2056      1969      56      2142      8
113      131      2019      2106      19
2064      2027      13      2051      38
1793      1778      308      2040      27
1926      2004      121      2105      4
1933      1808      76      1997      142
2002      1995      66      2138      16
1921      2042      46      2102      44
2050      2010      37      2094      19
1004      988      1095      2058      48
2024      1980      55      2126      20
2063      2101      27      2079      5
1908      1859      160      2074      59
2011      2055      44      2118      47
2041      2034      24      1961      74
1980      1996      43      2059      86
2002      1998      62      2083      19
2102      2007      19      2008      7
2036      2074      21      2160      6
1965      2113      57      2071      23
140      148      1941      2138      12
2029      2060      13      2119      35
151      166      1935      2064      27
9      8      2095      2111      7
1285      1403      36      1404      688
1961      1984      66      2102      30
2049      2016      13      2119      22
1988      1967      38      2101      5
1026      1022      1028      2095      13
2031      2021      23      2154      29
1925      1936      97      2004      26
2025      1984      103      2103      6
1913      1983      56      1955      99
2030      2144      18      2092      9
2215      2072      10      2016      21
1139      1160      827      2071      74
1367      1320      641      1983      141
2005      1906      76      1984      71
2017      2007      7      2083      5
2049      1998      63      2034      25
2057      2022      38      2041      6
75      82      2036      2029      19
2077      2038      8      2046      95
1312      1283      782      2084      9
2038      2082      9      2079      8
2089      2026      50      2089      2
1124      1171      881      2086      32
2079      2141      13      2111      6
163      165      1787      2072      34
2062      2034      7      2028      62
2031      2027      56      2154      8
1977      1982      64      2071      20
2035      2038      36      2123      19
2046      2002      34      2025      36
1881      1954      165      2135      47
1980      1967      82      2187      22
1918      1997      128      2074      15
1141      1096      902      2027      23
2086      2030      33      2070      4
2043      1992      10      1913      84
201      186      1977      2126      18
1969      1935      31      1920      108
2033      2050      57      2175      7
1909      1949      42      1916      96
1961      1935      39      1997      85
1106      1071      811      1875      157
138      150      1975      2098      46
1984      2025      61      2097      43
1986      1975      22      2043      31
2086      2075      3      2087      8
1989      1941      4      1995      77
1850      1855      134      2019      59
29      14      2041      2114      40
2024      2134      13      2057      39
2042      2082      9      2010      68
188      206      710      900      1207
2102      1999      52      2106      3
1990      1988      108      2007      5
1991      1953      49      2050      45
2071      1999      62      2016      43
2090      2023      53      2118      6
2073      2033      4      2084      5
2098      2000      44      2025      30
1829      1926      248      2142      28
1943      1934      100      2021      45
2038      2088      66      2143      6
2001      1983      31      2058      24
159      163      1867      2059      27
2088      2030      29      2098      7
985      965      1051      1987      32
1013      1002      1081      1992      64
1117      1198      889      1904      63
2010      2002      54      2107      36
2027      2059      19      2057      41
1976      1884      151      2122      8
2019      1954      128      1970      12
2117      2088      22      2117      29
1940      1899      133      2038      32
1424      1301      709      2087      35
188      192      1766      1992      130
1976      1996      26      1987      121
1991      2098      24      2090      8
156      169      1861      2066      42
2028      1975      16      2204      22
2031      2036      41      2021      14
1989      2019      56      2113      17
2050      2074      42      2028      35
2018      1996      76      2137      12
2004      2026      22      2063      49
2031      2083      9      2079      71
2123      2042      30      2153      8
1992      2068      6      2136      36
2036      1960      56      2108      8
1882      1872      174      2004      45
1083      1020      955      2094      19
2117      2046      21      2028      53
1917      1880      159      2113      5
2045      2058      57      2087      16
919      1008      1109      2064      31
1955      2030      57      2092      16
2051      2082      1      2062      3
2034      2017      51      2066      49
2045      2083      7      2101      8
2012      2036      75      2127      9
1980      2021      37      1981      37
169      176      1891      2115      16
2113      2057      32      2050      5
2066      2027      4      1973      58
1212      1168      813      2057      58
159      137      1981      2127      9
1991      2033      47      2066      32
179      172      1905      2059      64
2069      2091      32      2055      19
2159      2076      5      2015      20
2002      2007      45      2070      75
1896      1964      151      2137      15
1281      1254      791      2029      3
143      135      1947      2089      8
2001      2035      23      2046      42
983      999      984      1998      105
159      163      1935      2072      4
2074      1969      46      2179      6
2003      1989      96      2123      9
2064      1958      30      2129      31
2008      2024      17      1992      30
2042      2056      37      2185      10
1306      1348      700      2007      117
2108      1988      24      2097      19
957      950      1065      2065      8
2071      2027      13      2079      20
2007      1994      100      2150      28
1967      1980      141      2144      11
186      180      1920      2124      15
191      176      1911      2088      33
970      967      1143      2061      18
1948      1963      72      2043      22
2070      1922      40      2055      31
2002      2102      12      2069      20
2071      2015      41      2070      25
2044      1989      33      2054      73
1367      1339      662      2049      35
1987      2092      48      2153      40
1961      1943      61      1884      94
169      182      1843      1925      96
2048      2057      9      2122      57
2018      1943      44      2057      59
2010      2003      6      2024      64
2003      2067      13      2032      30
1884      1853      210      2154      4
1931      1943      94      2083      10
1939      2006      3      1943      111
2123      2054      21      2081      9
2047      2083      74      2068      42
1943      1917      167      2140      10
1856      1955      129      2072      61
2104      2087      16      2043      8
155      126      1892      1985      95
1980      2056      45      2034      37
1117      1206      942      2089      34
1942      1953      34      1996      60
1161      1143      904      2044      44
169      176      1837      1971      70
2036      2016      8      1979      77
2051      2118      47      2137      38
2027      1994      15      2137      11
2022      2020      42      2126      33
192      162      1957      2031      72
2065      2034      37      2050      17
2052      1929      7      2091      84
2091      2064      10      2072      47
2044      1993      28      2044      48
2082      2029      10      2157      8
1995      1968      115      2099      5
1996      1963      74      2101      7
2071      2015      121      2027      6
2008      1940      46      1988      63
1984      2000      21      2042      57
1906      2032      28      2081      42
2063      2049      13      2099      19
1873      1861      223      2115      35
1286      1362      663      1979      61
2022      2043      31      2099      22
1964      1935      153      2113      23
2064      2026      96      2081      5
1979      2066      15      2123      44
936      1068      1007      2016      59
1984      1995      76      1979      54
1986      1957      7      1947      137
2013      2011      30      1996      54
2013      2048      17      2087      42
1205      1159      787      2011      155
2049      1963      76      2060      6
2032      2107      14      1970      34
2073      2074      40      2099      10
2033      1967      48      2011      57
1945      2038      91      2083      12
213      211      1932      2102      5
2100      2014      11      2050      56
165      188      1890      2104      26
1278      1266      750      2099      8
111      124      1786      1918      139
969      965      1068      2080      51
2021      2015      8      2061      7
2061      2157      25      2154      16
2034      2113      7      2139      10
946      934      960      1917      156
1956      1944      102      2123      6
1995      1890      82      2006      27
2085      2149      7      2106      6
2041      2076      34      2110      12
2031      2055      18      2059      11
2060      2007      2      2077      40
1976      2039      134      2070      4
1994      2042      55      1953      25
1956      2139      32      2150      11
1925      1959      76      2037      24
2055      2077      5      2033      55
2045      2013      26      2055      26
2074      2082      7      2045      33
135      129      1256      1246      780
89      83      2002      2058      17
2026      1981      23      2058      60
1939      1966      109      2084      11
2015      2137      43      2113      13
2023      2004      8      2148      6
1923      1859      166      2038      3
2044      1920      78      2057      23
2081      1942      59      2118      16
1934      1957      59      2077      19
2076      2009      70      2063      11
189      191      1869      2036      24
2038      2089      37      2090      12
2006      2066      100      2054      20
2178      2078      6      2145      17
1992      2047      28      2039      28
1935      1966      18      1959      83
1966      1999      73      2118      17
1987      2141      16      2119      15
1167      1091      901      2046      60
179      203      1861      2069      24
1905      1987      87      2075      32
1931      1968      80      2083      47
1882      1921      138      2028      52
2117      2051      6      2032      13
2002      2089      27      2172      6
2066      2095      14      1982      42
2066      1972      58      2036      10
2051      1997      61      2165      3
1944      2066      52      2066      24
136      137      1835      2063      84
1997      2044      42      2121      8
2013      1962      12      1885      140
157      182      1860      2055      28
1951      1970      127      1991      72
1202      1139      894      2068      18
1992      2064      54      2113      14
1984      2041      86      2050      16
1980      1954      110      2084      45
2014      2011      18      2072      43
1960      1950      134      2135      8
1955      2059      18      2098      52
1336      1405      729      2088      10
2071      2061      20      2070      13
2093      2085      8      2036      26
2090      2014      5      2000      73
1861      1948      42      1985      41
1739      1792      283      2067      15
2007      1997      59      2083      60
2136      2118      31      2083      18
1856      1914      92      1963      115
2017      2015      65      2090      45
1952      1895      99      2049      89
929      989      1064      2044      68
2099      1975      59      2072      70
1851      1845      208      2108      49
1978      2091      42      2089      39
2004      2036      21      2063      4
2023      2006      99      2142      19
1943      1989      22      1956      47
990      985      1078      2036      89
2042      2047      12      2036      28
1128      1174      40      1180      908
1577      1602      461      2067      39
101      109      1951      2139      12
1977      1941      107      2076      19
1304      1355      740      2104      15
2186      2106      27      2049      6
1224      1300      734      2016      17
897      962      381      1380      721
1951      2022      114      2127      5
1801      1844      211      1975      49
2057      2055      5      1940      55
1992      1931      102      2110      7
2014      1943      117      1957      9
2006      1996      85      2121      11
1905      1895      115      2083      88
2078      2047      34      2087      6
2070      2116      6      2127      23
214      178      1845      1978      12
1334      1449      601      1974      98
2023      2000      41      2066      8
2110      2009      22      2037      14
1961      2002      138      2037      15
1973      2008      90      2114      22
1953      1944      172      2055      25
2076      2032      47      2109      41
2084      2158      6      2092      14
104      132      1951      1995      41
1109      1139      928      2103      35
2027      2033      13      2023      84
167      154      1823      2016      110
161      154      1823      1967      46
2055      2074      3      2059      35
1943      1935      122      2046      70
2019      2087      34      2007      13
57      73      2028      2186      5
1996      2018      76      2022      31
2034      2052      55      2052      6
1931      2018      76      2052      22
1937      1933      111      2048      15
132      145      1923      2018      64
2000      1904      82      1993      98
174      143      1997      2073      9
1952      2061      95      2110      30
2006      2054      58      2110      18
1382      1395      662      2094      10
2093      2105      15      2109      13
2048      2081      19      2049      64
1983      1892      58      2007      106
186      197      1744      1997      109
1103      1210      815      1955      89
1356      1432      663      2115      38
1915      1912      154      2076      14
1148      1140      956      2034      24
2040      2035      28      2053      12
2017      2035      51      2079      31
1950      1992      50      2006      60
1990      2007      85      2015      21
109      93      1970      2128      24
970      976      1108      1958      82
1917      2073      108      2087      10
2054      2050      12      2052      30
1930      1902      125      2105      24
2023      2014      28      2013      29
1964      2063      72      2021      66
2013      2034      26      2005      77
2044      2056      12      2092      19
2085      2055      31      2015      48
1997      1958      7      1984      99
165      195      10      182      1920
1759      1875      95      1958      180
1946      1906      113      2082      52
115      104      2009      2135      17
2126      2052      10      2097      27
1118      1207      940      2044      6
166      166      1864      2043      19
2000      2013      45      2006      8
1966      2085      40      2055      32
1164      1209      930      2046      44
949      1037      1096      1956      47
1953      2090      56      1981      41
933      960      1136      2075      47
129      148      1949      2066      25
85      85      1968      2044      9
2106      2051      25      2123      18
166      170      1961      2078      57
151      180      1923      2087      19
2046      1972      5      2076      24
1866      1833      208      2064      17
2061      2116      16      2122      15
1998      2016      63      2041      12
1913      1958      161      2106      9
2085      2045      41      2045      20
1977      2002      69      2103      46
2025      1995      78      2046      20
2102      2097      17      2107      36
2034      2014      103      2116      22
1950      2032      77      2021      8
2081      2064      15      2166      5
82      77      2030      2099      17
217      168      1739      1929      169
2104      2079      19      2026      4
2072      2070      10      2049      48
2049      1941      57      1989      87
1904      1853      127      2026      109
1930      2027      80      1954      19
136      159      1990      1993      60
2077      2054      73      2165      23
1984      2073      42      2156      24
2007      2029      19      2007      59
124      114      1977      2089      11
1982      1987      102      2056      4
1950      1986      122      2109      5
2029      1932      23      2044      34
163      192      1828      2126      50
2061      2076      36      1978      14
1173      1137      893      2055      36
1998      2096      66      2108      5
1810      1936      94      1998      79
1988      2026      73      2090      37
2025      2123      67      2080      8
152      160      1895      2178      20
1193      1207      881      1998      18
2019      1979      24      2052      52
1979      2038      87      2087      38
2052      2065      19      2055      6
1878      1915      160      2077      52
1933      1942      174      2165      5
2023      2018      67      1981      33
1867      1893      50      2078      97
1962      1979      82      2088      12
2004      2078      28      2063      5
2039      2026      10      2114      22
2039      2067      42      2083      11
1221      1299      677      1970      147
2038      2037      0      2087      14
1979      2011      40      2055      50
2067      2056      37      2083      12
1901      1904      112      2019      68
2009      1873      147      1906      11
1981      2031      6      2074      7
94      111      1902      2025      57
1936      2064      10      2024      86
2038      1927      118      2081      9
1963      1920      184      2081      4
147      184      1878      2019      46
138      129      1925      2076      30
2085      2052      11      2114      3
1939      1914      107      2100      79
1991      1855      13      1921      129
124      129      1916      2072      30
2055      2073      20      2066      41
2008      1962      77      2083      34
2050      2099      14      2113      8
2073      2036      22      2066      13
1137      1171      956      2065      2
118      118      1902      1912      106
180      157      1871      2056      11
1960      1931      81      2141      3
2082      2102      7      2135      5
2018      2079      20      2000      48
1942      1997      51      2154      24
2001      2060      33      2010      19
2000      2030      49      2057      68
1984      1952      118      2091      7
2052      2095      41      2087      11
1923      1913      117      2055      60
2037      2091      24      2080      9
2019      2005      20      2018      72
2069      2077      9      2018      7
2058      2002      19      2005      27
1135      1028      938      2078      33
2106      2071      15      2113      6
1978      2003      42      2071      54
2111      2082      5      2035      33
1985      2052      86      2094      21
2001      1953      33      2101      55
2081      2095      5      2107      14
1979      1992      103      2093      16
2031      1973      15      2010      55
2047      2091      27      2017      6
1962      2064      30      2053      63
1978      1938      86      2030      11
2019      1929      58      2019      36
2059      2071      8      2030      10
2001      2068      64      2066      13
1993      2033      23      2047      19
168      188      1878      2117      19
955      965      1147      2041      11
1992      2053      59      2048      24
2121      2111      4      2107      8
72      88      1987      2014      15
2063      1992      63      2112      3
2132      2164      18      2081      13
2028      2005      31      1981      94
2019      1983      56      2034      25
2022      2004      16      2103      32
2107      2043      11      2091      18
1947      2069      23      2025      36
2012      2112      41      1998      7
2039      2016      12      1965      47
2092      2144      36      2157      4
2064      2042      62      2074      7
2047      2012      108      2090      16
2148      2045      7      2009      24
2051      1966      9      2077      76
1984      1956      112      2103      3
2016      2000      18      2015      68
2037      2017      79      2114      11
181      172      1907      2073      13
1998      2077      32      1965      90
1981      2077      114      2063      6
163      167      1888      2104      16
1994      2025      124      2107      12
2114      2018      24      2023      4
160      163      1892      2057      9
2116      2083      20      2081      19
1963      1958      20      1995      93
2024      2078      49      2114      18
1951      2033      100      2081      14
2028      2031      23      2005      13
1933      2025      43      2091      94
1999      2079      15      1956      5
2115      1929      15      2061      49
2083      2000      26      2086      20
1961      1964      125      2061      16
2110      2145      6      2089      21
2116      2006      4      2037      28
1963      2047      80      2048      38
2079      2034      12      2037      14
2033      2128      14      2120      11
2057      2068      8      2066      21
1895      1939      111      2095      32
970      989      37      979      1101
1952      1876      84      1968      80
2056      2107      20      2068      8
1972      1995      38      2017      43
1982      1951      60      2100      42
1350      1380      695      2058      11
1949      2018      125      2144      6
202      207      1974      2185      8
1932      1943      127      2111      34
1208      1155      844      2084      37
1937      1986      119      2125      6
1965      2005      34      2000      67
1930      1976      69      2055      18
1972      1987      71      2016      40
2112      2021      57      2123      18
2080      2123      12      2077      4
187      204      1957      2132      15
1965      2050      119      2051      18
1998      1939      57      2060      51
1182      1170      837      2027      43
2033      2079      27      2161      29
1984      2001      88      2026      18
2011      2067      26      2057      33
972      897      1041      1971      139
2102      2028      10      2089      52
2125      2149      19      2037      10
2052      1952      50      2081      32
1944      1868      61      1985      49
2062      1970      75      2098      12
1915      1974      186      2069      10
845      956      392      1353      757
1912      2007      27      2010      49
2072      2072      15      2111      3
2091      2070      23      2046      18
2040      2049      7      2049      7
156      172      1902      2088      14
1970      2038      125      2047      27
1921      2020      124      2029      19
2086      2069      7      2117      11
1822      1786      193      2048      43
2061      2053      11      2037      42
1215      1143      903      2050      63
1993      2041      19      2103      35
2099      2054      32      2191      8
2167      2112      7      2044      26
2033      2012      16      2016      71
172      186      1911      2092      38
2062      2080      22      2048      36
2057      2053      29      1980      38
1962      2061      95      2095      4
2089      2104      25      2057      7
2085      2096      42      2088      10
2001      2037      3      2053      28
968      964      1120      2068      5
2012      2097      8      2021      38
1827      1754      299      2009      39
2044      1991      84      2120      7
1158      1113      903      2055      63
1867      1838      193      2058      20
2045      2169      13      2074      8
1977      1927      57      2083      7
2071      1959      33      2054      19
944      1010      1113      2031      12
1322      1357      756      2054      20
2013      1999      36      2044      10
1288      1308      788      2007      19
2086      2156      23      2125      54
2061      2011      34      2139      6
2028      2014      4      2144      7
1392      1475      687      2050      13
2061      1998      69      2130      32
144      115      1941      2050      26
2009      1970      66      2094      8
1860      1958      184      2086      3
1013      1008      1019      2097      7
2027      2076      35      2036      7
2005      2038      34      2025      27
1394      1307      743      2033      21
202      202      1660      1833      241
2071      2066      56      2093      11
107      109      1919      2007      88
1962      1969      70      2112      44
2048      2029      17      2082      24
2087      2020      10      2044      13
1970      2046      28      2156      7
153      172      1957      2131      27
1977      1987      65      2071      19
1988      2088      88      2063      11
2086      2073      24      2018      21
1984      1896      15      1981      119
2006      2013      89      2123      11
1927      1948      68      2023      37
2039      2049      25      1973      62
184      181      1918      2066      43
147      154      1917      2057      7
1911      1995      97      2065      29
1256      1323      748      2080      44
934      956      797      1700      313
1985      1917      54      2016      60
2102      2036      4      1991      70
157      143      1936      2085      40
2043      2006      16      2111      58
2063      2007      10      2022      12
2105      2055      6      1951      51
2015      2096      31      2181      3
2016      2074      7      2085      42
2057      1980      74      2062      28
1975      2002      25      2047      67
2119      2187      10      2104      6
2039      2022      55      1971      32
1077      1136      1010      2086      9
161      168      1718      1881      242
2038      2070      56      2066      39
1995      2050      38      2147      46
2010      2039      24      2096      13
2073      2055      15      2001      18
2023      2025      51      2051      14
2095      2072      31      2147      5
2031      2021      112      2135      3
1844      1813      196      2100      6
2125      2104      7      2014      22
1950      1998      121      2108      6
2036      1984      53      2115      63
1989      2043      62      2121      5
2062      2016      11      2078      2
2027      2026      16      1979      39
135      168      1903      2120      7
2012      1986      30      2029      23
1349      1443      646      2041      70
2047      2068      19      2137      8
2068      2066      11      2042      10
1866      1885      135      2007      78
2074      2109      24      2040      17
1814      1895      136      2044      60
1897      1993      52      2047      39
130      107      1229      1359      726
1889      1976      117      2118      31
1844      1844      236      2043      33
2013      1975      49      1992      31
1962      1940      105      2014      44
1995      2036      20      2030      42
2037      1974      42      2089      28
1934      2009      67      2004      50
97      99      1787      1838      196
1178      1205      921      2073      20
1852      1905      151      2084      92
1999      2061      10      2134      33
2003      1922      43      2043      90
2123      2036      7      2109      43
1967      2076      36      2084      6
2159      2099      50      2076      7
176      173      1828      2000      154
2111      2114      15      2075      39
986      1013      884      1864      198
1962      1993      13      2002      37
2028      2020      26      2029      45
2080      2065      19      2197      16
2061      2113      8      1990      4
2031      2046      30      2112      38
1970      2015      64      2210      10
1084      1184      875      2085      39
1960      1995      57      1980      55
177      134      1885      2021      33
1229      1323      704      2009      75
1875      1858      260      2051      4
1955      2069      38      2146      53
1962      2005      86      2021      28
1950      1981      84      2124      4
2062      2034      37      2126      19
2072      2059      14      2042      13
157      149      1918      2032      36
1918      1958      65      2077      47
1974      1930      90      2053      67
2146      1994      14      2046      6
120      103      29      126      1986
1949      1944      44      2063      72
2062      1995      10      2154      5
2028      1964      30      2054      6
2008      2103      37      2041      23
2001      2042      16      2006      75
1960      1957      126      2127      5
2093      2076      27      2016      51
2067      1978      38      2074      27
1985      1998      21      1994      50
1923      2052      18      2053      49
1965      1807      153      2101      8
1836      1784      274      2081      5
2051      2036      5      2108      15
2056      2024      52      2100      41
154      142      1992      2031      44
142      138      1921      2068      20
186      193      1858      2059      65
155      156      688      895      1188
2023      1976      51      2017      36
1939      1878      34      2000      68
2112      2036      9      2073      29
2017      1997      41      1995      18
2000      1993      40      2019      68
1975      1958      6      1961      115
1920      1790      222      2082      5
120      123      1949      2053      36
1327      1367      730      2029      20
2080      2084      9      2058      19
123      125      1977      2021      33
2023      2129      22      2032      18
1131      1080      902      2005      72
2028      2033      33      2104      22
1687      1752      365      2104      4
2059      2080      45      2098      7
1976      2013      49      2144      7
2049      2105      6      2170      34
1967      2086      40      2151      12
984      918      1042      2044      94
2087      2093      46      2058      3
2012      1990      49      2122      25
2116      2078      10      2031      18
2038      2047      26      2108      22
166      164      1896      2139      4
2056      1967      22      2033      14
168      169      1938      2112      15
2033      1969      51      2115      13
2031      2121      11      2112      8
2036      1967      46      2034      43
158      150      1843      2100      60
2084      2129      21      2096      36
1941      2006      12      1989      66
1076      1159      897      2109      8
2119      2067      9      2074      4
2039      2008      12      2015      80
954      963      1117      1962      23
2099      2014      25      2055      35
2063      2114      29      2012      21
1904      1979      147      2118      31
2076      1978      22      2057      51
2133      2020      38      2064      22
1126      1189      821      1949      131
1945      2033      28      2027      22
2026      2093      20      2095      26
2060      2099      26      2154      11
1414      1350      674      2135      66
1983      1982      76      2127      9
2026      2061      4      2075      48
949      946      1121      1982      27
2138      2143      9      2071      4
177      166      1852      2090      15
2023      2052      55      2045      21
2030      2040      7      1994      32
2164      2047      18      2124      9
1311      1238      834      2093      18
154      138      1816      2018      105
1931      1983      81      2028      64
2080      2103      18      2087      10
1990      2028      3      2044      63
2022      2004      29      2151      19
1929      1927      22      1987      80
1974      1889      157      2064      5
2066      2022      25      2040      88
2041      2060      27      2131      11
2094      2071      16      2055      8
1167      1129      557      1724      410
1903      1902      121      2059      36
2063      2019      63      2033      57
1978      2032      75      2048      25
2039      1988      32      2010      65
1988      1835      96      1986      48
2011      1949      48      2110      21
1930      2008      96      1979      31
2195      2037      6      1995      8
1161      1256      863      2086      43
1913      1838      121      2051      92
2014      2000      29      2094      9
931      964      1154      2121      10
2041      1884      50      2114      32
121      126      1980      2086      24
1243      1236      780      2103      19
2016      2008      68      2027      27
1981      2054      15      2140      12
2032      2014      38      2021      30
1382      1385      727      2089      16
1758      1747      310      2023      11
2043      1992      14      2057      3
1140      1128      804      1924      146
2007      2084      33      2009      6
2054      1982      18      2105      18
1982      2053      93      2117      9
2040      2069      33      2088      4
2062      1945      63      2166      8
2002      2099      13      2049      41
1953      1985      20      1947      62
1971      1945      74      2000      26
1786      1914      86      2078      40
2071      1978      19      2038      56
2031      2033      44      2090      8
2007      2002      55      1957      73
107      111      1860      1936      112
2047      2039      34      2075      7
1896      1852      92      1883      163
1969      2057      20      2129      5
1969      1943      206      2035      32
940      956      1170      1992      23
2023      2002      27      2096      37
1271      1274      802      2036      35
2043      2044      12      2156      62
2031      2133      5      1986      13
2045      1981      60      2032      17
2056      2097      10      2098      16
2004      1983      83      2082      10
1961      1886      53      2034      36
1804      1907      162      2018      20
2041      2019      9      1988      39
2020      1998      51      2115      39
2078      2092      27      2078      4
2006      2039      26      2089      39
1974      1926      110      2022      5
2069      2061      13      2140      4
103      83      1219      1350      738
1990      2007      21      2040      32
2084      1959      58      2052      41
2048      2027      89      2063      14
2076      2015      36      2134      19
2048      2013      16      2036      66
2080      2117      38      2013      17
1753      1885      156      1951      57
1007      1014      1044      2009      27
1430      1369      680      2062      123
186      185      1828      2112      29
2013      1962      33      2037      111
943      987      1146      2061      7
1347      1382      688      2036      33
2040      2056      22      2184      21
1937      1969      105      2036      55
2048      2016      14      2086      18
2039      2054      35      2023      16
1941      1964      107      2120      21
1938      1816      125      2051      62
1924      2055      78      2064      18
