1978      1984      84      2098      5
1990      1984      81      2083      6
877      905      1070      1965      36
2072      2006      15      2034      32
126      125      1897      2008      76
2006      2022      24      2141      55
2003      2015      35      2053      29
2048      2054      46      2025      7
952      923      1114      1997      45
2113      2099      5      1976      47
1880      1898      148      2057      15
1128      1175      876      2163      3
173      172      1954      2171      6
2136      2080      24      2142      13
1905      1960      92      2140      48
2035      2076      36      2127      18
2024      2100      49      2083      17
1919      1842      160      2146      58
1349      1316      752      1981      27
1988      1961      6      2075      65
2012      2013      25      2021      95
2127      2072      9      2117      8
2157      2033      7      2033      6
974      938      1099      2066      23
143      138      1858      2135      7
105      82      1963      1978      58
1981      1987      27      2098      38
89      66      2005      2086      5
1318      1328      772      2029      30
129      112      2003      2155      14
1964      1953      99      2027      62
1994      2052      66      2096      20
2066      1945      123      2107      6
149      153      1895      1964      18
1384      1424      718      2096      11
1955      1977      27      2065      59
1996      1951      123      2055      8
2128      2016      26      2133      8
2023      1918      112      2060      5
2034      2221      32      2054      12
1881      1879      120      2033      44
2071      2002      11      2112      29
1357      1363      706      2167      4
2016      2060      87      2057      31
1871      1783      58      1875      243
2023      1976      75      1981      40
2025      2009      69      2036      6
2071      2030      50      2061      30
1328      1302      745      2161      4
2067      2052      56      2071      20
1935      1916      150      2045      6
1020      960      1055      2030      22
1956      2030      80      1997      5
1999      2055      17      2016      6
1794      1749      258      1989      34
2055      2103      49      2112      8
2004      2068      23      2129      12
2073      2048      31      2033      9
2063      2054      16      2015      54
1960      2007      52      1973      11
1995      2099      39      2126      24
2044      2085      9      2021      40
930      969      1108      2068      8
2016      2061      40      2072      25
6      6      2017      2072      25
2015      2088      29      2083      55
186      194      1923      2040      13
1993      1987      106      2055      32
113      126      1863      1919      69
2080      2048      33      2054      10
2043      2153      23      2150      4
2068      1993      9      2052      42
1110      1123      830      1947      110
1943      1885      67      1921      155
169      156      1917      2169      32
122      126      1938      2103      12
1108      1118      881      1996      72
2036      1997      69      2144      13
2026      1958      37      2012      70
2092      1939      79      2046      17
2048      2068      8      2031      6
178      182      1903      2064      4
1385      1392      707      2076      5
1817      1831      278      2092      8
2108      2000      9      2026      22
996      961      1053      2030      69
125      117      1963      2049      34
143      135      1964      2044      47
73      84      1895      2002      86
2022      2077      9      2024      21
1954      2003      107      1991      5
2066      2149      33      2124      10
1913      2054      28      2051      61
1166      1130      885      2001      24
2118      2102      16      2073      23
2081      2044      30      2117      13
2118      2083      3      2161      10
2077      2032      23      2096      20
1749      1735      226      1968      98
2037      2051      14      2073      33
1968      1960      100      2092      23
1135      1153      948      2084      12
1961      1958      140      2072      6
1298      1393      736      2053      37
1985      1964      124      2055      17
2013      1836      97      2108      83
2020      2065      55      2203      1
2100      2038      15      2140      9
134      114      75      169      1941
2018      1993      42      2040      41
189      179      1842      2044      35
1896      1896      137      2115      37
2079      2036      36      2099      4
1924      1890      174      2093      10
1989      2038      104      2124      20
2062      1931      100      1970      58
2053      2104      4      2057      17
2053      1984      13      2024      47
1987      1938      13      1974      118
109      112      1987      2126      25
990      965      1082      2104      19
2022      2010      46      2044      2
1981      2071      66      2079      14
2055      2085      13      2056      15
2013      1990      17      2081      37
2059      2148      4      2086      10
154      178      1871      2066      78
1996      2019      51      2109      17
1991      2056      9      2072      25
1992      2050      41      2062      8
2076      2084      25      2158      14
2046      2096      13      1984      34
2074      2026      27      2051      31
2088      2063      6      2168      33
2024      2027      5      2035      27
2090      2091      21      2071      6
2058      2033      26      2066      49
1226      1213      864      2045      15
1982      2015      52      2011      5
123      129      1817      2002      95
2068      1967      7      2026      33
1917      1958      121      2147      5
959      951      1145      2055      6
1912      1875      189      2054      39
2029      2061      24      2112      34
1965      2001      45      2069      29
2001      2118      69      2094      19
2119      2150      14      2098      2
1145      1080      946      2097      9
1997      2012      8      2091      2
942      942      1109      2119      5
935      913      1191      2043      5
2060      1986      111      2070      27
2081      2005      11      2102      22
2025      2036      5      1980      26
2207      2080      12      2074      6
2086      2033      41      2058      38
2026      2078      24      2152      27
1961      1975      130      2095      13
2032      2042      59      2174      4
1913      1886      147      2135      27
118      137      1934      1990      47
2121      2109      9      2072      4
1279      1328      746      2040      21
2000      2085      22      2122      19
2035      2127      10      2025      11
211      185      1897      2081      12
1025      969      1089      2117      30
2051      2014      5      2062      26
1891      1803      161      2145      19
2044      2068      14      2070      4
1999      2067      40      2026      23
1294      1262      813      2090      14
1905      1836      133      2015      21
1358      1360      682      2083      74
2071      2063      30      2088      21
1955      2013      25      1997      91
1955      1957      55      2046      29
2034      1978      69      2121      12
2098      2074      13      2006      10
2087      2102      5      2052      25
133      159      1896      2046      28
2096      1951      48      2123      8
2174      2062      3      2063      4
1924      1935      61      2018      83
2030      1999      13      2026      44
2160      2128      4      2069      5
2034      1975      18      2035      63
2033      1914      12      2014      67
2040      2055      12      2047      9
1963      1872      126      1980      37
141      176      1895      2023      62
1999      2064      88      2131      15
2104      2071      9      2104      1
2003      2047      61      2054      39
1999      1968      82      2130      5
1878      1930      130      2098      9
1900      1841      128      2069      21
1971      1941      51      2095      71
988      961      1107      2047      16
1985      2052      20      2084      6
902      955      1013      1971      107
151      141      1159      1361      711
1999      2026      39      2123      8
2040      2045      17      2087      23
1936      1981      138      2079      23
945      939      1118      2090      34
2043      1980      77      1960      32
1140      1124      894      2020      85
2089      2060      10      2148      2
162      164      1902      2072      2
1954      1994      134      2117      38
11      10      1075      1127      964
2105      2012      17      2102      32
1991      2051      30      2136      32
1984      2084      54      2064      4
106      120      2018      2092      67
2020      2060      58      2079      9
1988      2084      103      2105      18
2053      2141      36      1994      13
2082      2027      9      2119      33
1894      1858      182      2089      25
183      172      1584      1656      397
2035      2093      25      2074      5
114      99      1984      2104      58
83      78      1936      2175      8
2019      1884      51      2006      155
1985      2009      20      2062      79
2060      2041      19      2043      10
2058      2042      48      2008      27
173      156      1972      2093      12
2061      2055      13      2147      9
149      182      1855      1954      103
960      1005      1170      2073      20
1928      1945      45      2040      75
2054      2141      5      2108      10
1071      1086      945      2074      46
2029      2022      41      2112      9
2124      2126      9      2142      12
2087      2061      52      2057      30
1961      2059      88      2015      28
1977      2010      42      2013      71
2080      2053      100      2187      5
2029      2085      9      2047      46
1989      1977      30      2040      11
72      57      1927      2179      48
207      200      1154      1368      741
1838      1833      272      2079      32
171      169      1920      2048      36
2097      2094      40      1982      12
1926      1947      116      2088      14
1406      1401      769      2037      7
2078      2051      44      2113      8
2066      2041      32      2085      14
2045      2039      69      1976      52
1993      2040      62      2046      25
2067      2002      50      2032      29
2060      2063      48      2115      6
2113      2050      51      2040      10
153      143      1866      2114      30
1914      1863      57      2064      101
2004      1967      70      2011      22
2075      2027      16      2159      17
182      196      1938      2074      25
1798      1838      235      2075      10
1875      1947      150      2060      55
1991      2071      14      2079      85
2036      2107      18      2098      12
1972      2090      101      2101      8
2090      2005      8      2052      7
2068      1968      84      2082      23
2050      2097      15      2069      16
1302      1282      763      2032      29
1162      1155      899      2094      24
1987      2091      18      2075      5
2036      2051      23      2040      24
203      209      1761      2077      28
2068      2065      35      2086      6
2066      2061      74      2048      20
1984      2039      20      2066      17
1984      1963      80      2100      7
2188      2050      7      2061      6
1995      1975      18      2028      40
1703      1700      316      2048      45
2067      2088      23      2049      29
1992      2018      7      2105      29
2049      2021      33      2121      8
151      173      1952      2132      4
2080      2073      10      2028      12
1371      1355      637      2016      52
2100      2088      6      2072      11
44      44      2041      2032      18
1094      1096      946      2071      46
1983      1967      19      2092      62
166      179      1864      2028      38
1900      1877      152      2093      43
2105      2024      44      2087      21
2087      2062      5      2137      17
135      139      1899      2057      21
1957      2066      52      2075      26
2113      2099      16      2075      12
2043      2118      19      2072      28
1197      1202      823      1945      105
2050      2039      25      2157      12
1996      2048      55      2030      9
2108      2136      17      2100      30
2079      2111      64      2140      7
1947      2005      66      2092      39
1975      1969      40      2017      46
2038      1984      39      2004      18
2041      2111      15      2042      4
1310      1242      791      2029      61
2156      2104      9      2095      9
1750      1891      246      2036      12
1120      1160      975      2076      56
160      150      1880      2089      63
1906      1893      188      2055      2
1405      1426      626      2003      65
2045      1971      32      2065      19
134      124      1764      1899      177
2031      1939      75      2035      14
1317      1331      574      1897      170
2090      2104      50      2119      5
2067      1987      56      2090      6
1961      1960      58      2041      32
2065      2014      50      2093      4
2139      2161      5      2098      9
879      941      1057      2018      54
1980      1948      8      2078      80
141      128      1704      1984      198
2061      2054      9      2075      21
2001      2062      9      2128      17
1842      1901      36      1959      181
2172      2014      31      2071      50
2055      2049      12      2088      20
1998      1864      101      2107      30
2025      2055      28      2065      9
1912      1920      46      2088      50
1155      1205      911      2041      38
1982      2034      36      2073      8
1132      1151      899      2022      66
1961      2051      100      2066      17
2043      2046      12      2063      71
2068      2033      4      2136      35
1831      1858      237      2067      3
2090      2016      18      2115      8
2077      2123      8      2079      34
2027      2064      39      2117      11
2059      2033      14      2142      13
2068      1996      95      2062      6
1882      1932      74      2041      73
962      971      1118      2135      34
2049      2021      65      2057      34
23      40      1991      2096      29
1881      2003      168      2145      19
148      135      1904      2096      13
1936      1958      66      2086      23
2032      1964      27      1992      93
1937      2013      125      2060      21
1977      2049      84      2013      24
2044      2065      47      2073      9
2112      2128      18      2074      8
2056      2060      3      2124      62
2025      2021      83      2088      20
2001      2014      124      2110      14
2020      2034      38      1991      50
2113      2049      15      2108      8
1931      2029      135      2030      9
1972      1927      165      2089      9
2080      2024      47      2129      37
170      158      1893      2080      34
1953      2029      16      2035      42
2090      2081      10      1994      30
2093      2018      34      2096      5
973      999      1084      2117      8
2014      2110      9      2055      8
1856      1923      83      2101      65
2053      2111      7      2210      9
2040      1982      64      2110      10
183      197      1906      1999      26
2117      2037      23      2138      7
143      141      1958      1904      94
1919      1900      88      1992      92
1967      2011      41      2143      11
167      185      1983      2138      6
1949      2088      15      2015      54
2016      1974      23      2065      50
2037      2023      62      1999      19
2153      2068      10      2101      15
1887      1956      134      2105      22
2034      1966      20      1989      110
1942      2006      71      2114      2
2043      2051      34      2128      15
2021      2097      23      2081      6
2085      2003      21      2007      32
2058      2134      5      2092      12
1912      1923      147      2053      13
2026      2137      25      2084      7
2037      2111      21      2081      35
2046      2004      43      2036      44
2029      2005      67      2085      9
1954      2021      49      2014      63
2009      2016      52      2156      5
1238      1240      882      2023      24
49      41      2085      2126      8
1933      2048      22      2085      36
2055      2060      8      1977      51
2042      2132      27      2152      23
1183      1149      888      2075      64
1355      1333      785      2116      3
1951      1977      15      1990      61
184      183      1919      2092      39
1990      2011      39      1965      17
1879      1890      174      2015      15
1380      1338      738      2015      34
2167      2132      16      2059      7
2112      2006      36      2068      8
151      148      1951      2090      6
1931      1971      145      2068      8
1985      2048      54      2039      19
2059      2111      27      2102      7
2063      2094      3      2009      20
1828      1827      138      2023      70
1983      1927      60      2011      69
1965      2022      81      2022      32
2030      2056      23      2039      21
2038      2085      29      2126      11
2040      2086      29      2163      17
1936      1903      92      2081      6
2041      2084      36      2027      15
1372      1369      746      2131      22
1976      2011      108      2050      9
2016      2001      51      2111      20
1165      1150      919      2005      20
2082      2093      36      2045      15
1005      984      1010      2104      32
149      143      1883      1959      53
1985      2040      87      2138      7
2011      1993      52      2108      6
2001      2093      35      1963      65
2083      2158      8      2161      7
160      160      1970      2080      10
1996      2043      83      2065      6
2001      2080      46      2011      41
2015      2030      50      2021      29
2055      2055      80      2117      1
196      177      1827      1998      59
2001      2016      64      1997      53
1946      2085      25      2130      31
2115      2042      66      2048      4
1860      1890      193      2055      20
2056      2009      29      2096      11
1855      1881      176      2000      45
2052      2049      7      2123      7
99      96      1909      2041      42
1140      1157      877      2061      67
2055      2033      15      2019      49
142      133      1832      2058      53
188      186      1107      1299      832
2102      2087      7      2088      7
2001      2103      10      2114      18
2076      2071      8      2131      42
1963      1958      133      2085      9
2215      2030      6      2145      7
972      968      1192      2144      8
63      62      1987      2069      84
2101      2084      17      2012      3
1867      1912      141      1993      55
2003      2060      73      2168      6
1973      2067      68      2050      27
1943      1981      72      2039      61
167      208      1879      2075      12
2087      1984      59      2087      13
2029      2011      14      2127      19
1989      2010      72      2163      41
2110      2126      7      2076      23
180      176      1873      2171      7
2036      1971      58      2113      14
2141      2059      47      2131      51
1935      2028      80      2029      9
2066      2012      36      2068      5
1721      1765      356      2072      14
2087      2086      9      2160      5
1853      1998      119      2035      29
2143      2149      4      2035      8
1981      2007      37      2041      35
2026      2001      69      2114      20
1967      2028      74      2099      7
1979      2009      107      2055      22
1187      1166      831      1994      88
1950      2094      77      1983      14
2074      2089      26      2110      11
2130      2037      8      2014      22
83      82      2036      1971      19
1806      1841      117      1980      77
1987      1894      36      1958      123
1964      2036      41      2035      54
935      951      1171      2105      16
130      116      1972      2000      49
2108      2034      7      2171      42
1985      2156      25      2055      36
1772      1811      86      1916      189
1869      1934      173      2100      5
2071      1964      52      2070      26
204      177      1851      1987      22
1966      1991      124      2048      24
186      185      1869      2061      29
2049      2144      16      2118      3
2015      2035      41      2103      27
1895      1953      100      2039      32
1304      1288      762      2097      78
1197      1170      957      2059      2
2045      1970      13      2104      53
1952      1852      64      2078      75
1980      2030      101      2021      17
1352      1363      787      2037      6
2041      2051      7      2088      36
2053      1995      123      2018      31
2130      2084      4      2080      2
1851      1911      132      1987      71
1951      1947      58      2066      21
1951      2040      63      2007      30
2015      2013      45      2091      18
1979      1991      67      2066      10
134      129      1767      1930      169
197      179      1869      2053      8
2139      2079      19      2105      15
2104      2063      6      2085      4
2046      1983      34      2041      7
1936      1990      21      2079      46
2045      2058      5      1963      35
2048      2044      9      2056      6
2069      2037      33      2022      20
22      16      1943      1971      188
1909      1905      161      2032      62
1981      2020      21      2087      54
2048      2006      54      2075      38
2112      2088      8      2081      41
155      162      1910      2094      29
2052      2059      23      2032      4
1224      1151      924      2142      8
1921      2048      134      2056      5
88      54      2061      2076      5
2084      2108      8      2032      25
2054      1973      25      2047      41
1981      1965      104      2058      40
2007      2069      11      2016      17
2078      2043      49      2080      22
2058      2055      17      2014      14
2121      2053      21      2056      2
2002      2090      18      2053      9
1935      1926      129      2103      4
2029      2013      112      2075      19
2068      1997      31      2011      57
2005      1930      102      2140      4
2031      2055      26      2053      67
1952      2025      145      2039      19
1072      1107      943      2035      29
1980      2048      24      2122      11
1952      1986      17      2032      62
1895      1966      135      2028      7
2036      2053      6      2077      15
1947      1925      84      2065      28
1976      1995      100      2101      19
1977      1941      114      2049      7
2045      2101      8      2003      78
2014      1971      33      2003      57
2088      2107      13      2129      7
2099      2053      21      2057      39
2000      2031      57      2084      36
1869      1907      126      2024      56
2078      2040      3      2102      5
1921      1910      159      2066      10
1993      1959      96      2093      36
2026      2166      8      2107      62
1869      1935      210      2140      17
2036      2055      13      2025      4
1946      1927      84      1956      87
900      969      1045      2036      92
2107      2086      24      2055      26
1929      1988      82      2113      9
1990      2020      61      2089      46
1966      1999      80      1996      29
2036      2096      9      2033      20
1938      2037      73      2007      90
1964      2004      24      1993      67
1974      2001      60      2037      24
2069      1995      7      2035      67
2051      2069      33      2095      28
1931      1989      191      2075      6
2096      2057      29      2143      3
2055      1992      50      2123      37
2059      2021      19      2024      50
2058      1997      80      2132      15
2029      1981      21      2112      25
2024      2083      3      2029      66
973      939      188      1163      978
130      131      1943      2081      54
1996      2089      53      2087      8
1874      1964      100      2023      36
1939      2007      45      2028      48
2116      2091      5      2054      16
1962      1944      18      2064      58
1741      1680      399      2168      4
174      173      1995      2086      13
1968      1996      23      2082      27
2032      2067      38      1984      46
2084      1961      23      2043      11
2071      2038      27      2073      8
1992      1933      64      2070      94
2119      2011      17      2060      19
939      944      1160      2026      55
2047      2079      36      2052      35
2000      2031      14      2200      19
1991      1979      67      2071      51
1403      1310      749      2094      7
1857      1914      121      2087      31
1281      1287      771      2088      29
945      992      1106      1990      47
1987      2017      7      2085      28
1936      2033      70      2110      21
2027      2044      63      2125      3
1964      1981      18      2080      23
2012      2043      17      2047      74
2065      2040      40      2131      10
2032      2027      18      2051      7
1941      2013      30      2057      20
2054      1997      7      1988      52
2005      1967      23      2094      36
963      961      1000      2029      57
2017      2027      38      2076      8
2061      2081      15      2063      18
2043      2135      29      2181      20
181      194      1862      2088      46
976      965      1038      2008      74
2005      2039      29      2062      32
166      179      1856      2032      75
2157      2052      19      2023      26
173      186      1899      2157      4
1967      2025      40      2107      11
190      153      1926      2084      45
1998      1979      13      2055      27
2023      2059      6      2026      24
2064      2050      102      2076      2
2131      2059      23      2066      23
2024      2056      41      2125      7
1338      1305      648      1946      117
2085      2109      8      2091      86
2116      2051      53      2040      37
2014      2001      7      1979      62
142      134      1877      2145      30
2014      1982      59      2041      12
1971      1925      121      2073      7
2012      2007      12      2013      18
2095      2090      38      2118      20
2041      2110      32      2081      10
950      960      1188      2069      23
2068      2062      8      2023      45
2078      2137      18      2056      20
1280      1300      730      2042      67
2144      2064      9      2082      10
1041      1110      1070      2127      16
1967      1947      23      2064      64
1912      1959      71      2074      50
2118      2005      27      2175      10
2114      2018      82      2047      4
1934      1992      44      1967      80
2017      1951      65      2077      40
1958      1917      16      1967      132
1994      1994      43      2051      56
164      199      1780      1931      124
178      187      1944      2078      11
2112      2015      18      2087      19
2086      2078      16      2052      12
2005      1991      47      2086      32
1922      1972      87      2105      45
161      181      1960      2085      52
2056      1929      35      2074      7
2107      2178      5      2039      4
2055      2028      58      2058      6
231      166      1919      2035      9
1911      2008      154      2091      13
1985      2025      86      2005      26
1998      1925      46      2042      26
179      192      1842      2025      73
2029      1990      7      2098      30
1979      1997      122      2075      32
1753      1902      141      2043      76
1997      2030      11      2107      27
2074      2033      22      2077      5
932      943      1107      2092      26
1957      1985      89      2058      26
2109      2049      30      2094      2
2098      1964      28      2123      44
2063      2108      43      1942      38
109      93      1946      2057      20
156      163      13      151      1900
2040      2085      1      2140      23
2096      2008      25      2114      41
184      201      1888      2083      16
2065      2109      39      2051      7
1186      1185      833      2090      51
2094      1983      56      2083      12
163      185      1904      2113      21
2099      1972      63      2116      18
161      213      1806      2019      42
1973      2011      141      2026      8
2055      1968      68      2045      7
2055      2111      48      2025      8
1740      1687      260      1958      135
2029      1958      33      2046      44
2080      1958      52      2058      22
1975      1941      64      2020      38
147      146      1905      2038      5
1998      2148      8      2022      36
75      72      1895      1996      38
2077      2059      51      2072      5
1803      1822      169      2134      27
1878      2010      29      1972      87
2030      2066      11      2055      42
2069      2060      65      2063      7
2140      2074      19      2188      26
1911      1933      155      2019      13
1339      1412      715      1963      9
2134      2064      21      2075      36
2052      1990      18      2130      7
1876      1965      182      2020      21
2045      2100      8      2162      16
2010      1919      151      2058      13
184      153      1941      2041      18
1903      1913      154      2043      10
1958      1957      93      2040      7
2000      2094      48      2068      10
2039      2043      23      2104      30
2051      2066      28      2096      17
1956      2046      62      2102      37
1986      1960      27      2014      76
2093      2106      29      2149      11
1921      1870      210      2004      19
1853      1906      207      2072      7
2004      1982      50      2067      86
2072      2067      22      2069      38
1922      1927      69      1973      59
2056      2102      25      2027      19
1346      1362      628      2010      78
2044      2037      84      2069      9
2044      2059      6      2096      22
2099      2147      17      2075      13
1890      1856      109      1993      93
1892      1874      128      2050      111
1311      1352      725      2096      33
2023      1977      36      2092      47
142      130      1863      1988      72
1119      1112      1018      2075      16
1861      1868      221      2143      8
2097      2007      15      2113      13
2047      2097      29      2010      14
156      154      1936      2042      26
1916      1938      164      2153      16
2142      2097      11      2056      20
1995      2024      21      2059      60
996      957      1111      2057      13
2088      2016      9      2123      9
186      173      1830      2030      57
139      147      1934      2061      27
2076      2003      15      2075      37
1882      1951      202      2047      24
1375      1338      699      1995      30
2031      2016      65      2021      48
2014      1975      45      2043      27
1987      2007      84      2048      20
174      173      1873      2062      108
2069      1928      37      2116      47
2097      2034      13      2096      17
1994      2097      24      1991      56
1950      1916      31      1989      144
2060      2111      56      2043      12
2011      2077      29      2043      34
950      945      1123      2111      37
1998      1949      123      2091      46
2027      1992      3      2001      64
23      29      2037      1944      87
2025      2057      33      2071      13
144      150      1789      1991      97
114      134      1918      2106      8
1987      1884      109      2067      33
1036      1036      1045      2056      32
2104      2045      37      2081      13
2034      2013      10      2135      23
2051      1907      97      2025      9
104      126      1923      1973      56
1952      1836      110      1984      26
2072      2140      36      2110      4
148      123      1863      2046      100
2029      1977      72      2120      3
1970      2013      4      2050      50
2060      1992      34      1989      15
2083      2155      6      2002      23
2034      2068      43      2010      41
2067      2047      22      2083      13
2159      2055      2      2080      1
2052      2069      14      2117      24
1944      1836      109      2000      105
2099      1980      22      2027      41
1155      1198      889      2140      67
193      183      1821      2075      21
1940      1923      95      2109      37
2024      2104      34      2067      46
2044      2052      4      1993      8
1955      1832      109      2101      8
2001      1893      60      2121      27
2024      2008      37      2183      17
124      128      54      183      1977
2050      2064      12      2006      34
2041      2003      31      1999      46
1997      1939      72      2029      85
2139      1998      54      2081      3
147      139      1847      2066      4
160      163      1903      2054      12
1970      1986      70      2059      11
195      185      1851      2132      37
143      117      1971      2106      6
2145      2018      6      2065      43
1993      2066      36      2075      8
2019      2104      45      2159      10
180      178      1852      2035      95
204      207      1824      2032      7
1882      1929      144      2112      23
1911      2031      22      2020      70
2118      2066      7      2147      6
1932      1964      60      2123      36
2031      2030      54      2071      14
2160      2041      27      2036      42
2067      2108      10      2075      24
2017      1983      25      2115      7
1913      1928      93      2084      57
173      169      1818      2048      72
2068      1979      29      1983      60
1278      1260      812      2055      35
1823      1784      318      2085      11
2029      1928      60      2085      11
2054      2117      16      2128      1
2006      2023      37      2073      53
2056      2017      34      2111      11
2032      2026      35      2022      20
2062      2068      8      2063      12
2062      2035      11      2028      23
2029      1964      44      2017      72
2119      2104      14      2066      4
1885      1981      92      2049      23
1111      1099      923      2031      26
2021      2083      15      2077      44
2040      2060      15      2107      7
1950      1932      92      1993      60
2136      2010      10      2141      6
1965      1961      22      1971      109
1011      1025      204      1185      941
2027      2159      10      1990      5
2008      2045      65      2148      13
2081      2037      8      2054      40
1954      1936      84      2160      9
1134      1119      951      2056      7
181      163      1906      2028      56
2009      2053      13      2022      29
1963      2024      52      2090      46
2039      2047      66      2046      6
1366      1317      732      2004      27
2042      2018      46      1995      36
154      114      1854      1996      56
21      15      852      936      1133
166      164      1839      2022      14
1904      1999      29      2022      15
1999      1994      57      2125      4
2071      2049      32      2127      8
2044      2056      14      2008      36
2043      1853      60      2031      68
2100      2047      40      2083      9
195      208      1865      2045      43
2100      2078      16      2099      7
215      220      1715      1873      195
2059      2155      50      2039      6
2071      2044      59      2088      7
2081      2107      0      2193      2
2104      1998      30      2003      39
210      181      1816      2025      62
2063      2086      22      2035      16
2036      2003      26      2077      16
1933      1970      60      2120      14
2030      1993      41      2049      41
2070      2098      32      2122      1
2070      2111      3      2160      27
1191      1288      842      2099      8
192      214      1859      2088      44
1169      1189      867      2076      60
1792      1841      232      2154      5
994      986      961      1909      105
2064      2017      46      2089      12
1998      1929      76      2022      36
1872      1873      242      2143      12
1987      1909      67      1969      49
1926      1936      200      2174      4
1909      1933      50      2020      44
112      128      1868      1968      113
2107      2072      31      2116      14
1978      2024      84      2067      26
2066      2110      17      2057      3
2002      1999      38      2115      12
2032      2010      9      2120      14
1934      2018      55      2041      23
1983      1931      116      2132      14
2095      1981      25      2028      16
180      171      1866      2024      39
2036      2072      14      2122      22
2074      2020      22      2017      14
160      169      1805      2024      67
204      186      771      997      1162
2094      2091      31      2053      37
2157      2018      37      2072      60
2018      1938      51      2011      98
1915      1977      56      2038      35
1986      2053      20      2102      36
2024      2126      9      2043      6
2056      2046      47      2085      26
179      170      1897      2023      30
148      151      1823      2014      71
1859      2002      58      2034      98
1965      1913      99      2081      12
2019      1988      152      2003      22
1997      2050      55      2066      43
1956      2018      101      2093      4
2028      2024      50      2057      26
2012      1980      62      2170      20
2055      2124      26      2068      19
2044      2018      64      2078      7
2116      2146      8      2072      15
2087      2066      27      2131      12
2022      1989      103      2161      12
2097      2041      5      2016      8
2023      2047      59      2088      24
2072      2139      26      2048      15
1261      1262      750      2016      73
1965      1980      12      2081      70
188      208      1843      2141      13
2078      2118      2      2100      21
1894      1942      151      2097      8
2092      2011      55      2087      18
2031      1968      66      2050      37
1988      2030      65      2157      4
1231      1216      931      2055      25
2055      2062      16      2014      25
1951      2014      55      2030      69
2039      2002      5      2072      42
2054      2060      15      2055      26
173      194      1871      2051      80
2018      2079      25      2118      6
1226      1121      986      2065      10
1017      924      1179      2016      10
2034      2057      6      2036      39
2045      2080      21      2033      33
101      88      1991      2067      21
129      104      1939      2073      57
178      215      1868      2096      17
137      143      1829      2020      49
1874      1985      134      2161      15
1985      2021      25      2074      19
1905      2011      42      2008      87
1941      2024      107      2078      2
2134      2095      21      2055      6
2139      2066      20      2130      6
2010      2066      28      2086      34
2149      2068      18      2073      9
2014      2123      5      2063      50
938      962      1124      2035      7
2021      2032      76      2020      3
2023      2029      34      1946      34
176      166      1861      2084      37
1960      1967      68      2071      6
2015      1988      31      2026      55
981      1020      1071      2058      26
101      127      1820      1941      133
991      933      1178      2092      23
2081      2050      4      2190      7
1873      1918      167      2084      8
2008      1947      22      2021      77
1950      1914      19      1979      95
2103      2069      10      2117      9
2055      2021      12      1984      7
192      181      1867      2073      30
170      169      1858      2036      78
1961      2009      73      2188      6
2021      2039      26      1989      60
136      138      1924      2125      24
1211      1150      802      1936      130
183      206      1894      1974      57
2095      2048      34      2023      40
2021      2099      6      2131      13
2073      2033      70      2063      5
1171      1169      917      2062      47
1991      2009      30      1981      57
1105      1123      1015      2052      36
