280      266      308      590      7
624      535      6      547      20
593      521      16      599      12
530      579      11      586      31
549      626      5      609      0
580      590      6      613      7
559      517      17      553      14
498      494      77      597      3
571      544      1      581      15
496      509      97      561      3
616      553      2      579      3
564      613      3      595      18
49      48      573      611      10
552      525      6      556      26
39      41      18      39      560
580      565      5      582      11
323      321      249      566      24
550      552      20      532      9
586      537      5      603      19
601      564      10      589      1
572      618      16      544      4
619      554      14      581      5
572      574      2      604      8
552      528      11      543      20
512      610      12      593      0
38      38      516      525      21
603      573      13      580      6
585      576      4      593      7
589      617      2      638      2
585      550      4      609      16
553      550      13      578      21
559      570      25      596      2
553      562      7      634      3
592      565      28      567      4
513      581      27      575      3
553      524      44      572      3
563      585      27      610      4
545      535      4      607      17
53      35      545      560      17
548      540      2      555      38
14      16      568      558      15
589      581      2      606      5
40      34      586      588      7
562      552      5      603      1
554      560      18      603      10
588      597      5      548      11
521      541      44      600      5
568      550      24      588      11
575      567      13      566      32
549      563      6      577      5
266      290      296      592      3
574      612      3      551      3
569      598      12      581      3
578      633      8      599      4
564      564      10      588      14
36      30      504      493      59
588      562      16      598      2
548      565      1      566      10
602      629      1      601      2
541      579      8      543      33
587      550      14      640      10
574      601      17      587      15
569      577      7      546      18
579      579      28      615      2
562      591      3      560      5
588      526      5      593      3
559      587      2      578      3
567      600      2      601      9
253      272      298      563      3
52      47      533      563      10
554      587      13      570      5
574      607      9      593      9
563      575      18      570      7
3      3      552      611      5
52      53      492      631      6
560      552      12      546      11
567      562      15      582      2
554      539      4      611      3
578      522      11      548      10
42      53      529      554      5
576      573      20      558      2
564      577      7      552      2
589      565      26      608      6
502      529      80      549      6
557      602      16      558      3
562      561      1      559      7
561      559      11      577      10
561      624      4      617      5
53      59      533      572      0
253      272      317      586      18
547      514      46      603      20
556      544      20      614      7
546      573      2      608      11
551      587      9      544      4
31      30      538      572      15
590      571      7      546      10
251      248      309      591      8
608      553      10      611      8
614      523      5      599      1
558      570      1      571      6
562      578      21      524      2
576      551      17      599      12
57      45      503      539      21
577      558      15      531      15
528      531      21      589      13
534      572      48      613      9
559      557      6      552      17
573      578      11      562      11
568      566      22      608      0
595      568      4      529      8
562      541      8      599      5
553      639      7      586      6
52      37      501      533      41
577      554      9      588      6
575      596      1      515      12
602      604      16      595      6
37      27      556      597      23
44      49      554      616      8
47      46      535      616      3
47      47      520      625      2
590      529      28      606      9
547      609      6      585      6
317      290      300      615      5
33      20      547      573      27
591      596      7      584      7
518      527      34      546      20
562      605      4      555      6
545      559      29      541      13
567      605      0      615      13
562      583      2      600      4
588      542      0      582      16
536      580      16      611      1
35      29      562      596      2
557      572      4      568      13
509      509      71      580      7
571      544      31      595      2
528      513      19      558      30
555      613      23      556      6
565      579      19      546      10
528      646      10      568      6
284      293      292      604      8
565      583      16      574      5
587      577      3      568      1
507      505      56      581      12
599      588      16      552      11
580      571      10      575      17
591      579      14      573      26
566      562      17      578      10
605      571      7      619      2
639      525      1      608      1
598      568      14      591      2
38      44      589      606      6
596      577      3      601      9
54      52      558      530      23
1      8      567      598      0
370      392      12      389      196
603      536      19      607      12
598      538      2      590      5
613      545      14      555      1
279      286      295      620      7
545      582      5      574      11
595      535      28      583      8
570      554      18      587      1
552      523      15      541      39
596      596      5      571      1
587      515      3      588      9
325      314      244      630      15
415      370      191      545      37
523      587      19      578      26
553      595      2      600      1
522      564      19      595      4
601      626      6      584      1
16      17      566      584      7
566      594      1      593      26
362      365      247      610      2
570      652      4      604      0
578      588      11      590      1
339      323      254      588      6
558      557      2      599      4
50      50      538      590      10
517      583      1      550      25
573      594      24      613      3
577      580      20      602      3
568      584      3      570      9
581      552      8      507      10
523      528      47      608      15
570      607      20      594      2
537      585      21      590      1
337      313      250      565      8
578      607      13      601      5
612      552      2      543      27
50      56      524      576      10
558      579      4      568      26
565      564      19      606      3
545      522      8      522      28
524      565      9      581      17
288      290      226      558      41
45      32      536      573      5
589      523      25      588      5
558      579      13      594      17
600      607      0      567      3
581      569      2      563      22
531      528      44      520      14
3      3      604      559      12
563      551      3      573      10
571      570      1      605      25
55      59      211      243      353
572      613      9      609      2
541      573      30      583      0
578      525      10      549      16
584      571      9      558      12
567      546      21      595      1
557      532      4      566      2
536      579      24      535      6
536      539      64      548      4
558      538      26      606      23
595      584      13      600      1
600      581      11      587      11
45      33      552      561      6
564      620      11      600      4
285      269      290      602      9
262      273      303      568      12
309      311      244      574      31
542      564      10      597      12
594      573      8      599      11
526      544      33      590      3
575      560      19      606      7
568      555      7      580      7
559      531      41      581      5
421      414      203      545      8
52      54      524      515      42
545      542      6      563      25
595      553      8      587      5
49      36      558      572      8
544      592      8      567      7
599      585      6      631      6
575      599      25      581      7
583      548      13      590      14
566      556      20      576      2
553      573      11      561      8
551      553      4      565      21
595      554      14      587      4
598      621      0      618      8
564      552      18      602      1
543      545      54      548      22
291      301      245      580      2
580      575      3      536      8
554      514      36      622      1
529      578      17      572      1
264      260      310      588      7
578      561      20      595      2
626      567      3      574      2
560      573      13      568      14
586      584      0      610      4
577      594      19      625      1
545      575      0      589      12
46      39      534      608      2
584      579      6      567      1
601      532      1      608      21
318      332      225      522      15
33      33      556      589      4
512      584      10      567      13
42      41      519      572      19
579      598      7      551      7
585      610      2      633      4
591      547      8      590      19
573      588      40      569      6
357      394      239      589      1
44      43      532      631      0
579      600      10      571      9
260      275      256      569      23
51      60      554      613      0
541      580      11      551      4
618      604      26      570      2
549      599      11      560      4
610      580      2      604      7
579      552      13      560      2
380      351      183      559      23
604      597      9      569      2
269      309      317      607      0
555      606      3      608      6
551      528      25      603      12
559      539      45      548      4
53      40      539      603      7
47      57      542      593      7
302      308      325      607      5
547      590      24      559      5
585      568      7      582      10
572      559      6      607      3
614      581      15      617      6
553      544      5      584      18
353      401      165      579      6
603      540      15      568      7
573      578      14      578      39
47      39      527      574      26
612      595      5      591      16
554      558      13      572      12
559      594      3      576      25
568      549      4      566      10
519      525      59      591      3
564      537      22      561      1
579      600      1      549      26
624      578      6      596      4
578      549      7      572      15
547      570      47      593      4
537      521      34      583      11
566      559      5      624      1
49      40      529      568      26
550      549      10      587      9
300      338      274      544      9
533      557      5      572      15
314      366      265      536      18
67      55      529      538      27
599      557      3      605      18
575      564      7      567      13
601      586      4      548      1
535      616      18      597      13
56      36      522      611      22
595      595      12      568      7
584      568      1      595      27
589      595      5      568      10
581      535      11      571      15
614      589      3      558      2
553      594      33      585      1
571      599      32      547      2
546      543      33      581      3
542      573      13      543      11
577      550      5      565      19
619      535      6      525      13
600      565      4      590      6
509      521      56      594      9
387      380      182      547      14
582      564      9      580      7
508      519      41      586      7
539      596      29      613      3
538      541      6      603      11
295      287      298      608      16
555      535      16      586      16
621      555      3      566      28
563      577      12      552      14
601      565      8      643      13
340      326      205      501      48
584      577      26      557      1
633      560      3      634      3
604      569      13      575      4
579      576      16      588      10
573      566      26      614      3
45      52      525      608      3
572      601      4      559      17
46      64      584      569      8
376      393      237      566      1
32      34      494      531      43
255      276      276      600      26
617      617      2      626      1
533      578      8      611      2
594      558      2      631      0
264      287      294      531      48
552      548      23      592      2
499      546      28      575      10
573      596      3      616      3
552      601      5      635      1
590      567      5      576      1
602      596      3      573      9
542      542      33      570      1
598      571      23      563      6
540      540      5      582      2
578      551      19      570      9
602      549      1      554      14
577      603      16      564      9
602      549      0      561      12
39      39      315      362      223
28      19      575      636      6
595      609      5      552      18
577      545      31      582      2
542      566      9      576      6
631      580      4      616      2
531      560      46      591      3
561      572      11      583      4
563      519      15      605      6
591      560      18      607      5
591      595      15      610      8
57      42      566      597      9
587      557      20      570      8
605      549      21      578      7
551      570      1      604      7
599      562      4      585      11
576      549      7      571      17
586      573      27      571      6
589      606      10      574      5
333      337      253      598      18
69      59      554      631      2
555      570      25      622      11
548      564      19      641      10
503      543      49      543      20
566      619      0      597      6
556      557      5      627      2
555      599      2      566      10
533      561      21      590      0
588      539      17      598      1
585      594      14      617      10
36      38      530      539      20
521      592      8      541      4
528      566      2      555      34
56      59      525      556      8
535      573      29      518      14
288      363      248      546      1
576      591      15      594      2
577      605      18      607      2
527      617      41      582      12
571      588      12      604      10
563      578      34      568      1
558      561      3      556      16
347      386      209      557      8
614      584      4      546      2
526      596      4      567      7
544      586      1      577      21
542      575      9      558      24
479      486      93      587      2
533      571      25      553      18
581      565      10      587      2
509      524      17      558      35
580      550      20      579      5
562      563      30      548      28
283      260      274      584      21
541      571      17      606      22
520      568      65      617      12
566      583      9      572      3
557      574      6      572      8
574      560      31      627      5
584      538      8      615      10
296      276      278      540      27
597      562      3      562      12
366      319      6      359      265
414      437      140      599      11
33      29      582      549      3
540      566      22      597      4
399      389      226      569      3
625      582      4      571      1
362      397      211      584      2
242      285      115      360      179
550      546      29      604      3
506      510      75      564      6
597      555      1      562      12
558      575      31      567      1
581      508      47      606      2
569      554      19      623      4
516      521      37      562      19
593      554      13      597      4
545      594      1      582      5
48      55      523      536      5
369      375      173      586      32
564      612      11      580      1
558      590      8      554      6
561      569      42      552      5
579      566      29      554      6
551      483      48      602      4
576      540      13      549      12
566      583      2      549      6
44      36      545      606      14
339      309      283      611      8
549      543      4      618      26
39      48      518      530      29
47      43      522      581      13
586      583      5      605      15
550      543      36      563      20
598      543      11      601      9
30      20      557      584      0
597      549      22      592      3
539      591      29      577      2
558      567      15      523      9
559      529      36      564      3
39      37      520      589      13
518      543      19      515      26
40      43      548      618      4
502      537      41      578      6
553      549      13      599      1
385      410      177      582      2
575      626      4      597      4
514      607      7      611      13
476      566      9      582      38
59      52      490      539      40
326      334      245      557      30
393      389      194      598      10
526      559      37      575      5
313      291      237      612      5
545      574      6      558      6
595      546      15      598      10
555      530      14      589      20
584      568      20      548      10
24      29      532      568      8
290      269      290      557      27
517      555      19      610      4
597      606      1      587      13
540      557      33      574      6
646      547      8      510      6
551      578      19      588      21
592      583      3      566      23
533      561      3      556      2
532      573      8      575      8
556      620      1      560      37
50      43      1      49      542
534      497      38      512      49
542      558      29      603      13
22      30      557      581      3
546      606      3      571      8
315      329      272      581      7
41      50      521      603      2
583      596      10      592      2
592      533      6      560      11
329      304      264      576      13
290      268      326      575      13
548      585      16      602      12
291      271      312      619      26
34      39      583      573      5
19      29      597      585      5
590      542      9      622      4
39      28      508      546      9
47      38      540      585      6
604      603      1      547      6
497      500      56      573      2
614      631      3      543      3
549      567      25      556      2
562      522      43      608      3
576      627      12      548      4
580      638      15      611      10
568      567      16      587      5
595      576      5      590      10
576      548      28      594      10
585      612      16      559      2
612      612      3      606      2
16      20      616      612      0
37      43      500      567      44
622      601      2      604      1
613      589      1      565      14
579      550      14      580      25
552      532      50      577      21
573      564      30      580      10
36      47      540      515      21
556      552      25      588      7
608      530      8      564      9
560      545      4      584      16
29      35      522      608      2
566      567      17      558      4
562      545      33      584      1
566      577      7      590      15
57      48      497      577      17
560      582      11      580      6
287      335      272      587      15
599      547      11      589      0
560      537      21      546      27
605      587      22      579      5
573      600      14      611      2
54      46      547      653      2
360      344      278      581      13
585      615      8      546      13
556      538      25      602      12
578      595      8      597      1
555      562      55      593      13
505      537      41      573      1
535      576      19      607      7
547      557      11      590      36
598      557      23      560      8
574      597      12      574      1
563      588      4      579      5
564      585      9      577      5
357      335      211      571      50
558      545      1      599      1
595      522      13      602      9
541      605      8      581      4
545      544      33      580      16
571      558      38      613      5
568      593      8      571      4
27      31      528      545      12
555      565      2      572      24
555      539      42      584      6
554      543      48      622      0
49      57      546      580      8
30      39      507      567      9
579      569      3      601      0
547      527      21      565      19
542      554      9      591      40
27      53      526      532      12
560      582      10      557      11
582      541      18      557      9
598      549      2      631      4
588      604      8      628      1
291      282      276      590      3
33      35      497      505      38
43      40      579      562      3
543      527      28      550      1
577      561      2      607      4
529      551      3      563      7
554      543      16      602      0
584      599      7      578      3
613      560      13      631      17
590      549      29      590      2
582      588      16      587      1
536      549      37      585      28
590      578      6      606      1
559      553      4      591      25
579      576      1      576      1
578      612      4      553      10
278      312      295      570      9
584      606      8      603      1
568      582      15      610      17
622      601      5      591      8
564      546      29      577      9
570      553      7      580      7
549      566      0      578      8
581      540      24      582      4
586      552      1      599      11
568      553      7      587      1
547      533      10      571      21
592      556      19      589      5
533      568      14      527      8
594      644      0      591      2
606      627      24      568      3
531      638      6      588      6
60      61      520      567      5
234      254      317      604      3
511      589      26      603      9
577      574      1      561      0
30      34      560      579      4
556      563      15      556      1
586      549      5      607      0
528      579      16      575      27
565      579      19      590      4
554      570      6      584      8
601      576      6      603      6
564      557      5      596      9
553      574      9      593      4
540      554      3      582      7
593      565      5      596      0
544      605      15      585      1
543      552      19      587      6
595      573      1      553      5
612      527      3      600      26
565      589      37      557      2
588      592      4      578      25
568      577      11      612      4
42      45      580      551      2
531      574      11      593      20
538      533      32      607      1
52      46      564      602      3
565      551      31      606      5
538      584      8      612      5
45      46      547      601      1
560      613      7      609      7
582      520      4      549      31
575      570      18      616      1
565      557      31      624      3
548      545      12      594      5
539      572      16      600      21
596      580      2      599      1
562      556      2      575      14
576      595      10      546      5
557      562      53      570      4
577      581      1      575      4
560      551      0      613      9
509      581      17      579      8
611      541      2      585      2
571      574      1      615      9
628      597      5      601      5
553      557      35      548      10
284      287      9      259      323
487      562      25      558      23
580      605      3      606      1
564      558      8      570      5
549      569      17      581      11
367      354      222      644      7
569      557      27      608      3
56      52      547      522      2
582      529      29      581      7
310      311      214      559      14
545      554      28      578      1
550      567      11      583      8
612      575      17      600      5
563      525      24      538      8
556      596      24      568      4
620      566      4      591      1
50      59      508      600      7
532      556      36      557      2
549      577      19      634      10
333      323      287      596      23
608      561      9      522      8
554      512      26      585      5
582      611      7      546      8
264      259      252      586      37
565      583      3      551      16
559      600      4      620      5
587      581      15      602      9
582      539      19      526      14
521      553      12      572      4
556      553      58      626      2
265      311      121      365      189
565      562      8      593      11
631      622      7      596      2
598      573      4      609      4
557      589      1      595      3
57      50      548      583      1
543      585      33      600      6
552      533      34      632      11
621      574      0      597      0
519      528      62      558      13
570      570      0      586      8
331      337      227      636      9
584      637      5      555      12
566      545      13      597      1
557      586      0      577      5
537      541      5      615      13
45      40      483      595      10
553      550      8      590      8
572      626      6      556      17
530      543      22      573      1
562      586      5      636      2
589      633      10      586      0
560      601      2      583      6
313      238      314      603      0
598      571      5      557      13
520      531      95      581      9
552      604      19      570      1
354      355      250      561      14
513      541      57      598      6
573      543      5      567      1
554      580      19      567      1
596      624      9      615      3
264      282      317      582      4
348      362      218      572      1
611      556      20      607      2
395      379      242      587      4
526      588      6      611      19
580      588      11      556      5
622      583      3      588      2
356      400      218      623      5
506      547      14      574      7
34      37      552      608      11
539      532      22      543      2
554      535      53      580      3
283      261      298      560      1
565      593      12      581      1
583      597      11      535      2
364      389      202      584      0
53      57      504      522      73
530      595      24      579      6
32      39      546      571      18
515      586      21      536      4
589      574      5      555      4
612      610      1      629      7
629      574      14      572      3
57      41      560      583      2
600      584      13      619      5
595      549      25      600      7
591      608      5      594      4
548      564      1      537      30
553      561      32      544      1
576      545      13      576      14
569      532      8      553      25
48      60      525      621      9
51      38      507      614      1
582      542      17      575      14
354      389      217      602      11
275      283      226      538      102
576      566      11      643      15
550      609      3      557      25
32      38      547      598      14
625      593      7      514      12
629      636      2      618      7
569      580      0      607      11
586      586      8      592      3
564      558      1      581      19
561      554      19      560      8
565      591      8      568      19
610      606      2      603      1
502      564      19      588      13
322      323      271      551      4
52      44      494      556      61
554      593      23      581      4
608      498      12      591      9
580      517      2      573      1
584      591      5      564      5
554      590      14      597      4
625      589      5      651      3
553      592      32      634      2
509      512      61      599      3
554      555      0      594      8
540      562      35      589      2
571      561      7      592      14
625      552      23      606      4
578      547      1      599      2
617      572      5      595      13
46      45      553      559      0
549      579      8      566      15
395      407      228      577      18
638      555      6      585      2
575      598      3      595      4
520      570      30      536      25
572      609      12      525      4
563      526      28      548      18
523      567      22      597      13
33      33      341      416      199
556      536      22      607      12
512      490      67      585      7
596      564      13      592      15
549      549      31      575      22
599      581      4      606      13
593      580      13      605      5
564      598      26      555      10
29      33      526      540      58
320      292      250      565      2
531      479      38      545      24
567      576      1      574      13
575      569      6      592      26
568      643      1      560      14
556      579      8      618      2
555      587      7      567      3
54      56      460      574      40
571      528      2      567      14
275      259      281      542      40
613      581      2      559      6
582      565      4      583      13
583      585      4      591      0
551      630      1      570      3
553      528      2      581      11
540      588      15      571      5
347      316      252      558      6
560      600      26      578      19
33      41      546      585      10
397      398      196      591      23
526      499      58      614      4
595      540      10      565      21
534      565      17      596      8
612      584      16      573      1
555      559      11      570      6
530      578      1      587      6
49      47      540      547      9
566      583      20      593      7
559      593      21      547      21
609      574      3      629      2
28      31      8      35      547
542      541      19      558      29
574      601      3      549      1
580      575      12      600      1
574      589      8      579      10
560      589      2      622      20
558      585      36      627      0
584      579      11      585      8
581      596      14      575      2
561      597      4      582      8
566      594      10      589      12
550      557      37      599      1
546      503      74      568      1
599      575      2      603      6
575      538      22      603      5
36      50      546      630      9
56      43      547      532      4
54      53      548      582      22
52      42      201      284      350
574      591      22      599      19
572      593      11      562      14
571      586      4      549      4
576      531      11      565      3
545      562      12      567      23
550      588      4      531      28
485      516      70      582      2
32      39      495      509      13
368      360      214      588      7
582      588      1      603      3
36      39      512      573      10
563      607      6      590      6
366      325      239      577      18
566      580      8      531      7
513      459      114      563      1
589      571      7      621      2
541      589      11      635      4
631      577      1      599      5
561      576      13      607      1
222      295      303      584      25
548      632      2      593      0
582      526      14      583      0
581      573      4      569      7
571      606      4      626      5
44      54      568      590      3
562      594      10      611      2
46      52      545      604      2
578      550      13      626      2
577      563      2      575      2
553      565      14      569      11
48      55      521      580      16
596      547      3      531      16
562      558      4      598      19
343      322      269      547      3
558      589      0      556      2
537      589      2      584      22
280      266      309      574      7
610      580      8      593      12
588      585      6      670      6
561      561      35      573      6
607      588      15      545      9
590      553      15      568      5
301      313      230      582      32
609      586      7      620      6
605      607      2      602      5
575      572      7      587      4
399      435      180      596      18
568      540      22      602      2
569      541      1      524      13
271      290      291      599      10
601      556      5      612      5
47      47      549      579      8
568      553      15      575      4
567      572      2      559      10
610      567      6      577      5
363      349      241      604      2
41      37      498      573      32
599      548      20      556      18
609      582      6      590      1
619      563      2      562      15
595      603      12      604      4
558      610      6      546      34
520      589      22      552      2
566      551      5      586      19
652      572      9      591      1
573      568      7      634      2
345      310      174      448      116
578      560      40      589      9
575      595      19      609      9
543      581      11      573      8
556      610      6      616      19
543      539      28      576      17
595      604      14      554      3
488      527      26      578      10
557      575      3      601      3
329      345      223      582      7
484      543      25      552      21
560      588      5      627      2
270      243      292      608      2
508      547      19      566      16
37      33      556      577      12
365      309      232      543      8
579      549      22      554      6
581      599      5      627      3
547      573      11      548      12
386      349      201      589      5
503      504      80      567      4
596      616      7      573      1
287      308      232      576      43
560      573      21      603      1
600      595      2      640      1
563      619      19      583      3
554      571      9      600      4
592      572      21      573      3
581      597      3      512      6
559      552      6      579      13
526      567      11      603      7
563      592      28      568      13
603      591      7      595      9
601      562      17      590      1
563      536      29      589      21
38      30      556      557      34
573      583      3      575      0
522      517      25      505      54
582      605      5      568      1
590      533      39      600      4
299      282      312      565      10
584      593      7      593      14
354      323      213      582      11
602      609      3      594      16
610      557      4      600      6
583      572      14      613      0
579      618      4      587      4
592      598      16      573      4
547      535      11      618      13
517      535      50      630      9
547      579      2      516      14
580      541      12      609      13
604      552      11      585      2
592      598      4      566      7
569      533      22      548      2
591      600      3      599      2
27      29      351      369      209
562      548      5      569      12
576      553      14      648      14
580      607      22      563      4
565      608      9      620      6
567      540      4      606      23
562      579      9      592      2
532      506      36      559      19
287      288      292      584      7
384      371      168      566      23
47      48      569      554      4
505      564      8      610      20
266      262      324      572      3
399      376      189      549      12
590      522      5      559      3
530      600      37      604      16
616      537      3      598      6
615      582      11      544      2
552      590      27      559      7
569      522      41      579      21
575      601      15      563      5
