1649      1682      818      2548      26
2511      2519      34      2533      12
2388      2349      109      2444      110
2491      2504      79      2483      9
2568      2530      7      2527      6
2526      2436      65      2456      43
2512      2503      34      2526      29
195      197      2369      2462      46
2547      2491      21      2575      42
2414      2443      130      2546      55
2528      2469      48      2410      117
2466      2433      44      2474      74
1195      1206      1338      2546      6
2503      2540      44      2577      17
2227      2215      48      2199      297
2427      2487      71      2561      71
2521      2511      57      2540      57
224      226      2174      2383      121
2560      2502      37      2609      13
2536      2510      23      2508      50
2532      2515      17      2541      42
2373      2372      72      2554      110
2440      2433      108      2574      30
2426      2493      117      2573      40
2543      2510      35      2561      6
2516      2555      5      2578      22
2251      2271      229      2474      139
245      225      2222      2459      61
1138      1173      1323      2499      86
2570      2555      9      2531      24
2467      2456      105      2575      31
2379      2373      79      2424      60
2539      2533      100      2522      21
2419      2489      21      2434      46
2544      2494      7      2620      7
2407      2521      20      2422      82
2465      2395      110      2499      86
2341      2302      142      2511      39
2500      2447      59      2438      81
235      249      2154      2470      134
2477      2527      18      2495      54
2513      2498      17      2530      5
2569      2546      8      2600      5
2473      2538      75      2587      6
2477      2448      40      2508      81
1332      1210      1193      2384      122
2478      2433      48      2446      106
1639      1772      839      2625      7
2490      2469      42      2609      8
2365      2345      165      2536      31
205      194      24      231      2391
2407      2434      4      2520      148
2466      2497      32      2643      6
2634      2578      18      2521      6
2420      2483      145      2443      20
2483      2478      62      2449      78
2550      2433      79      2551      11
2607      2533      70      2575      5
2504      2441      129      2633      12
1544      1542      983      2582      16
2460      2499      74      2472      26
2306      2350      110      2417      77
2257      2298      228      2496      29
2493      2516      47      2538      24
2368      2332      184      2568      9
2435      2316      12      2357      139
1162      1176      1342      2556      11
2482      2490      52      2531      17
2439      2606      27      2580      6
2583      2522      13      2528      20
1194      1183      1158      2429      159
2419      2570      79      2616      8
2513      2435      73      2522      46
2553      2588      61      2577      7
2447      2557      31      2515      56
2432      2397      84      2484      62
2440      2470      70      2532      10
1767      1807      778      2533      9
2292      2369      108      2423      117
2495      2460      63      2539      6
2558      2614      15      2554      6
2428      2479      76      2569      24
1479      1473      1062      2553      6
2486      2510      28      2491      4
2476      2468      53      2521      28
2585      2557      34      2547      24
2429      2466      32      2552      26
179      178      2360      2463      147
2579      2570      11      2507      39
2558      2608      23      2571      5
2561      2484      35      2528      38
2558      2421      49      2446      22
1802      1797      745      2552      7
1325      1226      1271      2455      122
2395      2407      49      2465      76
2313      2468      71      2567      40
2591      2558      41      2530      5
2282      2281      264      2524      35
2571      2491      42      2650      7
2413      2442      112      2571      5
1204      1175      1365      2537      23
2511      2617      25      2526      9
2455      2471      51      2505      3
2292      2456      90      2525      43
1220      1250      1265      2510      77
1529      1572      684      2243      356
2484      2442      53      2549      11
2555      2622      3      2561      3
2508      2482      23      2549      16
2428      2434      92      2457      31
247      225      2080      2269      268
252      261      2341      2614      8
2438      2437      68      2522      44
123      117      2425      2592      30
2473      2563      18      2562      5
2382      2392      44      2481      71
2452      2458      57      2507      48
2498      2485      16      2535      26
2530      2463      10      2467      90
1482      1486      1011      2493      83
2547      2495      35      2580      8
192      197      2122      2287      307
2423      2554      46      2654      12
2405      2486      16      2523      42
154      148      1644      1722      780
2480      2623      11      2532      8
2324      2239      182      2500      92
2532      2527      63      2595      25
2443      2477      75      2451      84
1741      1688      764      2489      61
2466      2386      114      2569      4
2515      2413      64      2541      30
2546      2505      57      2634      29
2473      2539      37      2434      24
2491      2442      68      2509      79
2354      2251      183      2607      32
10      10      2519      2578      73
2440      2409      17      2552      67
2477      2525      50      2457      49
2511      2532      7      2583      56
2441      2428      22      2509      82
2470      2503      62      2514      30
2599      2485      17      2513      17
1778      1741      798      2572      19
2521      2525      8      2517      6
2242      2177      347      2491      43
2433      2392      153      2548      20
1075      1164      1387      2579      43
2393      2422      25      2517      123
2387      2343      206      2547      8
2574      2477      57      2497      6
2539      2609      20      2511      42
2461      2415      55      2512      55
1686      1621      934      2570      5
2374      2386      65      2461      33
172      175      2285      2453      17
1244      1197      1301      2450      20
2498      2562      57      2617      29
2464      2560      13      2572      6
2564      2423      35      2594      7
2468      2578      19      2595      6
2638      2591      42      2501      23
2401      2433      99      2573      9
2491      2551      5      2580      21
2490      2440      109      2544      45
2478      2457      41      2501      89
2500      2517      24      2540      14
2528      2458      11      2581      6
2474      2483      31      2551      61
1204      1147      1314      2522      37
2543      2498      7      2399      27
2474      2565      46      2525      24
2404      2398      144      2584      6
2648      2541      49      2518      9
122      120      2339      2516      54
2454      2374      53      2574      50
2457      2494      21      2441      45
2295      2307      194      2453      89
2462      2498      38      2512      40
2548      2495      20      2469      19
2541      2519      16      2558      9
1194      1277      1010      2235      354
2475      2522      30      2449      11
2421      2414      72      2567      74
2373      2495      23      2455      62
2441      2403      37      2532      87
2442      2398      68      2477      64
2512      2492      55      2507      15
2476      2441      32      2473      24
2442      2422      33      2559      95
126      124      2419      2516      25
2463      2536      41      2594      7
2450      2554      28      2534      22
2500      2524      47      2491      14
2472      2453      72      2460      41
1230      1255      1309      2539      4
190      156      2489      2586      10
69      69      2477      2618      25
1669      1694      835      2555      55
2433      2400      144      2501      19
224      246      2300      2506      22
2467      2547      16      2594      12
2547      2517      15      2568      7
1761      1738      821      2481      3
2568      2553      14      2556      42
2603      2454      41      2607      6
261      252      2323      2569      27
110      113      2396      2570      17
2363      2371      67      2453      93
1221      1260      1271      2510      17
2430      2575      5      2589      50
1503      1499      1083      2420      6
2466      2491      75      2444      76
2512      2471      54      2525      10
2453      2496      34      2546      26
1544      1581      274      1714      785
2594      2502      68      2548      44
161      174      2343      2545      65
2542      2515      17      2534      17
2456      2428      183      2533      12
2507      2510      21      2470      68
253      238      2321      2612      6
146      129      2284      2483      113
2519      2511      25      2566      21
225      266      2238      2581      12
2601      2588      9      2514      28
1230      1247      1038      2278      316
2398      2422      78      2603      17
186      181      2312      2594      54
1534      1555      31      1499      1027
2464      2472      16      2485      69
2417      2475      39      2654      20
2346      2407      117      2590      31
2291      2335      178      2505      40
2578      2523      8      2604      7
2519      2548      12      2499      49
2394      2424      60      2471      93
2393      2436      206      2538      6
2476      2529      71      2511      27
2575      2525      8      2628      41
185      177      2394      2522      30
1143      1253      1341      2535      67
2512      2566      15      2585      7
2481      2553      16      2535      18
2396      2483      47      2534      105
2462      2520      39      2532      38
2509      2516      19      2598      7
2397      2332      161      2482      19
2583      2553      26      2630      17
2530      2462      100      2560      21
250      234      2240      2554      84
2575      2495      20      2512      57
2476      2394      64      2568      74
2357      2373      134      2580      21
2425      2447      40      2441      103
2369      2494      105      2521      13
2494      2467      95      2536      6
2650      2494      42      2524      6
2393      2435      22      2541      53
2560      2590      23      2533      7
2313      2375      92      2453      66
2446      2507      35      2561      27
2418      2388      98      2602      26
2470      2493      31      2452      14
2484      2487      18      2559      66
2576      2465      25      2516      51
2469      2453      78      2583      50
2246      2233      256      2590      60
2519      2378      8      2599      72
2575      2469      36      2565      7
2577      2570      21      2575      12
2527      2442      34      2486      64
1335      1441      1120      2549      18
209      220      2336      2537      13
1523      1443      916      2376      164
1811      1729      722      2512      87
2490      2543      40      2530      26
2483      2418      18      2569      48
2333      2431      167      2568      7
2511      2563      77      2575      8
2479      2478      26      2526      47
1666      1627      900      2573      23
2428      2407      64      2451      60
1188      1208      1383      2583      37
1535      1541      1004      2549      63
2320      2388      196      2445      38
221      214      2381      2617      48
1268      1212      1212      2570      21
55      66      2422      2566      40
2479      2551      22      2433      49
2320      2382      189      2621      16
2399      2498      69      2485      47
2514      2530      9      2525      26
2339      2452      90      2529      75
1457      1532      1077      2448      31
2529      2550      40      2591      13
2508      2579      8      2508      57
2496      2457      30      2569      31
203      172      2147      2369      143
2466      2557      93      2601      24
2397      2431      144      2545      41
2463      2465      124      2499      6
2512      2532      26      2538      27
1253      1296      1268      2504      6
2459      2448      129      2583      10
2485      2535      21      2569      37
279      239      2300      2568      12
2584      2547      18      2548      27
243      248      2260      2357      132
2423      2418      71      2569      45
2458      2454      37      2458      55
2551      2472      31      2520      13
1276      1271      1317      2551      36
2342      2378      108      2487      69
2301      2190      249      2585      39
2528      2446      29      2549      59
260      226      2283      2544      29
2588      2439      11      2520      42
2313      2350      135      2436      61
2439      2490      48      2537      23
1460      1488      1001      2553      16
2561      2554      24      2556      18
2427      2422      34      2556      76
2574      2547      17      2550      21
2388      2316      153      2537      79
2472      2378      26      2411      145
2581      2500      15      2487      55
2583      2455      4      2621      42
1739      1744      805      2527      20
1508      1538      982      2469      99
2544      2472      16      2620      28
2472      2533      31      2515      8
2596      2547      13      2548      16
2544      2516      49      2597      19
2332      2417      141      2541      95
2514      2515      35      2503      103
2549      2605      21      2531      11
2604      2496      26      2577      35
227      235      2258      2525      14
2409      2435      82      2458      65
2478      2538      7      2571      21
2512      2464      14      2527      5
2387      2270      146      2558      10
2293      2337      212      2585      17
2440      2467      54      2534      40
2360      2422      110      2599      39
2406      2464      27      2469      111
2434      2425      42      2542      48
2460      2340      99      2484      82
2486      2381      49      2458      37
2476      2572      7      2525      48
2509      2425      65      2613      5
2473      2543      51      2537      20
2522      2537      8      2583      13
2435      2396      37      2503      126
2392      2329      86      2391      88
2373      2324      83      2517      55
1034      1128      1524      2501      3
2514      2568      18      2532      7
2573      2538      13      2560      8
2478      2526      9      2493      33
187      170      2262      2406      72
2500      2448      22      2573      10
2379      2468      41      2600      116
2501      2585      21      2569      14
1460      1483      1027      2494      58
2397      2483      68      2558      49
2450      2426      126      2521      28
2423      2551      98      2529      51
2537      2547      18      2605      5
2537      2491      5      2565      12
2362      2482      133      2494      16
1234      1315      1118      2485      133
2488      2505      41      2421      28
2375      2419      71      2487      85
2502      2476      51      2650      37
2428      2409      150      2501      23
2542      2449      37      2480      70
1492      1483      1055      2580      2
2660      2552      41      2652      6
2439      2529      43      2524      77
249      260      2324      2599      6
2511      2499      37      2553      89
2456      2497      3      2567      34
2355      2369      143      2475      73
2328      2250      190      2447      99
216      245      2292      2466      98
2419      2453      103      2523      17
2387      2470      140      2571      7
237      231      2249      2593      20
193      162      2260      2487      144
2469      2533      40      2539      17
1726      1826      754      2643      26
2435      2437      48      2437      96
2559      2497      47      2606      61
2423      2395      114      2519      25
2411      2478      28      2356      99
2440      2325      224      2523      5
2480      2468      80      2588      14
1774      1765      681      2423      63
2621      2572      5      2551      20
2575      2391      73      2573      5
2461      2505      63      2498      17
1492      1447      1051      2565      30
2443      2460      34      2465      51
2478      2490      41      2557      8
1229      1239      1167      2466      82
1235      1222      1240      2516      87
2509      2401      63      2528      48
1161      1226      1281      2538      70
2442      2418      92      2492      100
2390      2420      50      2473      9
2614      2530      17      2608      8
2447      2500      81      2552      14
2537      2458      4      2536      26
2516      2504      67      2503      25
2542      2497      54      2506      8
1650      1592      743      2453      154
2533      2518      9      2540      69
2515      2584      18      2493      19
1531      1566      1020      2532      40
2469      2472      62      2557      13
2530      2552      49      2583      39
2544      2492      64      2569      8
2377      2374      61      2431      74
2408      2554      14      2532      83
260      251      2352      2530      12
242      227      2260      2556      58
2567      2517      14      2569      17
208      227      2280      2549      13
2416      2425      39      2479      62
2489      2341      29      2481      99
2299      2341      239      2552      7
2549      2556      11      2626      11
259      261      2127      2402      165
205      203      2358      2544      66
2497      2387      96      2587      2
2443      2346      34      2506      142
2515      2493      7      2412      84
2582      2456      51      2532      12
2512      2522      30      2445      56
2468      2522      49      2626      7
2481      2410      32      2455      73
2463      2496      80      2525      2
2577      2510      6      2469      12
2397      2543      9      2518      116
2504      2442      52      2510      9
2496      2458      42      2427      52
223      187      2357      2538      30
183      206      2307      2482      45
2404      2355      105      2485      88
2492      2523      49      2544      28
2337      2388      180      2536      20
2488      2511      72      2598      7
2464      2385      137      2503      6
2463      2482      117      2632      26
2452      2595      52      2587      5
2478      2466      67      2494      92
2555      2571      16      2567      6
2477      2518      47      2622      6
1307      1292      1244      2546      6
1743      1682      780      2577      55
2372      2369      153      2555      26
1234      1223      1297      2603      41
2456      2529      91      2455      27
1746      1714      749      2457      33
2551      2534      37      2562      22
2395      2357      101      2559      17
235      214      2164      2553      40
2442      2451      50      2623      20
2464      2483      22      2465      80
2571      2458      12      2586      16
217      236      2276      2524      32
1470      1457      1152      2559      7
2490      2469      18      2561      67
2424      2360      90      2527      82
2373      2322      179      2558      14
2293      2337      193      2516      36
2404      2567      50      2560      18
2511      2529      7      2589      57
1706      1742      734      2476      131
2415      2370      133      2611      7
2290      2393      119      2554      42
2597      2483      37      2627      31
2476      2375      35      2416      69
2500      2474      70      2548      31
2335      2370      193      2503      44
168      187      2270      2533      127
2394      2578      23      2464      72
2445      2531      102      2585      7
2382      2391      124      2581      43
207      228      2303      2464      81
2310      2340      80      2336      213
2572      2492      8      2622      33
1436      1430      847      2198      274
2400      2365      148      2554      4
2517      2396      118      2526      56
2505      2492      52      2484      88
2476      2428      126      2498      12
2463      2512      6      2478      58
2567      2399      100      2565      11
2464      2529      2      2691      10
253      249      2261      2511      41
1219      1191      1221      2594      91
261      241      2279      2568      61
2369      2435      25      2520      138
1620      1685      889      2614      31
2580      2507      16      2605      19
2470      2552      25      2526      109
1497      1477      1072      2549      13
2507      2462      22      2570      28
2422      2427      109      2555      58
2498      2483      21      2503      8
2456      2484      10      2414      70
2635      2532      22      2579      11
268      253      2246      2583      21
2493      2387      54      2494      72
2488      2383      36      2496      83
2404      2369      139      2534      3
2561      2533      8      2539      68
2476      2463      29      2521      90
233      252      2267      2458      20
2446      2471      64      2476      56
2400      2448      117      2547      17
2317      2467      169      2563      5
1738      1792      698      2457      58
2585      2571      40      2549      12
2421      2527      6      2512      60
2572      2604      19      2482      7
2513      2524      19      2564      27
2484      2521      25      2497      37
2427      2365      44      2462      103
2569      2573      16      2544      31
2443      2466      35      2595      68
2407      2383      225      2526      18
2388      2432      42      2419      67
2480      2350      153      2515      9
2567      2520      6      2613      5
2541      2527      56      2644      29
218      181      2223      2392      174
1250      1195      1301      2421      43
2521      2541      21      2552      35
2431      2443      22      2564      81
2311      2295      183      2577      65
2343      2484      79      2501      103
2458      2561      39      2575      8
2504      2403      86      2527      35
1298      1269      1314      2471      59
2574      2559      14      2506      42
2558      2610      13      2599      11
1201      1216      1412      2624      10
2481      2544      62      2493      22
1706      1750      761      2462      78
230      223      2230      2440      111
2325      2376      177      2484      41
2444      2414      36      2452      70
2455      2494      126      2573      6
2493      2450      102      2436      7
2492      2525      47      2621      8
2341      2417      73      2531      41
2477      2502      17      2453      47
2640      2491      7      2578      20
2600      2491      7      2499      70
2362      2382      59      2460      87
1493      1528      1003      2580      74
2652      2569      8      2495      24
2314      2441      135      2557      8
235      237      2304      2502      18
2453      2353      133      2497      60
2296      2213      238      2474      90
2492      2503      67      2516      17
2507      2447      14      2480      102
2476      2384      58      2527      46
2520      2434      70      2608      8
2442      2432      62      2559      11
1127      1185      1382      2585      41
2507      2430      31      2539      54
1701      1781      759      2442      89
2456      2419      21      2423      98
2553      2534      20      2498      41
1495      1486      1067      2554      6
2489      2437      100      2624      32
2464      2377      108      2520      58
1161      1173      1252      2552      85
2488      2630      43      2607      21
1838      1767      781      2578      5
2544      2546      67      2493      6
1537      1531      957      2466      63
2314      2278      101      2484      103
2533      2464      77      2543      22
107      91      2465      2446      45
1731      1705      831      2528      39
87      94      2462      2502      4
2338      2402      145      2520      23
2383      2448      68      2502      23
1805      1795      747      2566      31
2455      2405      128      2485      20
2382      2340      234      2609      18
1755      1717      776      2519      14
2397      2457      25      2583      67
2407      2400      166      2466      27
2617      2541      42      2577      18
2508      2524      16      2442      37
2581      2513      8      2569      47
2493      2498      78      2377      22
2363      2381      21      2421      76
2364      2457      79      2491      40
2263      2305      323      2592      3
218      247      2402      2517      8
2486      2550      50      2562      22
2446      2416      5      2442      80
2546      2456      49      2522      58
1251      1253      1315      2518      49
1579      1495      977      2461      77
1538      1478      1056      2498      9
1521      1528      1015      2522      44
2619      2584      20      2543      5
1699      1773      833      2508      9
2385      2370      54      2475      144
2608      2530      9      2576      8
2451      2432      31      2570      6
2543      2433      29      2490      84
2534      2544      10      2526      16
2481      2542      23      2565      34
2445      2450      46      2555      33
2552      2438      25      2499      65
2442      2396      44      2524      60
2457      2387      120      2459      104
1268      1206      1125      2372      130
2507      2610      33      2549      9
2426      2517      93      2656      10
2511      2558      34      2490      9
2360      2300      223      2531      42
230      221      2163      2458      118
2483      2446      8      2409      102
2369      2481      58      2520      31
2599      2504      5      2508      13
2440      2311      82      2466      108
2501      2428      14      2489      62
2331      2383      119      2500      59
183      211      2231      2516      103
2405      2372      66      2572      31
2489      2568      12      2530      24
2355      2485      71      2573      38
2538      2522      20      2551      15
2414      2430      87      2408      82
2517      2417      143      2577      10
2384      2419      82      2521      39
2426      2436      84      2658      21
1449      1432      1074      2644      8
151      183      2343      2497      20
2409      2439      137      2563      38
2589      2581      32      2538      23
2583      2516      51      2533      12
183      187      2293      2529      33
2482      2369      14      2391      122
2470      2490      100      2562      39
2317      2371      111      2560      59
2292      2312      260      2538      49
2436      2567      14      2520      13
2410      2425      106      2525      11
2398      2367      41      2467      125
2488      2377      123      2533      23
2409      2468      153      2620      11
92      93      1334      1449      1149
2592      2461      11      2519      12
2496      2472      46      2519      4
2511      2479      95      2558      13
2392      2401      147      2504      51
231      251      2303      2487      19
2400      2458      38      2443      48
200      198      2199      2623      33
2391      2496      74      2572      17
2447      2578      26      2660      15
2338      2431      123      2498      38
2553      2557      9      2541      16
2354      2591      7      2419      126
2466      2605      96      2587      5
1737      1664      830      2449      86
2581      2517      26      2525      10
2579      2519      21      2598      9
2433      2457      75      2441      63
2478      2498      68      2404      68
2358      2435      27      2498      57
2316      2403      204      2547      18
2573      2546      24      2593      17
2488      2622      38      2508      3
2520      2446      35      2569      40
2481      2577      37      2494      6
1272      1286      1217      2574      40
2554      2516      49      2528      21
2548      2488      6      2543      36
2479      2452      81      2550      28
2369      2316      221      2611      3
2500      2543      49      2453      27
2466      2481      60      2520      43
2469      2528      51      2460      19
1095      1054      1449      2572      12
2517      2442      88      2559      7
1146      1289      232      1419      1163
2518      2469      17      2572      28
1855      1835      777      2562      42
2498      2549      16      2608      23
2497      2551      50      2596      69
1500      1533      1007      2532      10
2531      2548      30      2614      6
1378      1361      1146      2483      75
2449      2523      18      2530      24
2345      2330      150      2518      28
2493      2458      96      2536      11
254      223      2124      2362      204
2535      2570      23      2517      14
2524      2520      13      2441      34
2522      2511      45      2511      37
2530      2533      21      2529      14
2550      2544      29      2632      13
241      248      2264      2521      29
2419      2551      108      2563      5
2536      2458      66      2628      21
212      195      2371      2549      48
236      238      2288      2543      4
2449      2349      19      2499      120
2470      2602      7      2536      37
1268      1217      1331      2551      11
2431      2512      106      2507      34
2481      2434      9      2461      86
2524      2503      71      2537      13
2345      2425      145      2579      6
2388      2373      113      2464      19
2328      2322      179      2552      14
2587      2463      9      2574      93
215      221      2261      2527      18
223      215      2296      2547      59
2445      2419      52      2583      77
2399      2453      75      2592      19
2440      2468      91      2490      9
2506      2460      17      2511      23
2410      2389      68      2434      143
2552      2554      10      2571      20
2475      2460      21      2456      53
148      163      2361      2456      74
2446      2445      36      2382      104
2574      2429      65      2483      69
2434      2391      53      2517      47
2424      2566      35      2509      39
2559      2550      7      2618      8
2511      2518      49      2552      12
2556      2425      100      2568      22
2346      2498      32      2571      42
2421      2451      30      2446      66
1708      1751      796      2523      42
1054      1101      1455      2519      48
2543      2511      77      2530      28
1518      1609      970      2574      24
2408      2471      78      2490      56
2582      2579      19      2573      11
2542      2567      50      2525      46
2529      2628      7      2491      23
155      159      2407      2548      17
2533      2463      31      2540      57
1648      1664      848      2524      34
2529      2544      4      2598      7
1444      1489      1020      2488      83
2503      2435      24      2455      62
2569      2513      30      2497      42
203      191      2239      2394      193
2519      2501      12      2483      9
2491      2584      42      2519      7
2480      2593      10      2471      56
2494      2537      26      2643      16
2618      2498      27      2532      6
2437      2500      40      2475      56
213      195      2345      2482      34
2489      2552      52      2564      39
2423      2447      24      2589      16
2465      2524      15      2488      41
2465      2581      55      2522      15
2505      2509      23      2514      3
2402      2390      153      2538      33
2424      2414      190      2581      26
2586      2482      11      2618      9
2487      2487      67      2439      49
2532      2423      98      2547      18
2481      2501      70      2508      13
2478      2541      60      2554      8
2484      2608      11      2466      48
247      240      2212      2436      79
2507      2493      36      2568      11
2502      2494      6      2528      54
2478      2446      44      2481      53
234      191      14      258      2346
2430      2408      164      2580      9
2453      2321      72      2375      72
2589      2579      16      2542      47
2473      2509      23      2606      23
2416      2387      101      2587      11
2546      2464      36      2520      44
227      239      2265      2531      47
2371      2361      32      2366      140
1769      1741      821      2666      21
172      178      2430      2548      16
2481      2565      20      2433      22
2406      2511      26      2563      34
1827      1809      713      2436      63
1245      1281      1254      2470      18
2446      2381      120      2546      59
2534      2517      19      2406      78
2497      2512      98      2457      18
2299      2353      275      2553      7
2541      2474      46      2537      43
2360      2331      35      2459      155
1493      1486      1024      2449      46
2443      2447      128      2448      33
2496      2599      27      2455      6
2492      2495      37      2546      6
2310      2410      105      2517      100
1243      1270      271      1514      990
1779      1871      42      1838      792
2309      2316      237      2491      16
186      187      1259      1407      1102
130      121      2387      2427      33
2271      2197      214      2548      136
2480      2522      42      2445      5
2242      2219      327      2562      21
2588      2417      26      2427      45
171      163      2285      2521      59
2406      2468      90      2552      67
2540      2517      6      2532      34
1158      1140      1283      2377      149
2440      2367      14      2456      121
2452      2436      19      2412      136
2368      2426      124      2464      54
2489      2374      47      2475      117
2429      2505      83      2611      15
246      247      2278      2435      38
2543      2405      93      2599      13
1226      1212      1238      2542      12
2454      2499      57      2485      9
1733      1735      848      2487      32
2287      2296      209      2501      52
1214      1256      1323      2444      83
1469      1480      927      2545      116
2539      2511      39      2440      118
2491      2400      57      2517      24
2476      2607      17      2526      26
2484      2488      61      2494      5
2453      2481      64      2683      9
219      263      2231      2513      111
2633      2570      13      2485      11
2475      2477      26      2493      4
2465      2483      56      2474      29
1552      1510      1089      2555      10
2562      2507      22      2590      12
2427      2429      95      2592      8
2382      2487      40      2528      55
2486      2439      39      2542      27
2343      2322      160      2553      47
174      179      2324      2562      75
2504      2504      10      2531      71
2435      2428      74      2551      17
2582      2502      11      2453      13
1756      1727      760      2589      37
2435      2505      57      2459      19
2285      2309      186      2466      69
2339      2373      125      2552      41
2578      2571      27      2564      4
2460      2476      114      2419      15
2452      2473      30      2414      56
1357      1351      1209      2574      19
2393      2264      174      2577      32
1431      1465      1009      2470      87
274      269      2341      2595      5
2442      2574      20      2573      22
2469      2407      109      2622      24
2492      2393      76      2443      31
2394      2434      61      2448      67
2522      2467      92      2672      7
2465      2499      6      2508      45
2352      2471      18      2492      134
2535      2494      50      2465      44
2488      2380      59      2445      86
2394      2417      35      2541      47
2426      2329      23      2359      161
2485      2443      84      2508      41
2363      2464      170      2491      24
2441      2424      74      2676      22
2437      2370      71      2555      76
1264      1251      1245      2567      52
1130      1163      1381      2537      14
1117      1149      1291      2425      143
211      227      2298      2630      19
2439      2424      71      2464      44
92      67      2436      2573      67
1619      1565      996      2600      31
2496      2515      47      2514      35
2514      2547      15      2466      49
2552      2470      88      2642      7
2498      2515      31      2474      36
1762      1707      802      2582      39
2458      2473      35      2485      44
2505      2305      68      2519      57
2484      2537      36      2561      16
49      40      2367      2430      167
2377      2454      92      2513      14
2501      2440      20      2473      50
2509      2442      37      2508      50
2574      2512      5      2548      17
1517      1574      854      2424      120
2515      2573      17      2473      10
2500      2546      10      2487      48
2473      2421      31      2516      34
2491      2456      26      2479      25
2476      2520      23      2494      85
2384      2410      104      2529      41
1275      1254      1252      2523      94
2534      2592      17      2465      29
2475      2430      46      2534      41
1783      1796      803      2548      20
2483      2421      77      2583      6
2443      2421      88      2440      83
247      264      2286      2593      20
2408      2425      179      2531      29
2548      2546      49      2536      4
2483      2543      51      2533      20
2629      2555      40      2542      16
2394      2456      34      2381      113
2439      2291      74      2465      121
2424      2450      139      2479      16
2462      2451      107      2524      7
2455      2448      13      2436      84
74      62      202      230      2300
2585      2458      24      2526      29
2463      2554      21      2569      12
2651      2561      6      2546      14
2372      2377      68      2429      174
1485      1493      876      2439      228
2517      2476      5      2555      56
2504      2454      16      2480      47
2490      2485      31      2470      52
2536      2545      7      2497      40
1477      1481      984      2495      115
2517      2486      16      2516      38
1784      1734      796      2467      6
1244      1275      1280      2463      61
2576      2375      47      2596      11
2449      2532      38      2548      24
2210      2232      290      2450      39
2407      2449      127      2520      36
1483      1454      1079      2623      28
2496      2456      17      2438      60
2450      2514      16      2399      113
2224      2228      295      2589      81
2403      2416      93      2573      37
2564      2576      21      2582      4
2487      2508      51      2543      8
1268      1288      1256      2513      44
2446      2551      123      2552      14
1366      1489      1054      2587      70
2508      2515      44      2580      5
202      196      2350      2478      79
227      236      2202      2540      53
1772      1786      780      2553      4
2373      2542      40      2540      23
2480      2476      131      2577      8
2363      2333      91      2547      70
2566      2499      9      2553      30
2452      2444      9      2467      74
2517      2532      40      2551      18
2376      2431      120      2502      31
2422      2402      216      2634      20
2504      2492      8      2463      96
2511      2540      26      2537      12
2426      2496      95      2506      72
2380      2435      59      2414      88
2510      2560      53      2571      19
237      219      2237      2405      165
2450      2507      92      2625      38
2481      2565      7      2561      25
2516      2355      151      2594      7
2451      2565      48      2548      8
2384      2299      109      2455      112
1486      1483      971      2512      112
2388      2362      201      2496      24
2503      2440      6      2609      29
2388      2434      8      2494      103
2584      2509      42      2571      42
2582      2458      15      2499      39
2369      2421      143      2580      28
2232      2293      230      2461      46
2482      2550      29      2518      33
249      248      2238      2570      30
176      169      2124      2293      263
2411      2526      59      2616      5
2577      2550      8      2491      10
2439      2399      35      2432      108
2554      2403      21      2545      62
2406      2302      193      2514      48
1543      1469      975      2467      92
2456      2476      39      2549      36
2484      2516      30      2589      30
