1855      1824      110      1890      68
1801      1827      118      1883      26
167      149      1708      1983      8
142      138      1759      1808      61
1760      1812      123      1860      66
1860      1870      28      1994      10
1694      1805      34      1779      149
162      139      1710      1892      59
1805      1867      21      1791      87
1722      1755      97      1810      74
1881      1891      46      1875      11
1788      1719      54      1820      91
1982      1942      14      1920      3
196      196      1497      1713      220
1842      1869      59      1952      17
1848      1807      47      1946      10
2036      1985      10      1972      12
1841      1905      10      1854      20
1703      1721      80      1894      109
1927      1951      13      1960      7
1906      1920      11      1926      46
1946      1884      6      1945      31
1745      1850      14      1829      144
1953      1941      4      1924      23
1881      1871      28      1918      43
1727      1809      113      1943      19
1900      1817      34      1903      33
1910      1911      31      1991      8
1918      1793      69      1975      4
1775      1897      135      1887      3
1845      1858      89      1998      21
1784      1797      96      1936      21
1894      1928      22      1894      30
1891      1969      40      1955      3
132      99      1923      1910      7
1980      1968      6      1911      7
1786      1680      70      1784      79
1828      1833      63      1852      34
1797      1674      195      1903      36
81      95      1869      1954      5
1773      1785      55      1865      101
92      88      1926      1986      3
1779      1874      76      1857      68
1922      1883      37      1893      3
1855      1817      54      1857      22
1830      1884      75      1916      25
1811      1819      36      1798      139
1714      1766      59      1768      108
1903      1859      66      1969      16
20      21      29      59      1916
1863      1875      61      2003      4
1782      1864      107      1903      10
1923      1965      10      1847      19
1753      1787      8      1783      151
1643      1694      201      1914      28
1669      1608      273      1886      23
1905      1852      10      1886      47
1688      1817      41      1808      109
1907      1873      53      1891      25
1836      1789      15      1759      44
1847      1912      23      1877      50
1897      1928      6      1932      28
1849      1782      46      1933      19
1871      1905      16      1868      47
1144      1141      677      1788      103
1758      1770      39      1859      77
1784      1848      21      1789      118
1811      1759      45      1940      36
172      175      1774      1923      45
143      201      1699      1962      25
1951      1823      62      1895      18
1753      1741      146      1821      13
67      53      33      107      1921
1854      1862      39      1998      23
1088      1089      812      1912      20
1876      1846      61      1882      39
1942      1903      1      1836      50
1897      1891      23      1936      6
160      167      1769      1855      42
1929      1971      4      1897      10
1921      1853      23      1935      67
1897      1956      4      1840      36
1893      1964      15      1951      11
1749      1767      223      1953      3
1783      1758      52      1810      133
176      163      1783      1879      35
1822      1875      94      1943      52
1779      1759      112      1908      41
1861      1853      10      1946      29
1898      1829      27      1927      47
1930      1878      43      1877      20
1876      1789      107      1978      35
1911      1835      54      1953      5
1897      1863      30      2005      7
1743      1850      193      1946      8
1751      1756      159      1913      6
1726      1751      171      1923      40
1825      1709      131      1970      29
1873      1898      50      1908      2
1620      1623      97      1839      134
1795      1907      6      1853      72
1908      1783      86      1873      61
1888      1939      60      1901      22
1832      1872      5      1866      29
1894      1928      24      1920      4
1798      1889      10      1838      30
1786      1782      128      1843      22
1730      1884      121      1835      35
1856      1874      33      1982      4
1778      1770      47      1766      145
1832      1752      100      1998      6
1964      1950      5      1923      4
1906      1871      18      1901      63
1935      1954      7      1932      6
1867      1934      24      1824      48
1672      1771      142      1920      24
1691      1703      79      1858      124
1684      1761      173      1899      31
1768      1779      102      1918      55
1743      1820      109      1860      47
169      171      1756      1868      30
179      204      1739      1949      10
1705      1697      141      1859      79
1938      1924      3      1949      27
1873      1784      113      1934      32
196      201      1675      1997      23
1909      1830      59      1945      27
1803      1918      36      1887      26
1814      1815      76      1855      32
189      154      1774      1920      32
1014      1020      775      1927      78
97      103      1835      1953      25
105      102      1810      1878      38
182      202      1759      1799      42
1829      1886      14      1926      52
144      116      1773      1860      96
1730      1808      128      1832      66
1897      1944      21      1865      5
1858      1919      55      1900      17
1867      1909      6      1849      56
1875      1915      7      1963      40
1106      1110      808      1904      5
1929      1854      5      1896      4
76      86      1828      1929      25
1855      1839      17      2012      30
1896      1899      60      1946      3
126      134      1745      1995      5
167      222      1793      1945      9
1863      1869      79      1940      3
1825      1839      30      1903      62
1749      1666      146      1962      64
1760      1708      201      2001      3
1099      1215      762      1899      24
1887      1873      62      1850      54
1861      1856      61      1855      16
146      164      1710      1888      45
1815      1916      14      1922      17
1858      1874      18      1909      46
1718      1765      187      1878      15
1966      1952      5      2003      7
1895      1938      49      1879      30
127      118      1761      1987      25
1890      1915      86      1978      7
1933      1831      12      1861      21
182      219      1663      1941      2
1904      1815      10      1839      24
1815      1784      70      1947      70
1878      1930      5      1904      41
117      122      1828      1988      24
1886      1904      25      1872      6
1922      1803      51      1913      55
1891      1900      17      1897      35
1889      1875      35      1913      42
169      168      1751      1941      7
1780      1804      105      1915      5
1838      1892      27      1888      31
1812      1775      69      1872      22
1807      1850      68      1886      43
1769      1764      162      1948      26
1787      1893      7      1923      36
1860      1900      39      1950      52
1720      1757      167      1928      13
1901      1905      16      1949      59
1905      1947      12      1960      4
1970      1925      6      1927      8
1872      1774      31      1948      36
165      187      1761      1964      5
1868      1873      54      1985      17
1957      1905      20      1908      8
1880      1807      53      1873      28
1831      1839      25      1834      70
1764      1827      90      1811      81
1888      1896      38      1960      50
65      93      1910      1928      5
108      107      1857      1947      3
1823      1910      11      1948      6
1732      1807      23      1916      110
1960      1828      31      2016      12
1750      1785      87      1896      37
162      167      1786      1863      37
1875      1753      141      1937      10
1817      1800      50      1815      56
1691      1622      224      1906      48
1890      1775      41      1839      79
1862      1906      27      1854      22
1939      1926      3      1936      5
1866      1843      7      1936      13
79      82      1771      1976      7
1138      1140      722      1880      91
68      70      1760      1877      112
1852      1898      35      1956      53
1947      1852      39      1879      10
1901      1837      55      1974      10
1903      1871      32      1875      26
1780      1813      128      1816      11
1756      1854      41      1821      82
1904      1885      26      2011      25
1951      1873      25      1854      24
1981      1917      10      2062      12
1675      1639      236      1974      7
1969      1841      15      1919      7
1761      1787      88      1851      67
1918      1985      6      1951      17
1743      1731      178      1910      15
82      70      1790      1895      36
993      1018      910      1853      15
1919      1989      2      2002      13
1827      1778      73      1949      33
140      147      1804      1888      17
1884      1934      8      1876      4
1792      1796      82      1829      78
1803      1763      84      1901      63
1846      1717      48      1854      105
968      995      900      1891      69
1789      1842      102      1940      2
135      151      1746      1865      35
33      23      1825      1773      88
198      201      1753      1932      14
1844      1772      9      1897      96
53      66      1859      1925      15
1848      1834      35      1824      79
1849      1781      40      1942      67
1982      1952      9      1902      9
1938      1830      20      1846      46
1893      1910      50      1915      6
1829      1952      76      1854      22
1776      1690      208      1884      11
145      139      1738      2004      19
1184      1137      801      1919      19
1574      1576      283      1807      71
180      172      1742      1913      15
1876      1829      27      1838      79
1746      1816      10      1770      153
1943      1992      40      1916      34
1850      1912      40      1891      35
1905      1891      9      1891      18
177      179      1707      1910      42
1911      1894      3      1942      28
1819      1820      107      1916      6
1711      1754      209      1832      66
1789      1885      18      1836      68
173      173      1793      1988      20
958      993      891      1864      110
197      201      1690      1904      99
168      173      1712      1938      65
1999      1942      13      1896      4
1877      1804      68      1937      5
1885      1822      12      1950      83
1694      1769      154      1894      43
154      149      1833      1938      24
1861      1825      57      1882      26
1761      1817      17      1889      56
1851      1824      53      1940      60
1875      1964      4      1845      44
1912      1835      51      1948      5
1785      1869      47      1923      52
1786      1783      57      1857      85
1859      1854      76      2021      21
1856      1805      53      1843      40
1765      1795      77      1807      36
1883      1919      19      1895      45
1877      1860      5      1935      29
1958      2009      4      1968      3
1962      1916      6      1943      5
1731      1787      89      1805      115
1930      1881      75      1828      42
1855      1839      83      1904      6
1860      1807      11      1880      69
1863      1917      14      1911      23
1839      1907      38      1965      17
1959      1892      27      1942      30
22      9      1958      1907      26
1861      1925      57      2007      8
1867      1897      11      1788      34
60      82      1849      1899      28
1895      1895      14      1889      63
1893      1843      49      1863      46
1818      1801      34      1777      96
1828      1871      65      1950      5
1819      1826      82      1969      27
1858      1918      14      1957      16
1891      1878      38      1888      10
1895      1804      64      1895      71
1841      1815      64      1822      99
1891      1946      23      1941      6
1592      1615      216      1902      64
171      150      1655      1850      63
1832      1888      18      1865      90
1234      1153      685      1780      114
1930      1884      7      1893      19
1860      1863      73      1948      12
1721      1727      198      1915      17
186      179      1690      1847      108
1855      1922      93      1934      3
1873      1848      62      1950      10
1821      1869      7      1853      61
1805      1848      59      1942      49
1890      1881      21      1923      54
1881      1870      20      1950      8
1760      1855      44      1873      61
1905      1842      33      1957      29
1778      1820      102      1973      16
1656      1771      94      1809      154
184      146      1718      1971      12
153      148      1708      1851      72
961      957      916      1871      92
1789      1850      15      1836      89
152      164      1797      1841      35
1858      1989      15      1931      8
1793      1839      86      1839      66
1843      1822      31      1918      52
134      115      1690      1828      107
1839      1864      78      1999      38
1975      1994      3      1906      4
1956      1917      7      1903      16
1911      1938      1      1966      3
1928      1893      16      1946      23
2027      1877      34      1975      3
1777      1768      50      1919      17
1797      1827      90      1917      17
1886      1825      65      1976      4
1453      1450      454      1908      29
1839      2018      34      2011      3
138      161      1722      1854      37
1910      1882      29      1960      33
143      146      1834      1978      13
1856      1814      56      1935      37
1898      1915      8      1923      21
1855      1814      22      1903      89
1847      1910      19      1982      12
1951      1872      23      1917      40
1946      1802      30      1986      14
1994      1930      18      1860      3
1881      1888      13      1909      18
1942      1884      5      1836      61
1953      1824      7      1957      4
1886      1884      84      1909      26
1991      1954      70      1901      9
1786      1754      126      1891      25
1954      1980      25      1955      6
1950      1900      5      1975      7
1860      1746      19      1921      68
1874      1883      24      1885      40
1879      1897      39      1930      11
124      129      1793      1906      20
1858      1904      38      1885      41
1918      1844      20      1915      25
1822      1777      128      1889      48
1665      1701      182      1853      80
144      151      1851      1858      35
1826      1825      45      1935      41
178      191      1747      1930      2
1931      1799      49      1901      18
1941      1954      14      1988      8
1938      1969      28      1917      3
1819      1939      82      1927      46
1910      1910      14      1901      24
1936      1953      7      1985      6
1880      1845      10      1849      36
1907      1895      4      1938      39
118      116      1820      1879      13
1185      1142      737      1926      20
1937      1845      8      1874      41
171      182      1629      1815      136
1924      1891      13      1962      12
1103      1113      780      1856      65
1845      1805      24      1865      43
1857      1858      45      1832      56
1886      1796      91      1987      30
1911      1910      33      1949      13
173      166      1757      1911      43
1749      1746      36      1914      139
109      101      1683      1807      98
150      170      1824      1950      15
1668      1672      114      1760      206
1921      1897      16      1988      17
1786      1847      51      1955      34
1851      1953      39      1909      14
1765      1727      10      1830      124
1964      1876      54      1987      26
1982      1859      27      1893      8
1786      1732      113      1908      33
1152      1159      694      1841      92
1829      1860      27      1789      92
1804      1900      58      1863      9
158      184      1779      1879      11
1559      1539      366      1955      32
1807      1821      65      1858      33
1701      1713      208      1928      16
1952      1929      38      1935      15
1889      1833      130      1928      31
178      167      1738      1927      44
161      171      1764      1948      44
1815      1838      131      1949      6
1829      1886      67      1908      44
1820      1749      102      1956      47
144      155      1819      1911      27
1765      1645      113      1877      77
1881      1897      31      1956      5
1931      1938      6      1916      17
1917      1862      115      1962      7
1974      1951      4      1957      8
1877      1826      20      1853      62
1861      1783      43      1959      71
1875      1866      9      1990      11
1894      1868      67      1989      5
1835      1867      12      1935      73
1945      1791      37      1902      6
1865      1861      46      1865      43
1811      1751      61      1894      17
55      53      1849      1915      40
1876      1816      64      1901      53
1828      1816      70      1847      91
1906      1880      38      1855      28
1876      1917      5      1912      37
1959      1789      5      1886      16
1791      1806      176      1911      35
1882      1866      53      1922      21
1766      1700      182      1983      18
1942      1901      12      1994      8
1886      1909      36      1855      17
1838      1875      65      1979      7
1924      1923      6      1937      6
1644      1575      293      1952      42
1921      1882      77      1912      45
1817      1869      95      1934      9
81      80      1744      1957      27
1821      1811      79      1874      3
1863      1831      76      1968      19
1884      1881      11      1940      10
1788      1847      35      1919      98
1956      1808      44      1975      5
1880      1977      13      1843      27
1830      1839      28      1979      59
1914      1849      40      1873      2
1831      1794      61      1883      112
1766      1793      31      1892      116
1978      1915      18      1913      22
1929      1957      13      1993      9
1817      1802      116      1898      26
150      169      1737      1813      52
1894      1951      43      1958      58
1034      1040      877      1995      10
1970      1924      4      1874      3
1794      1811      102      1919      18
1779      1808      106      1886      37
151      160      1726      1839      5
2007      1901      8      1865      14
198      192      1827      1956      10
1658      1628      167      1979      44
1783      1896      43      1872      62
1970      1962      30      2025      12
1887      1783      63      1943      41
1877      1911      21      1953      61
1819      1884      34      1924      67
1856      1860      68      1944      7
966      957      829      1757      161
1796      1822      59      1957      55
1800      1825      60      1887      60
1873      1773      18      1806      119
1747      1889      35      1871      107
1868      1858      41      1936      57
1802      1850      30      1874      100
1709      1705      126      1822      119
113      118      1759      1904      32
139      114      1849      1990      40
156      156      1724      1930      34
1608      1599      252      1825      46
1639      1826      108      1829      62
1836      1972      37      1916      20
123      130      1844      1955      14
1868      1919      38      1950      2
2010      1992      4      2002      9
89      81      1751      1816      101
1941      1869      5      1907      10
1642      1702      180      1900      48
158      156      1802      2008      11
136      176      1716      1946      4
1913      1875      15      1954      41
1778      1813      93      1823      83
1851      1964      10      1991      23
1878      1943      29      1945      21
1756      1779      167      1887      9
128      124      1872      1943      8
1887      1965      5      1869      20
1840      1777      69      1891      34
1766      1823      81      1870      71
126      122      1795      1951      12
1926      1900      5      1854      34
1894      1874      24      1935      5
1104      1116      624      1706      202
1798      1817      84      1924      48
1780      1843      56      1908      39
1821      1900      49      1907      31
1912      1869      50      1993      27
1820      1798      101      1924      15
1890      1808      58      1955      40
1829      1805      15      1844      78
1852      1795      16      1808      137
1914      1868      12      1926      37
1941      1844      19      1903      4
1939      1919      18      1896      24
1852      1819      47      1882      84
1682      1716      216      1961      1
1536      1548      400      1923      43
1838      1860      70      1911      18
1808      1837      72      1915      11
1863      1868      6      1906      69
1861      1888      36      1985      18
1744      1778      24      1799      163
1758      1760      78      1768      103
1753      1798      85      1807      59
172      157      1698      1810      58
157      146      1745      1861      76
1865      1855      25      1885      14
1914      1894      9      1937      18
1823      1788      38      1897      71
1984      1877      15      1928      7
1839      1862      0      1878      88
180      174      1631      1795      138
182      194      1793      1894      30
1883      1949      5      1939      14
1787      1830      211      1919      2
1928      1915      28      1970      4
1906      1792      18      1838      83
1699      1780      20      1921      122
1870      1816      15      1903      75
1902      1938      18      1945      23
1927      1905      14      1947      14
1867      1876      39      1809      90
1809      1833      80      1897      17
1948      1873      15      1947      25
1823      1888      8      1917      47
1970      1897      8      1918      13
1968      1924      17      1864      3
1733      1775      56      1847      88
1765      1811      37      1852      127
1867      1840      56      1827      21
938      975      859      1849      149
1771      1722      103      1871      80
1928      1925      9      1975      1
168      159      1779      1864      4
1762      1775      94      1910      55
1858      1886      34      1957      38
1879      1901      41      1871      34
1814      1832      132      1937      2
115      129      4      128      1865
1795      1841      49      1844      45
1934      1885      62      1924      10
1909      1807      62      2009      7
1946      1939      28      1988      5
1860      1899      42      1929      21
1871      1847      17      1898      50
1846      1910      37      1885      45
1880      1954      20      1841      75
1753      1741      147      1886      23
231      185      912      1149      812
1825      1782      100      1896      40
1850      1915      27      1906      5
1812      1845      110      1927      10
1893      1975      42      1915      6
1825      1798      17      1827      104
1829      1825      60      1886      27
90      85      1840      1907      36
1834      1834      104      1925      24
1888      1892      3      1944      6
1861      2003      7      1979      6
1858      1779      136      1929      1
1870      1898      58      1927      23
1959      1913      24      1986      10
1983      1915      16      1885      31
131      120      1638      1789      114
59      82      1764      1881      138
12      15      1924      1997      17
1834      1939      41      2006      7
1946      1991      11      1918      8
1893      1917      18      1950      15
1868      2006      17      1879      10
1779      1809      167      1958      13
1911      1848      43      1873      15
1794      1859      103      1860      42
1843      1792      58      1914      56
1876      1872      9      1923      19
1971      1871      9      1823      21
1816      1836      95      1939      25
1903      1931      54      1852      5
81      110      1731      1914      19
1748      1763      109      1880      64
1906      2010      33      1854      4
1816      1753      67      1856      48
1881      1869      65      1925      35
1790      1810      94      1871      34
1702      1745      134      1928      16
1878      1920      6      1885      16
1762      1817      41      1848      69
1825      1853      94      1948      6
125      114      1656      1807      169
1809      1846      89      1974      10
1868      1847      63      1867      55
1805      1849      41      1846      72
1888      1790      13      1867      67
1905      1819      29      1825      31
1701      1823      148      1872      4
1897      1807      118      1878      3
145      169      1821      1929      6
1761      1843      99      1948      18
1804      1794      72      1807      47
167      156      1829      1905      18
1900      1794      49      1888      70
53      56      1813      1934      34
1917      1854      20      1932      7
1871      1795      91      1968      12
1879      1872      3      1824      93
1862      1925      44      1953      7
1782      1816      131      1950      23
1875      1896      18      1928      23
1905      1944      3      1898      40
1815      1820      28      1912      74
1859      1898      24      2035      32
1888      1835      3      1999      22
1789      1898      92      1900      27
1806      1792      22      1755      130
1911      1914      39      1945      16
1821      1923      62      1898      21
1987      1860      7      1973      24
1764      1833      93      1835      13
66      94      1944      1905      12
1917      1838      59      1971      23
1934      1790      88      1941      9
1926      1869      37      1934      31
1843      1832      4      1903      59
1833      1767      115      1853      43
1877      1828      12      1888      50
156      172      1679      1806      39
1881      1884      47      1912      13
1902      1823      65      1965      5
1791      1797      113      1968      8
1901      1862      76      1969      7
1927      1996      6      1905      25
1780      1799      114      1820      68
1691      1806      174      1849      5
1974      1832      2      1837      70
1983      1912      13      1905      11
1929      1979      11      1936      10
1899      1930      22      1916      1
1755      1681      144      1887      10
1657      1732      100      1794      113
1850      1936      37      1911      14
1902      1890      7      1829      51
1923      1963      14      1901      40
1821      1745      84      1843      60
1864      1889      88      1948      7
1905      1883      12      1882      26
1918      1959      44      1915      6
1831      1695      159      1921      28
131      128      1670      1983      10
1735      1778      91      1802      129
1984      1902      30      1917      21
2010      1876      5      1859      12
1907      1926      8      1951      7
1822      1861      1      1817      74
1915      1850      3      1841      60
1835      1947      5      1921      4
1671      1715      176      1888      55
1908      1949      5      1900      16
1139      1129      780      1925      79
1800      1844      28      1907      46
1997      1922      1      1901      5
1888      1836      21      1907      36
1823      1878      13      1924      62
1906      1961      30      1963      29
1938      1974      11      1914      19
1894      1931      11      1917      58
1865      1859      77      1925      3
1805      1975      3      1910      34
1891      1912      11      1988      7
176      193      1612      1876      105
1827      1774      181      1872      22
1952      1885      20      1874      5
1870      1929      47      1916      14
1917      1863      3      1830      12
1863      1950      50      1966      10
1843      1798      12      1852      66
140      160      1699      1935      52
1922      1993      14      1949      14
107      87      1772      1901      38
1837      1841      90      1887      6
184      189      1804      2018      10
1840      1931      27      2012      13
165      135      1778      1866      44
1843      1753      117      1910      11
1791      1773      89      1865      46
1613      1702      190      1861      119
164      182      1716      1884      13
11      12      1870      1938      26
1898      1837      41      1869      88
1156      1140      822      1948      16
1755      1801      6      1784      142
1794      1829      7      1851      118
1810      1868      102      1930      13
1965      1990      4      1946      20
180      177      1658      1949      11
1953      1869      24      1875      28
1939      1933      8      1987      12
1842      1775      64      1937      2
1175      1163      696      1838      87
1854      1895      13      1880      34
1858      1778      115      1973      7
1764      1713      18      1742      146
1836      1828      24      1901      29
161      143      1825      2009      8
1986      1894      20      1954      4
1922      1902      17      1866      61
1779      1714      47      1799      63
1825      1890      89      1931      13
1849      1788      48      1967      54
1811      1731      5      1838      124
178      163      1679      1827      26
1912      1879      8      1911      31
1866      1913      25      1904      5
1090      1095      878      1933      23
1795      1737      35      1893      116
1665      1657      201      1979      29
1816      1959      24      1955      12
1838      1883      104      1962      21
1785      1802      116      1991      12
1700      1691      226      2048      30
1987      1956      6      1925      12
150      176      1701      1916      79
1951      1916      18      1889      8
1835      1874      85      1959      10
1785      1711      32      1795      108
1929      1997      5      1903      5
44      56      1802      1893      120
1730      1764      177      1929      5
171      142      1622      1772      165
98      90      1663      1795      184
1925      1966      62      1876      24
1930      1888      106      2004      4
1191      1082      702      1892      107
1801      1837      19      1880      71
1820      1861      42      1899      28
1890      1858      64      1961      4
1982      1867      24      1921      12
1717      1824      40      1850      104
186      151      1781      1935      17
1918      1872      107      1955      9
982      993      920      1945      13
1576      1553      283      1790      142
1907      1906      14      1855      16
1923      1976      12      1917      16
1851      1749      48      1941      28
1946      1888      11      1950      23
1834      1823      150      1956      7
1969      1940      6      1954      4
1807      1858      91      1904      11
1886      1852      20      1932      10
1918      1930      19      1879      4
1959      1938      10      1916      16
1828      1940      59      1902      24
1925      1821      86      1908      18
1905      1931      49      1967      21
36      38      1033      1117      819
1168      1106      710      1787      81
1773      1746      121      1933      56
1904      1882      8      1962      4
1833      1778      38      1783      105
1899      1903      11      1844      47
1897      1809      82      1810      29
1768      1752      76      1767      103
1897      1778      35      1842      34
1931      1747      102      1920      34
1630      1619      315      1959      61
1964      1860      17      1854      25
1842      1868      25      1897      17
1867      1917      18      1923      8
1874      1895      9      1931      52
1816      1727      77      1875      93
1888      1911      63      1936      11
164      193      1810      1914      13
1041      1056      591      1628      300
1795      1751      128      1947      15
1952      1967      23      1849      12
144      154      1711      1968      25
1945      1908      16      1915      7
179      195      1698      1894      62
1895      1900      3      1902      24
1905      1863      55      1961      33
115      116      5      113      1814
1887      1982      3      1958      9
1982      1877      43      1900      8
1802      1754      30      1910      65
1832      1844      100      1910      10
210      192      1768      1924      77
1876      1806      19      1832      70
1747      1831      7      1839      170
1185      1187      764      1861      36
1788      1815      12      1898      47
1623      1729      271      1949      6
1960      1946      3      1942      7
1707      1675      187      1985      44
1910      1974      19      1922      21
1933      1787      20      1948      14
1888      1859      7      1859      3
1878      1915      43      1830      54
1801      1753      115      1905      66
128      108      1815      1952      24
1911      1918      14      1868      17
1861      1917      13      1866      39
1828      1779      88      1821      51
1949      1884      8      1898      39
2024      1887      2      1995      22
1824      1936      67      1920      2
1781      1753      79      1874      102
1888      1985      12      1963      16
1939      1941      5      1946      50
1728      1792      192      1993      4
159      156      1822      1934      19
1820      1742      86      1862      25
1763      1866      138      1930      31
1868      1831      110      1968      21
1841      1923      37      1906      12
2004      1921      13      1950      36
153      178      1816      2015      14
1866      1839      33      1952      24
1904      1941      19      1953      6
1883      1938      3      1902      36
1853      1834      51      1879      25
1674      1694      199      1852      20
1864      1921      22      1892      33
1819      1777      47      1857      82
189      192      1673      1875      44
1944      1880      42      1898      3
1840      1802      22      1893      44
1877      1854      39      1976      18
1837      1875      10      1886      17
1761      1799      86      1904      55
1895      1839      7      1874      17
1838      1960      83      1942      2
1899      1897      61      1970      10
1886      1929      52      1865      29
1888      1883      62      1933      18
1938      1882      15      1888      21
101      105      1773      1962      55
148      140      1790      1990      10
1884      1897      10      1852      42
1889      1883      17      1928      46
1887      1905      51      1894      20
1873      1902      10      1926      62
1831      1841      65      1918      48
1869      1889      6      1964      22
1830      1956      48      1926      21
124      124      1688      1917      99
1851      1821      46      1895      91
171      181      1734      1944      9
1909      1912      3      1849      37
1005      1068      721      1808      118
1875      1964      22      1877      49
1872      1818      12      1837      82
1920      1979      4      1918      5
1908      1836      52      1935      16
1745      1923      85      1940      6
1840      1823      3      1817      91
174      171      1745      1861      69
1896      1927      10      1916      24
1145      1121      618      1686      205
1748      1830      44      1777      132
1838      1736      116      2034      5
988      961      972      1955      23
1900      1869      14      1890      44
191      176      1625      1700      200
1860      1777      7      1842      166
1809      1934      56      1909      22
1875      1935      5      1847      15
1882      1910      26      1921      11
1768      1791      105      1930      47
1914      1911      50      1940      9
1802      1745      114      1954      45
1897      1906      47      1848      38
1767      1798      50      1881      81
1826      1822      112      1843      6
1808      1745      140      1860      10
1839      1901      93      1907      19
1833      1749      11      1757      132
1883      1867      29      1953      31
193      186      1881      1905      4
1131      1125      729      1922      39
87      111      1802      1887      23
1866      1887      10      1879      52
1654      1668      204      1803      107
154      143      1819      1912      68
1783      1797      49      1869      78
1775      1860      40      1945      88
1791      1895      11      1863      105
157      162      18      180      1782
184      193      1740      1851      78
1860      1959      34      1859      51
1840      1795      64      1974      13
1959      1930      4      1992      5
102      84      61      165      1772
1764      1833      124      1957      8
1118      1207      829      1962      13
1852      1834      38      1954      7
102      98      1768      1862      59
21      26      1883      1951      14
1928      1928      36      1879      35
1812      1813      48      1926      64
200      181      1683      1933      7
1771      1770      87      1814      62
1865      1916      4      1913      69
167      171      1701      1863      104
1896      1957      3      1950      14
1848      1800      52      1966      54
1851      1863      49      1912      35
1911      1988      19      2003      6
1876      1917      78      1927      5
1882      1962      22      1983      3
149      149      1685      1873      79
1897      1977      3      1943      3
1822      1746      126      1886      37
1986      2050      7      1900      2
1750      1894      62      1935      18
1806      1727      92      1953      46
1793      1840      132      1876      3
1803      1838      148      1960      16
1926      1842      2      1970      13
1651      1728      190      1913      16
131      126      1789      1947      32
1880      1913      11      1968      19
1861      1876      3      1872      122
1168      1124      840      1987      14
1920      1910      9      1972      16
1856      1839      43      1890      73
1828      1883      61      1937      39
1848      1821      84      1931      1
1123      1158      767      1961      19
152      186      1741      1955      34
163      191      1635      1778      23
1705      1751      196      1976      21
2      7      1972      1844      43
1826      1843      76      1920      8
1886      1857      33      1814      36
1781      1904      21      1844      92
1865      1875      18      1947      46
1826      1945      10      1975      26
168      187      1561      1851      172
1816      1799      87      1927      11
1998      1926      0      1939      5
1816      1869      46      1939      33
1768      1754      171      1968      12
1960      1950      21      1979      5
1815      1867      10      1906      30
1871      1800      159      1849      7
1829      1883      3      1837      70
170      169      1658      1847      29
1848      1932      73      1893      10
1813      1826      52      1843      52
1836      1803      84      1948      46
1895      1869      101      1987      4
1808      1745      26      1669      157
85      96      1895      1934      5
1892      1887      11      1991      25
1742      1867      73      1823      95
110      118      1827      1963      18
1800      1753      113      1952      28
1955      1945      6      2067      3
140      169      1716      1869      68
1900      1847      70      1879      6
1856      1945      8      1978      5
890      965      960      1978      12
1924      1915      14      1910      11
168      179      1730      2017      14
1817      1828      146      1959      9
1887      1870      77      1944      17
1937      1980      2      1898      33
144      147      1835      1948      26
1902      1928      6      1939      10
178      177      1821      1971      6
185      195      1757      1949      8
133      137      1731      1909      72
