2098      2009      26      2099      13
953      961      1050      2049      88
1345      1374      493      1808      227
392      427      1685      2060      43
2048      2016      34      2149      1
2007      2009      40      2086      10
2128      2039      19      2097      9
2059      2151      30      2089      2
741      732      1236      2031      80
555      565      406      868      1185
1062      1141      982      1999      17
1865      1865      135      2072      58
1959      1988      55      2046      83
193      179      1803      1961      41
1928      2137      48      2118      9
167      168      1866      2031      16
162      147      1875      2116      25
1923      1967      52      1963      70
1228      1213      735      2045      114
1885      1849      148      2026      54
293      312      1728      2084      56
732      733      1290      2004      86
1964      1990      25      2122      32
1997      2091      20      2094      31
2102      2074      17      2110      15
2120      2119      5      2033      1
213      204      1790      2146      5
374      389      1652      1983      99
2147      1982      15      2110      9
1944      1939      74      2067      31
2035      1986      47      2078      8
1802      1896      212      2105      5
1963      1854      72      1938      102
369      349      1702      2079      35
2040      2049      6      2125      50
2002      2037      81      2103      8
998      968      902      1963      157
1320      1355      740      2165      28
952      910      1032      2038      72
2012      2031      20      2080      51
703      679      1306      1995      81
2054      2091      14      2051      8
2072      2113      13      2104      11
1184      1247      949      2055      19
313      369      1735      1970      27
365      373      1694      2094      50
2026      1987      32      2049      19
1408      1379      731      2059      15
2021      1990      51      2096      2
2117      2079      20      2029      13
377      396      1696      2136      65
2030      1997      73      2022      36
1982      2034      66      2098      6
1993      2069      1      1997      39
1384      1338      748      2106      33
2071      2035      11      2048      29
2003      1902      118      2071      24
1936      2026      128      2078      9
155      161      1901      1965      87
2059      2121      23      2132      21
2090      2070      42      2079      18
383      445      1592      2070      66
1252      1261      810      2100      15
566      559      1476      1983      104
1846      1908      236      2075      6
2058      2091      65      2039      31
1932      1953      43      2016      58
153      178      301      507      1538
2033      2110      7      2152      12
2073      1989      47      2020      71
2134      2056      30      2028      13
2073      2057      22      2015      46
2017      1991      28      2018      13
1000      980      964      1918      143
2016      2046      75      2056      9
1999      2036      83      2103      8
2040      2078      7      2020      57
2033      2053      22      2053      24
2054      2115      12      2129      20
540      556      1428      2021      40
2035      2073      4      2077      10
1977      2057      34      2030      37
2079      1998      9      1999      46
2018      2051      36      2058      36
1969      2009      32      1940      72
1956      2026      16      2045      59
1910      1924      64      2022      38
373      336      1666      2000      70
2100      2101      16      2059      4
2072      2014      40      2089      28
918      973      1052      2093      55
980      970      1123      2067      1
1947      2058      77      2118      14
1792      1812      208      2079      11
2022      1962      42      2057      59
2047      2101      5      2071      7
1979      1983      113      2003      7
2043      2017      29      2117      16
234      201      1767      2064      11
184      186      1828      2089      55
1337      1343      757      2060      60
157      143      1933      2042      58
1279      1297      814      2037      68
2028      2049      14      2127      31
2059      1993      54      2066      2
1961      1963      11      1995      66
2041      2010      42      2001      80
2073      2025      5      2104      19
2006      1963      102      2036      3
2083      2048      9      2077      31
2095      2058      22      2035      61
2027      2104      8      1999      65
2139      2074      52      2073      28
164      142      1899      2057      24
2003      2043      4      2012      43
160      211      1850      1952      62
2099      1992      26      2065      35
2017      2056      19      2087      10
2116      1982      32      2089      15
1971      1889      108      2070      6
2043      2059      85      2052      7
1700      1755      193      1934      177
2099      2086      31      2121      28
2036      2064      23      2130      40
164      135      1935      2082      28
1925      1974      148      1998      19
2023      2079      17      2067      39
2061      1994      32      2028      34
1954      1925      156      2134      27
480      462      1486      1989      78
1947      1999      2      2122      31
1992      2101      24      2103      18
920      850      1253      2094      14
2027      2091      47      2120      10
2038      2054      13      2135      32
2170      2027      37      2060      19
120      146      1933      2009      82
1938      1882      48      2019      66
1984      2035      83      2093      5
1977      1991      30      1988      42
818      732      206      974      1050
906      911      1114      1963      90
2016      2011      48      1989      57
1954      1945      40      1943      130
2065      2039      17      2043      30
1952      2024      78      2031      35
761      757      1308      2114      14
1254      1265      55      1292      787
721      780      1289      2068      88
1978      1948      88      2090      11
580      603      1446      1999      65
1997      2018      9      2007      39
2020      2004      52      2144      20
2070      2080      20      2002      74
1996      1968      26      1929      81
2056      2040      5      1966      19
1257      1330      644      1971      102
1079      1123      977      2068      51
2026      1946      112      2041      2
672      652      1380      2151      16
1135      1197      912      2108      10
2009      1917      76      2049      59
2004      2051      59      2140      10
2021      2023      46      2036      28
2137      2102      7      2104      27
718      787      1167      1980      110
1931      1956      18      2005      92
1340      1329      760      2084      20
1964      1990      50      2021      76
136      165      1955      2130      17
975      1008      1129      2055      9
734      750      1254      1963      110
1935      1963      106      2064      9
557      571      1459      2087      20
1951      2058      54      2116      6
1868      1897      162      2076      90
1964      1986      34      2126      80
1948      2007      12      2043      59
1968      1969      47      2114      36
2047      2107      8      2131      33
1924      1756      250      2152      9
2028      2115      44      2025      23
1154      1188      919      2041      9
589      588      1484      2085      12
2114      1998      14      2071      9
1988      1972      56      2036      26
2050      2038      19      2041      14
2049      2039      54      1992      28
1057      1021      982      2096      16
1838      1913      139      2136      9
2073      1957      47      2067      56
584      561      1568      2066      7
2061      1954      64      2077      9
1708      1725      236      1998      139
2060      2060      19      2053      43
1375      1388      622      1997      67
551      622      1336      1893      255
504      542      1400      2020      105
2005      1989      112      2046      14
2050      2097      32      2035      12
2116      2047      18      2119      5
2042      1943      74      2061      27
177      162      1752      1920      169
2124      2041      12      2117      26
2015      1987      34      2083      8
1959      1886      153      2039      6
2044      1998      7      2119      47
2116      2056      17      2153      44
1998      1994      11      2023      66
2070      2097      16      2070      12
2072      2041      23      1945      68
2056      2093      19      2147      27
2065      2016      74      2038      28
2106      2089      12      2128      7
2074      1990      68      2152      16
2014      1998      33      2047      43
1365      1422      700      2066      14
2058      2086      14      2097      34
2042      2053      25      1992      29
2115      2032      22      2073      75
2170      2047      38      2088      8
1207      1184      929      2002      10
2019      2084      35      2020      24
350      367      1663      2095      8
1862      1908      233      2125      8
2073      2011      27      2073      21
792      777      1164      1962      142
2063      2032      19      2009      45
372      398      1632      2132      27
2071      2092      23      2052      41
1141      1131      994      2106      23
2059      2159      8      2107      4
547      526      1496      2017      14
1883      1880      133      2078      12
803      880      1254      2161      6
2015      2010      11      2015      64
2073      2142      10      2096      57
2048      2124      71      2028      6
2036      2040      7      2066      11
1980      1898      105      2007      76
269      226      1857      2078      20
409      447      1603      2102      7
931      921      1116      2084      30
2000      1941      22      2048      45
995      980      1035      2035      90
1994      1924      76      2099      8
1933      2032      5      1933      96
2070      1971      31      2128      13
2046      2026      13      2035      20
1980      2049      17      2071      28
580      563      1491      2114      37
1858      1876      203      2060      15
2077      2009      4      2040      10
2056      2012      30      2049      4
2030      2013      25      2052      85
1923      2075      82      2020      22
173      178      1932      2092      28
248      239      1779      2121      28
2041      2053      36      2044      12
1959      2030      17      2094      22
1179      1180      909      2141      28
2069      2150      6      2114      11
378      349      1691      2104      6
1992      1962      50      1992      46
2004      2084      50      2163      8
1925      2009      52      2006      52
2044      2042      23      2037      37
2041      2101      19      2187      18
345      312      1730      2099      44
2059      2043      4      2114      23
1174      1077      892      2046      33
1877      1833      101      1909      92
2001      1943      92      1994      18
2107      2073      21      2086      13
2035      2099      30      2085      25
1938      1921      127      2069      47
581      530      1482      2062      33
1963      1961      89      2103      7
1848      1873      200      2057      10
2042      2114      10      2031      44
121      122      1949      2081      5
806      738      241      1009      1144
2139      2041      4      2109      18
733      740      1283      2137      8
2050      2053      46      2118      6
2051      2067      36      2007      36
2050      2077      27      2093      36
2056      2062      39      2140      15
1975      2034      8      2043      10
2008      2068      21      2007      25
2059      1979      68      2064      12
195      200      1860      1983      64
2002      2025      13      2021      61
1215      1219      882      2069      50
1970      2057      44      2092      4
2038      2084      4      2135      9
1916      2001      115      2113      14
2092      1927      53      2020      34
1923      1942      83      2011      41
569      589      1455      2065      33
2102      2000      58      2110      5
2040      2047      16      2165      4
2125      2086      29      2175      17
1966      2056      57      1988      54
1983      1949      58      2048      34
2014      2028      41      2136      23
160      167      1893      1977      86
2094      2129      15      2028      48
2113      1941      50      2059      7
2045      2080      33      2063      14
2092      2004      34      2119      6
1926      2009      75      2058      18
1974      1929      173      2067      2
2077      2065      3      2090      6
1963      1997      112      2085      7
2046      2085      29      1995      22
1999      2077      12      2059      12
2099      2063      40      2141      11
121      122      671      787      1270
1133      1127      900      2118      12
1907      1951      123      2047      26
1973      2053      3      2081      44
2065      2094      20      2047      13
1896      1988      13      1854      112
2096      2044      7      2141      21
2000      2093      18      2046      17
2053      2060      8      2011      30
2055      2101      10      2088      26
782      739      1375      2158      4
1945      1932      16      1884      168
2020      2056      22      2078      12
711      709      1353      2135      8
2049      2019      34      2152      20
2050      2034      10      2042      60
2052      2141      6      2039      43
1964      2108      58      2073      9
1367      1327      749      2016      4
2156      2142      23      2209      4
1924      2043      75      2047      87
1961      2037      57      2065      34
1859      1866      94      2032      76
1989      2004      20      2168      30
2049      2033      86      2106      5
1971      1986      75      2088      57
1834      1832      254      2097      5
537      524      1478      2045      91
2009      2022      44      2013      72
399      379      1677      1941      42
1313      1410      587      1868      186
2006      2087      68      2141      8
2008      2047      76      2123      26
524      549      1563      2066      34
126      127      1937      2100      3
2047      2021      5      2108      27
122      129      1905      2029      40
2011      1983      32      1985      43
1914      1927      96      2096      20
2010      1959      46      2067      21
1969      2044      36      2015      34
762      797      1356      2090      15
2030      2107      68      2047      22
2020      2103      7      2037      26
2094      2052      29      2140      28
2079      2123      28      2023      47
1876      1972      12      2029      112
714      687      1333      1954      71
1979      2014      42      2025      33
548      593      1527      2038      50
2036      2082      55      2082      32
1307      1268      598      1859      158
2030      2103      42      2047      59
2034      2051      40      2137      18
2055      1978      75      2192      7
921      928      1135      2058      66
2001      2022      17      2074      57
2023      2057      65      2150      7
2021      1964      79      2055      1
1984      1928      99      2109      46
1123      1197      833      2035      73
517      511      1583      2104      18
119      120      1951      2056      22
2019      2087      5      2033      35
622      639      1434      2022      47
1991      1996      13      1942      117
115      116      2020      2017      60
166      160      1849      2135      27
2059      1988      7      2030      64
2041      2022      39      2041      27
1891      1844      179      2001      41
1910      1965      110      2029      46
360      353      1759      2041      20
2047      2135      37      2135      9
1949      2060      39      2116      8
690      748      693      1449      714
2041      2081      22      2031      42
335      362      220      573      1522
2035      1988      84      2076      12
413      364      1633      2061      93
2117      2025      51      2083      39
924      1001      1089      1991      53
1956      1983      73      2117      40
1138      1179      889      2191      8
2088      2109      9      2138      4
2054      2059      13      2118      46
1923      1861      108      1992      95
2066      1994      20      2026      21
538      508      1508      2070      74
1873      1967      93      2021      67
2031      2089      56      2129      8
2041      1999      32      2150      25
2098      1997      11      2128      5
2053      2090      40      2101      15
2100      2091      4      2134      5
108      88      1874      1899      111
2046      1945      64      1964      34
2139      2136      12      2099      44
329      315      1705      1972      60
1153      1196      836      2060      108
1944      1981      185      2113      6
1783      1974      171      2117      29
397      394      1767      2050      77
1930      1964      72      1873      63
1989      2057      8      1925      82
890      916      1190      2129      6
2025      1930      51      2030      25
2081      1973      24      2101      23
584      597      1463      2198      3
1925      1943      83      2005      72
2151      2117      26      2075      12
2001      2047      52      2122      14
1916      1932      195      2107      15
524      528      801      1290      839
1929      1926      175      2090      5
2007      2079      45      2070      13
2022      2069      16      1995      83
2027      2100      23      2032      50
1924      1944      142      2070      46
1375      1391      711      2176      44
540      560      232      727      1345
582      562      1443      2027      72
1981      1990      13      1952      47
274      282      1842      2136      29
2039      1972      121      2059      13
1919      2015      29      2020      59
2041      2086      12      2102      23
2011      2085      5      2124      18
2033      2027      26      2074      47
2007      2012      67      2104      33
75      87      1886      1968      100
2036      1928      83      2064      37
1933      1939      103      2104      12
1900      1945      41      2022      48
2073      1941      20      2136      19
1847      1966      149      2081      40
169      162      1723      1902      186
1312      1356      755      1963      45
12      12      2000      2093      66
1979      2072      50      1983      35
1286      1266      96      1371      781
760      764      1303      1986      92
661      747      1443      2060      8
192      177      1801      2060      31
2035      2042      55      2074      10
2046      2000      12      2083      47
1172      1185      880      2035      21
2043      2128      29      2066      5
2041      2022      7      2023      17
2070      2117      18      2035      32
1884      1895      144      2138      6
2082      2012      27      2074      7
2050      2167      42      2131      21
2029      2101      38      2104      26
1974      2050      9      2102      38
1977      2054      25      2116      45
2010      2018      44      2015      36
1988      2043      32      2108      24
1040      1067      901      1927      152
2065      2036      20      2141      26
2020      2018      9      1982      55
1862      1956      141      2100      17
950      940      1107      2050      52
567      553      1538      2079      7
2074      2024      4      2084      38
325      286      1803      2052      30
1997      1975      40      2060      19
1950      2060      66      2109      37
1931      2063      52      2164      14
199      191      1778      1943      84
1971      2004      58      2182      24
954      956      1099      2087      13
2123      2019      11      2153      8
2008      2071      11      2056      77
1897      1976      129      2049      9
1240      1249      884      2023      20
1944      2055      80      2098      4
1997      2025      28      2064      15
971      944      973      2057      121
1400      1347      721      2039      12
2093      2031      26      2187      38
173      158      1832      2093      99
2018      2074      30      2049      19
1878      1801      218      2022      11
2018      2042      35      2029      26
2011      1894      13      2013      40
1913      2050      54      2116      73
1819      1816      234      2152      17
2023      2055      28      2087      42
120      103      1846      1991      141
1006      1001      1134      1967      26
2002      2021      45      2031      42
2122      2102      18      2064      9
2071      2083      6      2077      19
713      727      1444      2045      35
1839      1856      282      2086      11
1995      2006      30      2103      8
1944      1907      171      2147      39
2017      2026      8      2046      33
868      878      1223      2114      6
2031      2009      19      2013      59
2083      2016      35      2035      16
1993      1976      21      2044      100
1170      1061      852      1910      187
182      171      1896      2103      15
2020      2113      11      2033      27
2026      2064      22      2039      24
2023      1998      47      2101      5
1392      1464      721      2097      47
1910      1985      94      2072      26
2097      2119      66      2117      11
1806      1769      317      1993      32
2058      2069      99      2112      12
1969      1912      58      2072      82
2048      2049      4      2058      19
152      160      1961      2026      41
1899      1872      162      2143      47
1986      1949      146      2043      24
2007      1989      42      1972      56
1089      1143      958      1981      57
2002      1904      158      2080      5
2087      2174      33      2111      10
1961      1993      40      2044      13
2072      2146      9      2107      8
2040      1984      51      2069      22
1975      1909      155      2072      6
2089      2127      47      2116      16
2079      2085      30      2023      62
1946      2012      30      2054      25
2059      2084      11      2053      5
137      141      1980      2044      22
400      392      1658      1994      50
76      78      2015      2117      26
664      706      1324      2027      68
658      578      388      980      1104
1875      1915      75      2080      80
1067      1119      876      2034      88
2070      2020      24      2087      3
2046      2033      16      2151      10
170      187      1997      2175      15
267      260      1763      2040      69
1300      1310      681      1936      131
2037      2070      24      2047      30
2036      2097      15      2078      10
1398      1360      657      2038      45
664      621      1380      2082      42
339      304      1823      2114      13
2087      2033      5      2067      4
2012      2007      27      2052      43
2084      2023      15      2172      10
2070      2103      22      2038      7
2001      1943      50      1996      31
1327      1319      737      2000      20
2057      2105      33      2128      5
492      489      1522      2080      95
1945      2103      28      2054      36
2075      1991      23      2071      52
1963      2014      79      2160      19
2105      2039      35      2097      11
739      758      1275      1989      36
2033      2077      28      2042      15
1950      1987      46      2071      51
179      160      1840      2064      103
1049      1033      1035      2083      31
2085      1926      61      2051      31
2127      2011      36      2134      7
2059      2090      37      2077      4
698      697      296      995      1099
1979      2000      18      1979      39
361      367      1628      2156      47
1832      1931      144      2003      53
2100      2079      3      2116      27
114      124      1865      1882      166
122      119      2025      2094      9
1916      1959      141      2012      45
745      747      1306      2001      66
1948      1988      20      2046      47
2070      2110      16      2068      2
2007      2108      89      1970      15
473      501      1564      2100      31
363      366      1582      1902      145
2013      2122      15      2082      27
2035      2088      14      2083      32
2124      2119      2      2123      16
554      490      1462      2037      28
2054      2005      45      2116      22
1016      1048      1051      2131      29
2071      2037      52      2122      9
1993      1938      22      1880      88
1264      1263      880      2068      22
2086      2143      16      2051      11
2014      2068      53      2111      15
2041      2041      21      2110      45
990      969      1032      1949      137
1198      1174      705      1934      215
1858      1883      124      2092      53
2057      2044      12      2080      47
1986      1905      186      2056      10
108      93      794      964      1147
2085      2143      4      2096      5
127      118      1940      2110      21
1992      2007      1      1992      40
1889      1945      41      1954      97
2087      2025      26      1996      15
1771      1841      219      2096      19
2056      1883      61      2071      96
2026      2031      89      2058      10
2021      2003      73      2107      7
1950      1954      138      2079      11
1976      2046      124      2086      7
2025      2026      17      1971      19
2164      2021      38      2094      15
1993      1990      23      2159      5
163      141      1949      2045      9
2017      1966      21      2005      72
2021      1953      56      2025      8
1985      2014      91      2114      23
189      159      2003      2056      5
2045      2021      82      2069      23
2023      2049      23      2017      57
2088      2086      6      2025      18
1989      1974      59      1964      88
2004      2003      155      2055      5
2094      1894      38      2082      75
756      783      1330      2163      29
1989      2017      84      2058      15
2059      2021      13      1980      84
989      1008      990      1956      150
2032      2064      31      2059      26
2054      2072      20      2083      35
2092      2138      10      2090      19
847      889      1174      2122      24
1995      2074      9      2199      11
2043      2133      44      2068      20
2015      2064      4      1989      48
2092      2080      17      2078      11
1906      1959      107      2103      20
2073      2129      11      2089      21
1137      1152      915      1986      56
132      135      1943      2003      21
2024      1982      89      2109      21
893      881      1178      2005      24
2081      2024      12      1978      26
1967      1938      120      2070      13
1938      1927      172      2019      25
2040      2064      22      2180      15
387      345      1649      1968      132
2058      2030      15      2051      15
2064      2070      44      2078      29
2008      2021      22      2087      43
1825      1905      197      2055      14
823      777      1194      2115      68
2066      2087      8      2098      6
1992      2110      42      2046      61
406      361      1558      1921      96
2101      2077      11      2093      16
927      911      71      975      1118
760      808      1348      1985      39
2082      1976      41      1983      59
2024      1967      61      2109      20
2046      2036      38      2068      24
1993      2063      15      2026      40
1898      1867      205      2007      26
1981      1929      150      2101      28
355      430      1660      2005      43
366      414      1653      2010      54
582      587      1469      2018      12
487      481      1586      2068      12
1358      1371      700      2039      10
1974      1887      111      2025      75
2003      2093      70      2128      4
215      191      1948      2161      19
1024      1018      1033      2086      54
2036      1972      37      2090      41
817      800      1358      2127      26
2088      2030      25      2101      31
1201      1181      867      2091      46
1889      1921      59      2029      105
472      490      1626      2087      5
2049      2118      6      2034      5
1305      1319      664      1972      94
1114      1028      1018      2007      5
2050      2071      16      2179      16
1188      1149      925      2033      48
452      465      1541      2098      76
2019      2076      24      1912      27
2048      2015      17      2047      27
1828      1904      51      2072      100
725      765      1271      2075      64
1975      1964      90      2120      28
2043      1935      63      2025      61
387      385      1635      2041      95
2058      2104      5      2067      9
2121      2003      10      2071      6
546      512      1554      1962      82
2030      2096      66      2037      9
2024      2033      4      2012      59
303      307      1756      2133      45
2158      2101      6      2087      7
2086      1948      12      2071      59
582      560      1519      2141      22
2023      2003      48      2011      43
1445      1353      454      1863      247
1943      2009      143      2094      18
1960      1961      127      2108      8
1157      1161      820      1938      69
224      222      1822      2067      5
2137      2074      7      2026      8
574      606      1512      2070      4
124      141      1942      2024      39
2001      2092      15      2061      49
2073      2062      63      2068      10
2057      2122      10      2097      6
1365      1375      637      1990      51
2130      2134      5      2045      24
1952      1920      70      2053      8
1968      1914      77      2065      51
2061      2166      7      2045      16
1249      1252      814      2078      6
1182      1157      955      2133      8
2077      2130      40      2097      20
2046      2002      41      2045      8
444      479      1576      2023      55
2123      2033      42      2119      16
2002      2054      30      2107      19
2041      2002      41      2002      116
1979      1983      94      1968      18
2022      2084      43      2117      19
2094      1992      21      2048      65
1921      1963      161      2113      10
1952      1983      53      2001      61
2071      2026      14      1949      39
2091      1989      17      2232      25
1231      1232      862      2121      14
1330      1372      699      2141      24
2085      2069      58      2069      6
2022      1980      52      2053      26
721      793      317      1150      999
922      945      1029      1952      95
2083      2160      23      2100      5
2107      2136      45      2045      6
2065      2043      58      2052      18
105      106      1916      2001      90
316      311      1705      2059      59
2014      2097      12      2058      10
903      907      1107      2036      27
2134      2049      28      2013      5
92      58      1939      1888      61
2063      2029      52      2064      3
177      162      1934      2116      9
1305      1302      53      1386      722
2017      1948      51      2197      21
164      194      1942      2097      35
176      221      1821      1978      83
1405      1420      682      2027      47
2100      2071      22      2134      9
2020      2111      7      2120      28
581      534      1517      2073      15
1070      1173      201      1351      754
2140      2072      5      2046      7
1992      1950      75      2016      61
2052      2131      6      2076      7
2027      1912      11      1944      58
1934      1919      84      2071      9
2015      1975      47      2035      53
690      693      1326      2098      21
1961      2078      63      2050      69
2024      2049      50      2051      14
1371      1339      739      2171      20
2015      2080      60      2088      10
2067      2059      7      2148      30
2076      2031      57      2112      25
2094      2043      14      2047      8
863      886      1198      2087      18
2035      2076      18      2081      55
74      86      1989      2084      15
363      374      1650      2068      96
813      863      1193      2075      72
2051      1946      73      2076      19
2031      1918      17      2088      18
2131      2134      16      2099      13
2034      2117      9      2119      13
1870      1871      212      2111      40
2017      2015      77      2100      21
1912      2000      105      2076      4
2043      2103      43      2040      11
2087      2020      28      2052      92
2036      2028      56      2007      41
165      140      1936      2041      23
637      692      1362      2058      36
2052      2002      33      2063      60
1282      1313      797      2059      7
232      258      1793      2001      57
2119      2127      9      2055      5
102      101      1982      1985      63
2027      2088      28      2127      31
588      586      1484      2038      34
2091      2104      47      2128      4
2094      2124      4      2119      13
966      853      1128      2083      19
2041      1978      31      2075      37
556      538      1438      2096      71
1938      1954      40      2089      100
1810      1853      143      1973      55
1967      2144      6      2018      31
1192      1117      197      1316      758
2017      2053      56      2087      15
2183      2014      21      2084      4
121      145      617      754      1317
139      114      1981      2051      5
2030      2069      3      2064      4
2063      2066      6      2052      34
2052      2069      56      2143      17
1995      1944      58      2024      64
1860      1869      194      2128      24
2051      2032      33      2074      20
2184      2060      7      2110      11
2038      2005      37      2158      28
2021      1980      19      1923      57
2046      2015      39      2096      42
2082      2027      26      2028      32
2014      1984      9      2061      44
2084      2047      13      1991      27
1356      1245      735      2119      15
2082      1924      56      2113      11
457      457      1628      2071      4
2074      2110      6      2063      20
1978      2025      8      1961      70
131      107      1831      1891      149
2020      2118      17      2068      5
2114      2066      17      2085      23
2064      2022      41      2027      9
2008      1987      31      1979      31
952      870      1151      2041      11
1996      2059      70      2023      7
2047      2052      50      2133      5
2018      1971      66      2013      30
1920      1999      48      2119      29
326      309      1675      1993      26
723      774      1347      2117      11
2016      2049      67      2073      13
2034      2011      21      2048      14
1892      1960      63      2019      26
2025      2106      68      2065      7
1074      1086      1005      2113      14
2050      2046      13      2027      59
2032      1923      31      2000      15
2030      2096      12      2082      32
1256      1248      846      2104      4
1346      1328      797      2101      8
1320      1325      736      2030      23
2078      2059      3      2057      57
897      921      1174      2112      10
1445      1387      619      1961      104
888      878      1123      2044      48
2032      2053      18      2061      57
2122      2064      20      2078      16
2034      1991      62      1963      33
2024      2045      4      1996      25
1919      1850      159      2058      40
1992      2045      52      2049      14
359      333      1776      2000      35
2112      2049      2      2170      10
1786      1895      212      2083      71
1989      2002      53      2086      81
1369      1310      710      1964      68
2006      1951      36      2086      55
2104      2012      27      2129      19
1995      2099      32      2143      5
1883      1916      164      2060      37
1993      1955      104      2078      49
2068      2146      28      2096      4
2077      2065      44      2086      4
567      583      1513      2034      74
1935      2044      61      2101      5
2077      1997      32      2068      67
689      758      1265      2075      107
1909      1864      108      1948      118
2066      2011      33      2130      13
2067      2002      35      2039      11
2044      2088      27      2078      38
2122      2026      11      2009      27
1974      1884      95      2075      70
2061      2113      5      2085      19
1186      1197      880      2110      30
498      527      1538      2035      14
1324      1416      717      2092      4
1314      1353      764      2046      19
2066      2006      15      2095      7
2032      1945      2      2088      46
1955      1999      34      2077      61
109      91      1844      2018      128
910      923      1100      2004      68
2054      2040      76      2081      19
1943      2022      21      2012      76
1209      1193      862      2049      44
1962      2029      42      2085      13
2039      1984      55      2016      18
2078      2034      24      2039      5
1770      1840      137      1957      123
2052      2121      19      2050      6
2074      2021      45      2157      9
1962      1944      58      2023      43
1959      2026      131      2039      21
983      1038      1097      2023      8
2088      2063      3      2055      8
2103      2121      4      2070      18
2094      2131      6      2121      7
2038      1949      74      2038      44
1972      2003      105      2067      25
2008      1969      90      2161      8
1262      1277      783      2063      3
2057      2049      33      2055      16
2015      2124      39      2080      9
600      590      1454      2093      40
2055      2004      39      2108      45
613      642      1537      2101      24
2055      1994      26      2077      39
2116      2106      28      2044      3
1923      2017      118      2108      4
2063      2092      3      2144      15
2030      1984      12      2043      57
1188      1137      859      2023      59
696      723      1382      2057      19
724      714      1273      2024      93
1687      1701      340      2094      54
1989      2048      60      2049      25
916      924      1127      2049      24
2052      2075      60      2076      13
2036      2030      39      2093      3
1367      1375      675      2047      71
457      425      1638      2097      12
2023      1984      23      2099      87
2027      2064      29      2015      3
2018      1922      50      1948      18
72      95      1991      2059      13
2027      2001      13      2031      58
2066      2064      51      2147      44
1198      1144      916      1927      22
2011      2077      21      2062      35
2038      1933      28      2043      35
2017      2043      15      2120      15
2041      2024      3      2066      99
2071      1985      45      2058      14
557      558      1536      2087      5
2082      2032      7      2070      30
2072      1952      126      2136      16
2079      2048      15      1938      9
2105      2036      4      2083      13
2128      1919      12      1906      87
2078      2080      8      2132      14
1969      1988      21      1904      79
2085      2010      26      2106      7
2096      1986      50      2104      30
2094      2112      22      2092      4
2068      2144      16      2123      13
370      386      1640      2061      18
1350      1347      706      2020      14
1972      2081      31      1917      37
704      763      429      1168      896
325      370      1669      2045      49
1180      1177      872      2109      15
1801      1941      194      2078      17
2020      2018      77      2041      12
2002      2077      47      2088      9
2053      1991      8      2000      60
1923      1963      102      2149      8
2127      1999      5      1996      17
1356      1316      670      2007      54
1941      2027      29      2097      34
2071      2086      11      2104      25
108      121      1949      2115      17
1919      2080      25      1998      36
1169      1191      896      2105      23
2081      2138      7      2062      9
1928      1889      214      2109      8
1860      1853      184      2045      47
496      537      1462      2056      36
1857      1937      11      1966      118
2151      2017      30      2071      1
282      273      810      1146      978
1987      2065      42      2068      16
